1 A -340.655684934 0
1 C -339.439296881 0
1 D -342.256228647 0
1 E -342.317353559 1
1 F -341.73126222 0
1 G -341.501945845 0
1 H -342.372656032 0
1 I -340.733036992 0
1 K -343.105806218 0
1 L -342.453144111 0
1 M -341.319346913 0
1 N -340.946205332 0
1 P -344.004907564 0
1 Q -341.207411453 0
1 R -345.393579872 0
1 S -341.997583219 0
1 T -340.791411455 0
1 V -339.985188521 0
1 W -343.52831162 0
1 Y -342.883904267 0
2 A -348.828988181 1
2 C -348.828988181 1
2 D -348.828988181 1
2 E -348.828988181 1
2 F -348.828988181 1
2 G -348.828988181 1
2 H -348.828988181 1
2 I -348.828988181 1
2 K -348.828988181 1
2 L -348.828988181 1
2 M -348.828988181 1
2 N -348.828988181 1
2 P -348.828988181 1
2 Q -348.828988181 1
2 R -348.828988181 1
2 S -348.828988181 1
2 T -348.828988181 1
2 V -348.828988181 1
2 W -348.828988181 1
2 Y -348.828988181 1
3 A -345.279261425 0
3 C -343.08081922 0
3 D -341.281397767 0
3 E -343.753490398 0
3 F -345.824620024 0
3 G -341.485403106 0
3 H -344.560546827 0
3 I -340.439376098 0
3 K -351.024590327 0
3 L -342.991189182 0
3 M -344.948299939 0
3 N -342.610124258 0
3 P -267.458525647 0
3 Q -343.269305537 0
3 R -357.382292671 0
3 S -344.975441178 1
3 T -342.882903854 0
3 V -342.524750986 0
3 W -352.479384947 0
3 Y -355.918216397 0
4 A -346.54131232 0
4 C -346.047854366 0
4 D -344.191405853 0
4 E -346.402486427 0
4 F -354.152902901 0
4 G -340.451957492 0
4 H -347.981033129 0
4 I -350.621531022 0
4 K -354.597263987 0
4 L -350.284215726 0
4 M -350.43821807 0
4 N -345.531452738 0
4 P -301.323777212 0
4 Q -346.451485814 0
4 R -357.821822217 0
4 S -345.896799305 0
4 T -348.598904311 0
4 V -349.648632926 1
4 W -354.058432464 0
4 Y -357.233801529 0
5 A -338.713304517 0
5 C -338.431990415 0
5 D -341.650076209 1
5 E -342.032054349 0
5 F -341.228869546 0
5 G -336.46588866 0
5 H -342.323783495 0
5 I -342.783371818 0
5 K -340.569743426 0
5 L -341.709953415 0
5 M -341.109729924 0
5 N -341.882669813 0
5 P -335.392941602 0
5 Q -340.470604709 0
5 R -345.128685669 0
5 S -340.374177616 0
5 T -340.28781189 0
5 V -342.4043729 0
5 W -342.764996675 0
5 Y -348.088031191 0
6 A -340.922026282 0
6 C -341.557044511 0
6 D -337.513767815 0
6 E -341.572207815 0
6 F -338.213887031 0
6 G -334.335290813 0
6 H -339.16882897 0
6 I -349.499033942 1
6 K -339.886536401 0
6 L -346.678494367 0
6 M -348.504334149 0
6 N -340.742771397 0
6 P -302.005744056 0
6 Q -343.756954497 0
6 R -345.673508753 0
6 S -340.664090307 0
6 T -343.075173074 0
6 V -347.268825833 0
6 W -324.670674399 0
6 Y -335.546354962 0
7 A -343.035307309 0
7 C -342.274964039 0
7 D -340.108942083 0
7 E -344.386083555 0
7 F -346.962270286 0
7 G -345.252383429 0
7 H -342.810951794 0
7 I -341.074438196 0
7 K -352.944634 0
7 L -344.76580081 0
7 M -347.581734086 0
7 N -341.210707222 0
7 P -323.387161138 0
7 Q -342.805828359 1
7 R -353.135481559 0
7 S -341.989238735 0
7 T -342.877606492 0
7 V -340.526471932 0
7 W -350.66342577 0
7 Y -355.154517009 0
8 A -358.919617216 0
8 C -355.608363099 0
8 D -351.644688513 0
8 E -344.717483171 0
8 F -345.85615488 0
8 G -353.943122648 1
8 H -349.315840308 0
8 I -345.251861068 0
8 K -342.385047064 0
8 L -349.522783194 0
8 M -353.372577553 0
8 N -353.058160117 0
8 P -314.219136173 0
8 Q -352.979671562 0
8 R -338.11668838 0
8 S -356.963902979 0
8 T -356.622896293 0
8 V -360.570033047 0
8 W -308.502048928 0
8 Y -345.565559351 0
9 A -337.789375598 0
9 C -337.369322129 0
9 D -343.958357095 0
9 E -338.58604043 0
9 F -343.504134896 0
9 G -344.089952242 0
9 H -342.692013343 0
9 I -336.960879935 0
9 K -343.158056855 0
9 L -339.909328429 0
9 M -342.113394415 0
9 N -345.551335831 1
9 P -314.420661103 0
9 Q -339.23968485 0
9 R -343.946657895 0
9 S -341.666315737 0
9 T -341.851460709 0
9 V -338.323979393 0
9 W -343.522414959 0
9 Y -346.0558176 0
10 A -333.147319021 0
10 C -331.128975763 0
10 D -342.066386922 1
10 E -336.120270874 0
10 F -331.817368526 0
10 G -330.881274588 0
10 H -334.590080176 0
10 I -330.381183318 0
10 K -335.558530423 0
10 L -331.159663232 0
10 M -331.784303656 0
10 N -335.058379665 0
10 P -324.685790415 0
10 Q -333.961712692 0
10 R -336.26635115 0
10 S -334.049378941 0
10 T -331.975424847 0
10 V -330.316666896 0
10 W -336.87357309 0
10 Y -335.701218004 0
11 A -338.960328875 0
11 C -336.940544762 0
11 D -340.083360915 0
11 E -341.972295652 0
11 F -342.199876806 0
11 G -340.223303334 0
11 H -343.674462074 0
11 I -335.585237999 0
11 K -343.709514831 0
11 L -341.239826666 0
11 M -341.72593669 0
11 N -340.664725955 0
11 P -305.570794459 0
11 Q -342.055952232 1
11 R -347.785673078 0
11 S -338.989145071 0
11 T -339.461357701 0
11 V -335.769717064 0
11 W -344.944742472 0
11 Y -345.90852187 0
12 A -344.535227669 0
12 C -343.177323059 0
12 D -341.152370154 0
12 E -345.210841004 0
12 F -344.569794061 0
12 G -343.170809404 0
12 H -339.225082644 0
12 I -327.659826566 0
12 K -352.252139911 0
12 L -339.03820624 0
12 M -345.286457022 1
12 N -343.764468715 0
12 P -286.970224264 0
12 Q -346.605526287 0
12 R -352.779112732 0
12 S -342.973779537 0
12 T -340.951863059 0
12 V -334.739112551 0
12 W -342.685698953 0
12 Y -343.74349041 0
13 A -339.443478713 0
13 C -339.174968786 0
13 D -338.21079508 0
13 E -341.860828507 0
13 F -340.637011752 0
13 G -336.905648962 0
13 H -340.401194797 0
13 I -339.497694778 0
13 K -341.082406533 0
13 L -341.955955302 0
13 M -340.560753275 0
13 N -338.710874561 0
13 P -305.210107893 0
13 Q -341.923417721 1
13 R -346.793841887 0
13 S -338.693017697 0
13 T -340.198080616 0
13 V -339.345194823 0
13 W -342.572864451 0
13 Y -342.451755524 0
14 A -334.765497635 0
14 C -334.622541163 0
14 D -335.53203598 0
14 E -335.555126625 0
14 F -348.242757293 1
14 G -329.589333034 0
14 H -338.368442883 0
14 I -337.14709334 0
14 K -341.995515352 0
14 L -340.751438407 0
14 M -343.263047912 0
14 N -336.820027698 0
14 P -334.677793581 0
14 Q -335.545815079 0
14 R -349.221606557 0
14 S -334.588164483 0
14 T -337.449904185 0
14 V -335.319696375 0
14 W -352.21830273 0
14 Y -356.868659563 0
15 A -340.335690289 0
15 C -339.720537132 0
15 D -346.452110595 0
15 E -340.858475865 0
15 F -340.480225205 0
15 G -336.711076781 0
15 H -343.224732284 0
15 I -340.776464534 0
15 K -341.762500509 0
15 L -341.158401981 0
15 M -342.494115276 0
15 N -344.701140495 1
15 P -313.747051765 0
15 Q -340.50393873 0
15 R -341.2524756 0
15 S -343.506081837 0
15 T -344.090103827 0
15 V -340.80526411 0
15 W -340.906977043 0
15 Y -341.251779483 0
16 A -339.62637552 0
16 C -338.607728222 0
16 D -337.960821345 0
16 E -338.603991253 0
16 F -337.942244282 0
16 G -336.169503663 0
16 H -339.476384005 0
16 I -341.795790679 0
16 K -340.868344033 0
16 L -340.689744702 0
16 M -341.980042291 0
16 N -338.973988635 0
16 P -294.891357487 0
16 Q -337.817169761 0
16 R -347.234394333 0
16 S -341.102043831 0
16 T -343.596049451 1
16 V -340.635629058 0
16 W -340.801426013 0
16 Y -344.458229916 0
17 A -340.609873897 0
17 C -339.342614541 0
17 D -344.030117035 0
17 E -342.285617588 0
17 F -344.850358771 0
17 G -340.339199926 0
17 H -344.125950379 0
17 I -342.376546719 0
17 K -346.128394082 0
17 L -342.535618777 0
17 M -343.439378406 0
17 N -343.500971515 1
17 P -331.096381246 0
17 Q -341.305662533 0
17 R -346.808869611 0
17 S -342.997486137 0
17 T -343.558046145 0
17 V -342.491883005 0
17 W -345.973170175 0
17 Y -346.031968779 0
18 A -343.84238497 1
18 C -343.024882703 0
18 D -343.754137216 0
18 E -345.403500495 0
18 F -344.286958321 0
18 G -341.285102592 0
18 H -345.55137761 0
18 I -344.38016071 0
18 K -349.753480646 0
18 L -345.169869932 0
18 M -343.563857629 0
18 N -344.180301591 0
18 P -297.785369088 0
18 Q -342.720643925 0
18 R -348.700129672 0
18 S -345.121556263 0
18 T -343.277487517 0
18 V -344.11571109 0
18 W -347.827896577 0
18 Y -346.241493422 0
19 A -337.078193425 0
19 C -337.8961111 0
19 D -337.576991826 0
19 E -343.343961493 0
19 F -343.200204041 0
19 G -329.177496154 0
19 H -344.416255732 0
19 I -348.469332315 1
19 K -343.107777956 0
19 L -344.725330176 0
19 M -347.54319721 0
19 N -338.759137435 0
19 P -294.152105594 0
19 Q -342.751318122 0
19 R -349.538787213 0
19 S -337.562174001 0
19 T -341.213369879 0
19 V -345.15873147 0
19 W -344.457207724 0
19 Y -344.841546537 0
20 A -342.797575883 0
20 C -342.618403491 0
20 D -343.863764626 0
20 E -345.500110951 0
20 F -346.742240741 0
20 G -340.884856889 0
20 H -345.023885694 0
20 I -348.169843283 0
20 K -348.470114001 0
20 L -347.282933565 0
20 M -345.789391234 0
20 N -343.858473186 0
20 P -334.487104967 0
20 Q -343.934061785 0
20 R -354.338141778 0
20 S -343.866314637 0
20 T -345.388698747 1
20 V -347.122655269 0
20 W -356.391964102 0
20 Y -356.100718751 0
21 A -342.738936523 0
21 C -346.115847028 0
21 D -342.065906407 0
21 E -344.296698236 0
21 F -339.980387717 0
21 G -335.487756653 0
21 H -339.924142645 0
21 I -350.017849543 0
21 K -336.257652242 0
21 L -349.503730763 0
21 M -346.761572006 0
21 N -342.354990396 0
21 P -308.12286377 0
21 Q -341.221997731 0
21 R -341.738234474 0
21 S -341.954200789 0
21 T -346.811234796 0
21 V -353.340419216 1
21 W -334.964776673 0
21 Y -339.734822157 0
22 A -346.435988465 0
22 C -344.724353708 0
22 D -350.347581465 1
22 E -348.363532106 0
22 F -349.642998521 0
22 G -347.616474547 0
22 H -347.377943161 0
22 I -347.869970808 0
22 K -350.386924173 0
22 L -347.8303638 0
22 M -350.645934179 0
22 N -348.630951302 0
22 P -348.215319528 0
22 Q -346.005663399 0
22 R -350.425094371 0
22 S -346.913274087 0
22 T -346.458586309 0
22 V -347.898190385 0
22 W -351.624368081 0
22 Y -349.428737959 0
23 A -349.800019342 0
23 C -348.127974948 0
23 D -347.186933119 0
23 E -347.07316743 0
23 F -348.662131194 0
23 G -350.310201688 0
23 H -348.280202788 0
23 I -348.687000038 0
23 K -352.15747329 1
23 L -350.304083663 0
23 M -350.156103728 0
23 N -347.543927478 0
23 P -306.555129087 0
23 Q -347.726854655 0
23 R -352.423491415 0
23 S -349.864974512 0
23 T -348.015396428 0
23 V -348.57853184 0
23 W -350.157820652 0
23 Y -347.73216014 0
24 A -345.623033333 0
24 C -344.445678827 0
24 D -344.69005327 0
24 E -345.531012123 0
24 F -344.524154857 0
24 G -347.447209641 0
24 H -346.672008762 0
24 I -344.511059485 0
24 K -350.264128069 0
24 L -345.864336489 0
24 M -346.044069134 0
24 N -346.801937828 0
24 P -327.666824185 0
24 Q -345.151234988 0
24 R -356.689519873 0
24 S -347.318930149 1
24 T -344.945340957 0
24 V -344.160149523 0
24 W -348.68701734 0
24 Y -347.099315395 0
25 A -352.104255782 1
25 C -352.104255782 1
25 D -352.104255782 1
25 E -352.104255782 1
25 F -352.104255782 1
25 G -351.737273002 1
25 H -351.737273002 1
25 I -352.062144243 1
25 K -351.726219916 1
25 L -351.726219916 1
25 M -352.104255782 1
25 N -352.104255782 1
25 P -351.737273002 1
25 Q -352.087738985 1
25 R -351.726219916 1
25 S -352.104255782 1
25 T -351.737273002 1
25 V -352.104255782 1
25 W -352.104255782 1
25 Y -352.104255782 1
26 A -343.179872496 0
26 C -340.585490667 0
26 D -344.953787355 0
26 E -348.524602135 0
26 F -345.056876982 0
26 G -345.703484553 0
26 H -348.147280035 0
26 I -342.803129309 0
26 K -348.452585383 1
26 L -344.624251376 0
26 M -346.477044957 0
26 N -343.450780806 0
26 P -340.794527979 0
26 Q -346.695485255 0
26 R -352.671681539 0
26 S -344.709150488 0
26 T -344.087469139 0
26 V -343.070887948 0
26 W -345.793915044 0
26 Y -345.598549411 0
27 A -347.490818873 0
27 C -345.167089615 0
27 D -346.995706955 0
27 E -347.486862846 0
27 F -350.548886645 0
27 G -347.310780357 0
27 H -347.380963698 0
27 I -346.737235225 0
27 K -350.414704362 0
27 L -346.032873177 0
27 M -349.519543639 0
27 N -346.465772951 0
27 P -307.392245659 0
27 Q -348.40651903 1
27 R -351.213160641 0
27 S -348.195386305 0
27 T -347.89030381 0
27 V -347.614675825 0
27 W -350.246186844 0
27 Y -351.068551872 0
28 A -341.221569287 0
28 C -341.070724195 0
28 D -341.342176457 0
28 E -340.505454352 0
28 F -353.080339142 1
28 G -334.795696297 0
28 H -348.124697546 0
28 I -346.055380674 0
28 K -340.977921225 0
28 L -345.474877547 0
28 M -345.107591094 0
28 N -342.339380704 0
28 P -301.372477526 0
28 Q -341.351028605 0
28 R -339.651151554 0
28 S -340.976124571 0
28 T -343.282373737 0
28 V -346.469911799 0
28 W -347.440765451 0
28 Y -353.08658842 0
29 A -345.172215487 0
29 C -344.605843218 0
29 D -342.270084059 0
29 E -345.042049668 0
29 F -348.59409936 0
29 G -343.586921301 0
29 H -340.33962478 0
29 I -348.088396627 0
29 K -350.858086575 0
29 L -348.036138408 0
29 M -350.687797248 0
29 N -345.182547439 0
29 P -310.748462348 0
29 Q -346.771828163 0
29 R -359.699413478 0
29 S -345.065220516 0
29 T -347.462027501 1
29 V -348.227806243 0
29 W -348.825479666 0
29 Y -353.51432942 0
30 A -346.958901767 0
30 C -347.794722486 0
30 D -346.19831486 0
30 E -343.701530523 0
30 F -351.593220983 0
30 G -337.78737159 0
30 H -349.420376872 0
30 I -353.206789147 0
30 K -338.145737999 0
30 L -348.908543824 0
30 M -350.316682042 0
30 N -348.616423714 0
30 P -319.693245719 0
30 Q -346.218784297 0
30 R -344.150113818 0
30 S -346.618266535 0
30 T -349.858552477 0
30 V -354.947703078 1
30 W -351.940051609 0
30 Y -353.701826099 0
31 A -341.036501942 0
31 C -339.311236296 0
31 D -342.297770631 0
31 E -345.188564493 0
31 F -347.987591181 0
31 G -338.917145875 0
31 H -347.181187463 0
31 I -344.43526898 0
31 K -346.497448043 0
31 L -343.537049685 0
31 M -346.413304038 0
31 N -344.399121405 1
31 P -309.173810771 0
31 Q -345.817005577 0
31 R -348.867525655 0
31 S -342.087357043 0
31 T -341.081901709 0
31 V -343.625091561 0
31 W -347.158078577 0
31 Y -347.782900145 0
32 A -342.462755717 0
32 C -342.408374245 0
32 D -339.691227823 0
32 E -342.030808131 0
32 F -351.270971803 0
32 G -334.193046351 0
32 H -347.523913499 0
32 I -348.0768897 0
32 K -342.46506975 0
32 L -351.871618427 1
32 M -347.007572202 0
32 N -341.905163474 0
32 P -313.262551622 0
32 Q -343.815635615 0
32 R -344.526584148 0
32 S -342.28049414 0
32 T -343.933146072 0
32 V -347.152540139 0
32 W -347.872729303 0
32 Y -351.563207957 0
33 A -345.906938266 0
33 C -344.798859408 0
33 D -344.056191036 0
33 E -347.212292865 0
33 F -351.066326711 0
33 G -345.853509549 0
33 H -347.141914284 0
33 I -348.355112599 0
33 K -349.274660734 0
33 L -348.102394167 0
33 M -349.903119725 0
33 N -344.911056784 0
33 P -311.219636145 0
33 Q -346.788235902 0
33 R -349.352472786 0
33 S -346.409274155 1
33 T -347.6425762 0
33 V -348.715581219 0
33 W -351.013084144 0
33 Y -352.488338122 0
34 A -344.435811451 0
34 C -343.808725454 0
34 D -346.272825219 0
34 E -336.434588959 0
34 F -345.412167879 0
34 G -331.042525908 0
34 H -351.004532903 1
34 I -348.094811625 0
34 K -338.787514468 0
34 L -337.644255669 0
34 M -346.624367265 0
34 N -350.310131669 0
34 P -290.844868748 0
34 Q -339.580124645 0
34 R -348.736465691 0
34 S -344.275640492 0
34 T -344.907617926 0
34 V -349.376074643 0
34 W -317.502364859 0
34 Y -344.393188908 0
35 A -341.451863709 0
35 C -341.124710502 0
35 D -343.563386889 0
35 E -343.235444405 0
35 F -336.928285198 0
35 G -341.640036839 0
35 H -344.206757556 0
35 I -343.513696949 0
35 K -345.058706746 0
35 L -343.075264957 0
35 M -342.477961932 0
35 N -344.015904061 0
35 P -344.906612511 1
35 Q -343.394267905 0
35 R -348.119829778 0
35 S -343.309200718 0
35 T -344.012429994 0
35 V -342.699604108 0
35 W -340.443396218 0
35 Y -346.39644427 0
36 A -331.352322473 0
36 C -322.199949063 0
36 D -320.421946781 0
36 E -310.159340548 0
36 F -318.195858708 0
36 G -344.409336384 1
36 H -311.728593708 0
36 I -295.992787553 0
36 K -294.852115397 0
36 L -315.877095257 0
36 M -312.7525962 0
36 N -321.452001858 0
36 P -297.372965839 0
36 Q -311.52769472 0
36 R -319.858175791 0
36 S -325.994353106 0
36 T -318.293873773 0
36 V -312.536010338 0
36 W -293.27141735 0
36 Y -314.883551888 0
37 A -336.221633096 0
37 C -335.901176529 0
37 D -337.935389703 0
37 E -338.765075195 0
37 F -345.033279168 0
37 G -342.72545741 0
37 H -338.950581668 0
37 I -337.817940353 0
37 K -345.555467638 0
37 L -338.968293741 0
37 M -339.733547952 0
37 N -338.157213177 1
37 P -326.549049287 0
37 Q -337.977342836 0
37 R -345.237006224 0
37 S -337.968560541 0
37 T -338.780963727 0
37 V -338.037515536 0
37 W -344.654330805 0
37 Y -344.835134574 0
38 A -336.106354151 0
38 C -334.321076194 0
38 D -334.805268056 0
38 E -336.783332607 0
38 F -340.097511929 0
38 G -333.597091493 0
38 H -336.666524839 0
38 I -333.636377247 0
38 K -344.01368567 0
38 L -340.313188387 1
38 M -340.744491914 0
38 N -336.1374867 0
38 P -315.962757245 0
38 Q -336.563565655 0
38 R -347.016814865 0
38 S -335.490505063 0
38 T -333.201862115 0
38 V -333.048755447 0
38 W -345.702937193 0
38 Y -345.66390689 0
39 A -337.073655972 0
39 C -334.362573414 0
39 D -339.552818627 0
39 E -338.321660418 0
39 F -337.777094653 0
39 G -340.353237834 0
39 H -337.144125913 0
39 I -334.764022519 0
39 K -341.386905663 0
39 L -337.563546175 0
39 M -339.045614263 0
39 N -337.032001209 0
39 P -342.126268398 1
39 Q -336.074938465 0
39 R -342.216070165 0
39 S -338.675933973 0
39 T -337.978518349 0
39 V -335.524599901 0
39 W -339.123882154 0
39 Y -339.743094986 0
40 A -342.25282127 0
40 C -339.605181805 0
40 D -342.013772607 0
40 E -343.518587941 0
40 F -341.445776974 0
40 G -339.805057366 0
40 H -343.494355822 0
40 I -343.882534258 0
40 K -347.536548614 1
40 L -343.924822469 0
40 M -343.259250845 0
40 N -340.887850697 0
40 P -342.138129589 0
40 Q -342.033034688 0
40 R -350.340546328 0
40 S -341.883192394 0
40 T -343.694047376 0
40 V -343.520777495 0
40 W -339.945445769 0
40 Y -344.63897278 0
41 A -340.926859693 0
41 C -338.844914586 0
41 D -342.324563904 0
41 E -343.783878117 0
41 F -344.406612656 0
41 G -341.742231931 0
41 H -343.966155052 0
41 I -338.227673979 0
41 K -345.290119136 0
41 L -340.32614869 0
41 M -342.14706419 0
41 N -341.771390162 1
41 P -327.760608966 0
41 Q -342.082663459 0
41 R -344.589939565 0
41 S -342.366400969 0
41 T -337.786698087 0
41 V -338.225316025 0
41 W -345.596884696 0
41 Y -344.458040184 0
42 A -336.959449277 0
42 C -335.691674282 0
42 D -337.459402474 0
42 E -338.982293495 0
42 F -336.614992883 0
42 G -333.699093158 0
42 H -336.897822063 0
42 I -340.551661036 0
42 K -339.524321801 0
42 L -339.518328989 0
42 M -337.869512767 0
42 N -337.080366527 0
42 P -293.51970112 0
42 Q -337.806669159 0
42 R -344.096199026 0
42 S -336.409860208 0
42 T -338.745668954 0
42 V -340.834632379 1
42 W -339.101377707 0
42 Y -341.607503146 0
43 A -346.019122664 0
43 C -342.687446588 0
43 D -340.931963561 0
43 E -339.900223123 0
43 F -338.995751187 0
43 G -340.825789533 0
43 H -339.312631758 0
43 I -338.471683594 0
43 K -347.833539464 0
43 L -337.956876791 0
43 M -347.077826094 1
43 N -343.314754657 0
43 P -267.88756286 0
43 Q -345.241959148 0
43 R -357.754514671 0
43 S -342.393073252 0
43 T -341.900095562 0
43 V -338.634209725 0
43 W -344.337068494 0
43 Y -346.65709876 0
44 A -343.81311056 0
44 C -326.002957457 0
44 D -320.501667291 0
44 E -320.726408619 0
44 F -297.515059291 0
44 G -352.952764565 1
44 H -295.851065139 0
44 I -296.55767112 0
44 K -315.234779418 0
44 L -302.624999859 0
44 M -320.541579442 0
44 N -323.411554231 0
44 P -333.81314856 0
44 Q -323.517170392 0
44 R -326.098482696 0
44 S -335.950163461 0
44 T -325.058505147 0
44 V -314.606477822 0
44 W -292.541743863 0
44 Y -300.636908205 0
45 A -350.334210802 0
45 C -349.908817498 0
45 D -346.043922512 0
45 E -346.445758717 0
45 F -354.988497303 0
45 G -347.548292013 0
45 H -353.340834835 1
45 I -355.536543409 0
45 K -345.654402928 0
45 L -350.195873326 0
45 M -352.735677683 0
45 N -350.59767302 0
45 P -307.652439727 0
45 Q -349.786928755 0
45 R -347.735450748 0
45 S -349.819530101 0
45 T -351.533518616 0
45 V -354.606800256 0
45 W -333.228695249 0
45 Y -349.032150507 0
46 A -351.65337503 0
46 C -351.817170698 0
46 D -352.514265785 0
46 E -348.16232216 0
46 F -342.052579598 0
46 G -346.840442139 0
46 H -342.046367884 0
46 I -345.928305865 0
46 K -347.721202178 0
46 L -352.924257766 0
46 M -352.983570412 0
46 N -357.899855142 1
46 P -333.582021109 0
46 Q -350.086669655 0
46 R -350.890871229 0
46 S -352.720997514 0
46 T -351.875414684 0
46 V -351.394972444 0
46 W -323.891172401 0
46 Y -332.879720108 0
47 A -345.675300838 0
47 C -345.616454423 0
47 D -347.488097227 0
47 E -346.160202888 0
47 F -355.847264053 0
47 G -338.22542915 0
47 H -349.931256827 0
47 I -349.468143885 0
47 K -349.187253934 0
47 L -352.382356478 0
47 M -349.530485526 0
47 N -348.24160809 0
47 P -311.58446479 0
47 Q -345.963139342 0
47 R -358.844758813 0
47 S -347.081906701 0
47 T -346.917479114 0
47 V -351.138816754 0
47 W -362.770521677 1
47 Y -358.275487883 0
48 A -344.749589437 0
48 C -345.584382625 0
48 D -340.585583521 0
48 E -339.486399776 0
48 F -334.21499752 0
48 G -338.137919417 0
48 H -337.115634714 0
48 I -349.119762448 0
48 K -339.957371332 0
48 L -345.957898622 0
48 M -337.247921003 0
48 N -344.867433039 0
48 P -287.500768455 0
48 Q -338.239333924 0
48 R -349.54131329 0
48 S -343.515998268 0
48 T -348.130119842 0
48 V -353.055553894 1
48 W -331.56219131 0
48 Y -347.289464196 0
49 A -347.701102454 0
49 C -348.233821267 0
49 D -343.24438571 0
49 E -347.725294931 0
49 F -351.798398675 0
49 G -338.355457555 0
49 H -349.213706112 0
49 I -348.747510069 0
49 K -340.814766145 0
49 L -358.358895928 1
49 M -354.019902013 0
49 N -348.195288346 0
49 P -307.424856688 0
49 Q -349.939196592 0
49 R -347.824466063 0
49 S -347.342230039 0
49 T -346.997578407 0
49 V -350.745229947 0
49 W -333.056874404 0
49 Y -352.000271632 0
50 A -346.733095845 0
50 C -344.548284641 0
50 D -338.154552528 0
50 E -326.901355868 0
50 F -308.021599939 0
50 G -347.648805212 0
50 H -318.08932546 0
50 I -328.395436869 0
50 K -309.566679462 0
50 L -329.024097427 0
50 M -321.050223821 0
50 N -339.206562313 0
50 P -305.52705109 0
50 Q -327.77548259 0
50 R -318.655584053 0
50 S -347.275890374 1
50 T -347.760337084 0
50 V -339.817780139 0
50 W -295.801907423 0
50 Y -316.178218806 0
51 A -346.548822376 0
51 C -344.984478391 0
51 D -344.078063538 0
51 E -346.269249407 0
51 F -347.943899839 0
51 G -343.711721214 0
51 H -346.497505995 0
51 I -346.112212992 0
51 K -350.434023432 0
51 L -347.490405725 0
51 M -346.850531079 0
51 N -345.575193801 0
51 P -346.197323716 0
51 Q -344.665621249 0
51 R -355.510641535 0
51 S -348.410933429 0
51 T -348.251409194 1
51 V -345.63310699 0
51 W -351.07497886 0
51 Y -350.387667045 0
52 A -344.470033275 1
52 C -340.103809326 0
52 D -340.778983735 0
52 E -342.954290398 0
52 F -344.122768346 0
52 G -339.257678027 0
52 H -343.639327559 0
52 I -342.660156574 0
52 K -347.865524262 0
52 L -342.99545377 0
52 M -344.991628166 0
52 N -341.524770109 0
52 P -289.661288713 0
52 Q -341.962006874 0
52 R -349.74649513 0
52 S -344.628683713 0
52 T -340.911488744 0
52 V -343.031392354 0
52 W -348.669017435 0
52 Y -346.231654386 0
53 A -340.265243004 1
53 C -336.317438106 0
53 D -340.952760553 0
53 E -343.835973142 0
53 F -339.848776441 0
53 G -338.619141357 0
53 H -339.425799097 0
53 I -339.177955662 0
53 K -342.779752284 0
53 L -340.468848177 0
53 M -339.532032915 0
53 N -339.807652247 0
53 P -331.802924795 0
53 Q -341.286346998 0
53 R -350.49895316 0
53 S -340.418699305 0
53 T -339.630354415 0
53 V -339.182685271 0
53 W -343.07232328 0
53 Y -342.308775268 0
54 A -343.647573608 0
54 C -341.436958896 0
54 D -345.087192349 1
54 E -344.643951166 0
54 F -344.731415636 0
54 G -340.031800855 0
54 H -344.773755738 0
54 I -335.831941034 0
54 K -345.962334817 0
54 L -344.727070671 0
54 M -344.253479217 0
54 N -345.133267614 0
54 P -325.129857427 0
54 Q -343.655879077 0
54 R -347.619138411 0
54 S -343.00858172 0
54 T -341.955783428 0
54 V -340.261535164 0
54 W -349.77146122 0
54 Y -347.391871407 0
55 A -342.982070761 0
55 C -341.783918988 0
55 D -339.274186292 0
55 E -343.459331339 0
55 F -344.725654565 0
55 G -340.426657987 0
55 H -342.947740583 0
55 I -342.209243371 0
55 K -345.95823706 0
55 L -346.945655093 0
55 M -345.792177024 1
55 N -339.582685286 0
55 P -290.448068532 0
55 Q -343.689720044 0
55 R -349.849542801 0
55 S -341.489811673 0
55 T -342.677437874 0
55 V -345.226484051 0
55 W -345.841368462 0
55 Y -347.797965452 0
56 A -346.618563051 0
56 C -343.58643244 0
56 D -348.222776579 0
56 E -348.464849373 0
56 F -345.107634508 0
56 G -346.406932457 0
56 H -346.384701097 0
56 I -346.378701731 0
56 K -348.860454931 0
56 L -347.656379824 0
56 M -346.892844755 0
56 N -346.817734472 0
56 P -332.925070695 0
56 Q -345.894960796 1
56 R -348.975579431 0
56 S -347.066151075 0
56 T -346.323551997 0
56 V -346.370795559 0
56 W -347.247319399 0
56 Y -345.994591599 0
57 A -346.1661988 0
57 C -339.343912528 0
57 D -342.299798985 0
57 E -347.227828583 0
57 F -344.615576142 0
57 G -346.450625797 1
57 H -341.724127951 0
57 I -344.036297742 0
57 K -347.135749438 0
57 L -343.200911727 0
57 M -341.524212747 0
57 N -340.811920887 0
57 P -328.923690812 0
57 Q -343.703324523 0
57 R -347.742390198 0
57 S -341.432590845 0
57 T -340.007456435 0
57 V -343.275530125 0
57 W -346.488363951 0
57 Y -342.921352009 0
58 A -342.950723642 0
58 C -342.882497952 0
58 D -338.437920435 0
58 E -338.095387657 0
58 F -327.962024295 0
58 G -338.967576796 0
58 H -340.010077292 0
58 I -348.930688912 0
58 K -336.556266686 0
58 L -343.424286021 0
58 M -341.925365132 0
58 N -341.364556961 0
58 P -288.761056027 0
58 Q -336.958159887 0
58 R -334.690678588 0
58 S -340.983414543 0
58 T -344.318405323 0
58 V -348.794769519 1
58 W -323.633319391 0
58 Y -337.725498254 0
59 A -343.833856248 0
59 C -344.360503622 0
59 D -345.003883385 0
59 E -343.832351812 0
59 F -347.241637084 0
59 G -341.219641884 0
59 H -345.363726494 0
59 I -348.255144125 0
59 K -343.427403716 0
59 L -347.936715635 0
59 M -344.791278559 0
59 N -344.003531222 0
59 P -285.295851174 0
59 Q -342.836685415 0
59 R -347.252813993 0
59 S -342.575750201 0
59 T -344.80435767 0
59 V -348.158070651 1
59 W -345.653307136 0
59 Y -348.781364161 0
60 A -343.659447165 0
60 C -341.499810395 0
60 D -345.93609912 0
60 E -346.331735877 0
60 F -343.88210729 0
60 G -342.605726192 0
60 H -344.040877851 0
60 I -344.630162893 0
60 K -345.548008526 0
60 L -345.27912855 0
60 M -344.1969504 0
60 N -343.454248689 0
60 P -284.432804767 0
60 Q -343.017485341 0
60 R -347.538088832 0
60 S -344.438799813 0
60 T -343.934148381 1
60 V -344.383560268 0
60 W -345.50027469 0
60 Y -343.944615544 0
61 A -340.354158829 0
61 C -337.444152061 0
61 D -342.791341713 1
61 E -339.909525913 0
61 F -337.629645411 0
61 G -337.309133883 0
61 H -340.641228279 0
61 I -337.63002663 0
61 K -338.904979181 0
61 L -339.146559868 0
61 M -339.387969718 0
61 N -339.078391217 0
61 P -280.910180475 0
61 Q -338.034863794 0
61 R -341.532880338 0
61 S -338.504385967 0
61 T -337.509366466 0
61 V -337.853000307 0
61 W -340.247785867 0
61 Y -340.857011438 0
62 A -338.14752524 0
62 C -330.100271479 0
62 D -326.856819048 0
62 E -316.686245077 0
62 F -322.826944465 0
62 G -345.755515622 1
62 H -323.373238201 0
62 I -294.209541289 0
62 K -315.591112534 0
62 L -305.765265725 0
62 M -315.169602624 0
62 N -325.747059107 0
62 P -254.239588452 0
62 Q -315.342215625 0
62 R -283.648995759 0
62 S -337.659156262 0
62 T -319.171365181 0
62 V -303.842258399 0
62 W -302.593177853 0
62 Y -321.36160246 0
63 A -341.275554299 0
63 C -340.209340508 0
63 D -340.41438802 0
63 E -345.838255399 0
63 F -344.77806048 0
63 G -339.508698254 0
63 H -344.607485782 0
63 I -342.503696196 0
63 K -348.544800545 0
63 L -340.598150548 0
63 M -344.564860957 1
63 N -340.932162263 0
63 P -284.426740173 0
63 Q -343.276235579 0
63 R -351.647215271 0
63 S -340.379973827 0
63 T -341.155906362 0
63 V -341.739829824 0
63 W -350.36577063 0
63 Y -350.755037961 0
64 A -339.485748226 1
64 C -337.941189507 0
64 D -339.892809846 0
64 E -339.970576404 0
64 F -338.204555975 0
64 G -338.515834038 0
64 H -339.522195218 0
64 I -336.487257013 0
64 K -340.878383005 0
64 L -340.898974453 0
64 M -339.137593002 0
64 N -340.732409152 0
64 P -298.713112383 0
64 Q -339.139692482 0
64 R -344.221921641 0
64 S -339.343765127 0
64 T -338.438792422 0
64 V -336.623239361 0
64 W -341.922176492 0
64 Y -341.052159656 0
65 A -343.903607176 0
65 C -339.815516008 0
65 D -333.263405413 0
65 E -337.354202533 0
65 F -340.94189429 0
65 G -339.489138454 0
65 H -337.836308148 0
65 I -334.865158363 0
65 K -337.490547483 0
65 L -333.751341484 0
65 M -339.370525123 0
65 N -334.702464394 0
65 P -282.547259667 0
65 Q -341.648380906 0
65 R -343.129621275 0
65 S -342.836503959 1
65 T -337.651581527 0
65 V -332.501222518 0
65 W -345.152807917 0
65 Y -343.884364791 0
66 A -328.400812455 0
66 C -327.549527765 0
66 D -332.412210439 0
66 E -328.833883785 0
66 F -327.65353579 0
66 G -345.491967747 1
66 H -329.149399731 0
66 I -324.229437649 0
66 K -329.654944054 0
66 L -328.696766092 0
66 M -327.902315504 0
66 N -329.409192718 0
66 P -265.87859628 0
66 Q -328.863437721 0
66 R -331.426201408 0
66 S -335.557796603 0
66 T -324.220926046 0
66 V -323.934146702 0
66 W -327.824903177 0
66 Y -327.838101983 0
67 A -341.508082762 0
67 C -338.391995183 0
67 D -342.199818537 0
67 E -343.471812363 0
67 F -343.632366259 0
67 G -340.288864276 0
67 H -342.868743257 0
67 I -343.221368959 0
67 K -343.20596143 0
67 L -345.147322473 1
67 M -342.27517909 0
67 N -340.206115921 0
67 P -340.228012903 0
67 Q -344.18532362 0
67 R -343.208271563 0
67 S -341.468917276 0
67 T -341.103443678 0
67 V -340.825009493 0
67 W -342.955303421 0
67 Y -343.151626766 0
68 A -342.28520923 0
68 C -340.529046401 0
68 D -344.88523219 1
68 E -345.562764965 0
68 F -340.527966971 0
68 G -341.959874336 0
68 H -345.317178111 0
68 I -341.683280117 0
68 K -343.606793699 0
68 L -343.022725916 0
68 M -342.238501745 0
68 N -342.868604906 0
68 P -338.589438765 0
68 Q -343.799590596 0
68 R -343.750643264 0
68 S -344.306626043 0
68 T -342.785480554 0
68 V -341.424285747 0
68 W -343.030725162 0
68 Y -340.967944947 0
69 A -344.258086896 0
69 C -342.847499749 0
69 D -342.880189448 0
69 E -343.9445753 0
69 F -344.958126309 0
69 G -343.312863842 0
69 H -345.360701049 0
69 I -340.341935516 0
69 K -347.003034653 1
69 L -343.53382739 0
69 M -345.033712331 0
69 N -347.665151318 0
69 P -302.8852742 0
69 Q -346.217567122 0
69 R -347.701186051 0
69 S -343.936414649 0
69 T -341.176665174 0
69 V -335.994488873 0
69 W -343.948621204 0
69 Y -345.334887643 0
70 A -341.915403639 0
70 C -340.751129391 0
70 D -347.834910343 1
70 E -344.118617783 0
70 F -344.252378534 0
70 G -341.645143559 0
70 H -344.912091149 0
70 I -327.571883117 0
70 K -344.967930871 0
70 L -342.196234667 0
70 M -344.6224783 0
70 N -345.661619614 0
70 P -291.216879227 0
70 Q -343.662050258 0
70 R -344.435863402 0
70 S -341.031376678 0
70 T -335.8683509 0
70 V -326.705498099 0
70 W -345.240854095 0
70 Y -343.873607235 0
71 A -341.878866282 0
71 C -341.963505439 0
71 D -343.040269283 0
71 E -342.490236212 0
71 F -352.615521091 0
71 G -335.986925236 0
71 H -349.602733841 0
71 I -307.783016773 0
71 K -342.001430093 0
71 L -340.673850639 0
71 M -345.992401442 0
71 N -345.461618749 0
71 P -297.258921929 0
71 Q -341.488751657 0
71 R -348.118897339 0
71 S -340.526373212 0
71 T -337.429402955 0
71 V -332.607049933 0
71 W -351.7019408 0
71 Y -353.515255681 1
72 A -342.485824441 0
72 C -342.603239915 0
72 D -339.421145303 0
72 E -342.148446466 0
72 F -345.246147219 0
72 G -339.441729757 0
72 H -343.460078155 0
72 I -347.477773086 0
72 K -347.666082864 0
72 L -349.185158831 1
72 M -347.518862185 0
72 N -342.853398551 0
72 P -275.378632492 0
72 Q -343.823348345 0
72 R -350.302927179 0
72 S -342.965195981 0
72 T -343.801727625 0
72 V -345.831470075 0
72 W -349.331977594 0
72 Y -349.053410273 0
73 A -341.141335137 0
73 C -339.5435719 0
73 D -339.071117019 0
73 E -342.292864439 0
73 F -344.270779327 0
73 G -337.6971562 0
73 H -346.46834578 0
73 I -336.36955222 0
73 K -345.071000699 1
73 L -343.34960304 0
73 M -344.196309808 0
73 N -340.041726382 0
73 P -339.114478497 0
73 Q -341.852123058 0
73 R -345.144138225 0
73 S -340.221261885 0
73 T -339.484393009 0
73 V -339.506343079 0
73 W -344.500506468 0
73 Y -344.765212907 0
74 A -336.237240981 0
74 C -334.243761011 0
74 D -339.405254969 0
74 E -338.160027075 0
74 F -336.905327798 0
74 G -336.638215315 0
74 H -336.642173333 0
74 I -336.6367653 0
74 K -341.650331254 0
74 L -337.54134893 0
74 M -338.682936581 0
74 N -335.585828768 0
74 P -340.301802886 1
74 Q -338.171518092 0
74 R -339.672868202 0
74 S -338.310238828 0
74 T -336.484141927 0
74 V -337.266807752 0
74 W -337.066573019 0
74 Y -337.506455089 0
75 A -334.405345227 0
75 C -332.665829126 0
75 D -337.835242172 1
75 E -336.987800111 0
75 F -336.95651018 0
75 G -336.576931854 0
75 H -336.742144759 0
75 I -319.353561059 0
75 K -341.028136131 0
75 L -334.787907844 0
75 M -336.57073302 0
75 N -338.105877136 0
75 P -302.60586362 0
75 Q -334.827367377 0
75 R -340.927073084 0
75 S -335.681273955 0
75 T -330.576297832 0
75 V -321.914573404 0
75 W -338.178748607 0
75 Y -339.014157056 0
76 A -337.890067723 0
76 C -339.732919997 0
76 D -349.344750084 1
76 E -340.041747817 0
76 F -334.95291781 0
76 G -328.184838369 0
76 H -338.045481386 0
76 I -338.445155173 0
76 K -336.700052166 0
76 L -338.584344122 0
76 M -339.763166118 0
76 N -344.716920632 0
76 P -332.144982173 0
76 Q -335.037905679 0
76 R -336.053337065 0
76 S -338.869531787 0
76 T -338.90854146 0
76 V -336.987254505 0
76 W -330.402318594 0
76 Y -334.396713952 0
77 A -336.556934426 0
77 C -334.374975956 0
77 D -337.865977445 0
77 E -341.18761858 0
77 F -341.667039183 0
77 G -341.215046347 0
77 H -341.629710258 0
77 I -335.851049569 0
77 K -343.12097885 0
77 L -337.284661281 0
77 M -340.927178902 0
77 N -336.698971075 0
77 P -337.635198593 0
77 Q -339.460235339 0
77 R -343.742821786 0
77 S -338.824243486 1
77 T -337.083275895 0
77 V -335.462472205 0
77 W -344.67983632 0
77 Y -343.485856946 0
78 A -335.299560857 0
78 C -333.520369419 0
78 D -333.074853823 0
78 E -333.439707388 0
78 F -340.063518911 0
78 G -334.975530186 0
78 H -336.700017411 0
78 I -325.668469448 0
78 K -343.33920952 0
78 L -336.404805523 0
78 M -339.116676302 0
78 N -335.028191275 0
78 P -310.704339656 0
78 Q -335.424613961 0
78 R -349.412414219 1
78 S -335.533895153 0
78 T -334.945603415 0
78 V -330.473298978 0
78 W -340.708852637 0
78 Y -340.331664297 0
79 A -341.218141031 0
79 C -342.006583718 0
79 D -341.210757872 0
79 E -342.453560534 0
79 F -336.986955508 0
79 G -339.833424371 0
79 H -335.679445256 0
79 I -349.364616705 0
79 K -337.769552671 0
79 L -344.684379819 0
79 M -346.266429294 0
79 N -343.319647955 0
79 P -302.100789165 0
79 Q -344.525755878 0
79 R -344.11690441 0
79 S -340.816298971 0
79 T -343.955924516 0
79 V -348.543546657 1
79 W -335.304978622 0
79 Y -335.882776138 0
80 A -343.426427317 0
80 C -342.174689693 0
80 D -343.791761025 0
80 E -343.608815745 0
80 F -349.734493931 0
80 G -340.635388725 0
80 H -344.08719056 0
80 I -350.924366237 1
80 K -355.188645649 0
80 L -348.540533415 0
80 M -348.613061284 0
80 N -343.783074453 0
80 P -313.742116586 0
80 Q -344.744000732 0
80 R -356.812172981 0
80 S -342.763459434 0
80 T -345.327959951 0
80 V -348.065513151 0
80 W -353.905041331 0
80 Y -356.195668252 0
81 A -351.632426376 1
81 C -345.622357253 0
81 D -338.429591451 0
81 E -344.72538132 0
81 F -345.58115838 0
81 G -346.110477871 0
81 H -340.688370277 0
81 I -334.511621869 0
81 K -344.266488905 0
81 L -335.024035159 0
81 M -348.994217991 0
81 N -340.965271288 0
81 P -294.187729714 0
81 Q -345.209035069 0
81 R -339.141505669 0
81 S -348.320183992 0
81 T -346.073580901 0
81 V -345.260956996 0
81 W -336.108319198 0
81 Y -350.537729765 0
82 A -349.629188495 0
82 C -347.484518956 0
82 D -344.931925303 0
82 E -346.76039258 0
82 F -357.855083832 0
82 G -348.225808566 0
82 H -351.588106165 1
82 I -341.196634667 0
82 K -356.893268562 0
82 L -345.202266003 0
82 M -350.075884933 0
82 N -348.68059812 0
82 P -320.947721709 0
82 Q -347.362459165 0
82 R -362.707686476 0
82 S -349.044718888 0
82 T -347.223479005 0
82 V -343.844738459 0
82 W -363.696325323 0
82 Y -364.487828936 0
83 A -340.284219076 0
83 C -341.515163681 0
83 D -339.138133356 0
83 E -336.697532105 0
83 F -340.889063694 0
83 G -339.82811312 0
83 H -338.792472194 0
83 I -337.572163498 0
83 K -337.685965527 0
83 L -343.520521164 0
83 M -345.580825611 0
83 N -341.62151436 0
83 P -307.126089879 0
83 Q -339.636385709 0
83 R -336.045136336 0
83 S -344.249772538 0
83 T -349.13713741 1
83 V -343.036882743 0
83 W -303.446257843 0
83 Y -337.021373965 0
84 A -344.759778059 0
84 C -343.26663815 0
84 D -343.673145935 0
84 E -346.767428213 0
84 F -346.207285639 0
84 G -347.590387963 0
84 H -348.389386223 0
84 I -342.865847078 0
84 K -349.459546581 1
84 L -345.300943626 0
84 M -347.039586078 0
84 N -344.505313918 0
84 P -327.905381412 0
84 Q -345.730519882 0
84 R -355.692607198 0
84 S -346.561430575 0
84 T -344.768853607 0
84 V -343.361687362 0
84 W -347.700817699 0
84 Y -347.08429699 0
85 A -342.107255554 0
85 C -342.361337702 0
85 D -341.417197355 0
85 E -341.38007487 0
85 F -337.421817417 0
85 G -339.127137963 0
85 H -336.389940459 0
85 I -340.501396745 0
85 K -336.915449336 0
85 L -350.289283541 1
85 M -349.122957884 0
85 N -343.068615979 0
85 P -325.420109134 0
85 Q -341.8856739 0
85 R -341.956038214 0
85 S -341.028832623 0
85 T -342.20660431 0
85 V -345.053206241 0
85 W -339.892683232 0
85 Y -339.616979738 0
86 A -341.682257693 0
86 C -342.227455378 0
86 D -336.199919019 0
86 E -337.730541862 0
86 F -335.313925508 0
86 G -339.877794823 0
86 H -339.036778622 0
86 I -349.211307708 1
86 K -343.662067514 0
86 L -342.91927936 0
86 M -347.275693698 0
86 N -341.0310539 0
86 P -303.696951183 0
86 Q -342.028787497 0
86 R -345.799891421 0
86 S -341.188006846 0
86 T -343.442257952 0
86 V -345.980777883 0
86 W -336.17508658 0
86 Y -334.645823097 0
87 A -334.987842304 0
87 C -332.849567016 0
87 D -332.584975065 0
87 E -338.939107083 0
87 F -334.181467253 0
87 G -349.484344651 1
87 H -335.903560003 0
87 I -314.805383317 0
87 K -336.906721719 0
87 L -330.061033938 0
87 M -334.930698862 0
87 N -331.799396435 0
87 P -328.67807013 0
87 Q -338.862269845 0
87 R -335.188172061 0
87 S -331.452315292 0
87 T -332.195571675 0
87 V -308.58080226 0
87 W -331.363525989 0
87 Y -335.417836453 0
88 A -348.792793636 0
88 C -342.633489489 0
88 D -336.707726288 0
88 E -338.519670287 0
88 F -339.441439733 0
88 G -345.555665378 0
88 H -340.026822568 0
88 I -318.686450473 0
88 K -347.014161053 0
88 L -331.984047582 0
88 M -343.379084962 0
88 N -340.797796698 0
88 P -334.04989839 0
88 Q -342.375909287 0
88 R -349.577296238 0
88 S -348.082865113 1
88 T -348.107718551 0
88 V -341.934589061 0
88 W -340.96134218 0
88 Y -341.907581878 0
89 A -339.354388083 0
89 C -337.559792217 0
89 D -340.50361184 0
89 E -339.793611986 0
89 F -340.056708365 0
89 G -345.98784698 1
89 H -341.234041126 0
89 I -325.738991858 0
89 K -342.55481319 0
89 L -340.30245843 0
89 M -339.266176087 0
89 N -342.358363291 0
89 P -268.021703093 0
89 Q -339.623257234 0
89 R -343.654154065 0
89 S -340.947124198 0
89 T -339.100908692 0
89 V -325.76555628 0
89 W -340.107784303 0
89 Y -343.690489771 0
90 A -344.738310023 0
90 C -344.178507309 0
90 D -345.497412832 0
90 E -348.299406067 1
90 F -345.48174771 0
90 G -342.92578879 0
90 H -346.750612604 0
90 I -342.428226061 0
90 K -346.630372478 0
90 L -345.634002342 0
90 M -346.740061884 0
90 N -343.979721163 0
90 P -274.43560634 0
90 Q -349.047468796 0
90 R -348.860994528 0
90 S -343.950591901 0
90 T -342.956961647 0
90 V -342.923604898 0
90 W -345.481782645 0
90 Y -345.967309898 0
91 A -345.430864395 0
91 C -343.969985589 0
91 D -343.52839194 0
91 E -346.952894123 0
91 F -350.017761598 0
91 G -342.68052498 0
91 H -348.026023099 0
91 I -346.538402616 0
91 K -346.998565398 1
91 L -346.895738078 0
91 M -345.977589747 0
91 N -345.660475499 0
91 P -321.979288805 0
91 Q -344.893038745 0
91 R -348.548358363 0
91 S -346.167824689 0
91 T -346.132844801 0
91 V -347.05501534 0
91 W -349.502533104 0
91 Y -349.476747291 0
92 A -345.186123443 0
92 C -342.707081817 0
92 D -347.878018845 1
92 E -344.37322065 0
92 F -343.679636701 0
92 G -339.847758881 0
92 H -344.405960058 0
92 I -343.3460984 0
92 K -342.713469219 0
92 L -335.668135833 0
92 M -341.29741482 0
92 N -343.058248071 0
92 P -300.501985738 0
92 Q -341.723766315 0
92 R -345.042734426 0
92 S -343.365139334 0
92 T -345.534000396 0
92 V -345.32972588 0
92 W -343.902569465 0
92 Y -343.938842313 0
93 A -347.485870866 0
93 C -345.566006632 0
93 D -344.018044817 0
93 E -345.373397781 0
93 F -346.566965867 0
93 G -344.088749984 0
93 H -346.81648705 0
93 I -347.107264439 0
93 K -347.20725516 0
93 L -346.598448212 0
93 M -346.716170716 0
93 N -345.160462645 0
93 P -320.226634191 0
93 Q -345.684388188 0
93 R -356.185202223 0
93 S -347.703125867 1
93 T -348.127545301 0
93 V -348.070390085 0
93 W -348.981896506 0
93 Y -350.096855849 0
94 A -343.733541871 0
94 C -343.887408256 0
94 D -340.898724237 0
94 E -341.613958188 0
94 F -338.681242551 0
94 G -340.136282345 0
94 H -344.926423659 0
94 I -347.480112008 0
94 K -347.888656383 0
94 L -343.852380931 0
94 M -345.482034674 0
94 N -343.859754015 0
94 P -308.094051776 0
94 Q -341.194503669 0
94 R -355.541074787 0
94 S -343.168778743 0
94 T -346.854300354 0
94 V -350.124752642 1
94 W -347.784770418 0
94 Y -351.699687281 0
95 A -345.303685698 0
95 C -344.799500948 0
95 D -340.659488976 0
95 E -346.193876841 0
95 F -343.45900319 0
95 G -344.268141815 0
95 H -346.690183692 0
95 I -347.736206457 0
95 K -351.010980933 0
95 L -348.165801626 0
95 M -347.777644224 0
95 N -347.189883648 0
95 P -334.682532309 0
95 Q -346.661694714 0
95 R -353.093630514 0
95 S -346.458476749 0
95 T -348.296822747 1
95 V -348.850069739 0
95 W -345.501972546 0
95 Y -344.688805276 0
96 A -338.56264542 0
96 C -336.707731888 0
96 D -336.068192535 0
96 E -337.514843729 0
96 F -351.756222815 1
96 G -335.320077992 0
96 H -345.410493239 0
96 I -338.420732965 0
96 K -337.973595945 0
96 L -342.657213076 0
96 M -344.202009926 0
96 N -337.598669494 0
96 P -301.663933088 0
96 Q -340.377644528 0
96 R -345.204997707 0
96 S -338.712891362 0
96 T -339.491041024 0
96 V -340.620088089 0
96 W -351.878949307 0
96 Y -352.251971135 0
97 A -345.794402501 0
97 C -343.172849843 0
97 D -348.043332762 1
97 E -345.716840899 0
97 F -346.61479798 0
97 G -345.931721629 0
97 H -344.800631772 0
97 I -341.705876727 0
97 K -348.738769311 0
97 L -346.086722308 0
97 M -345.617747332 0
97 N -346.543774269 0
97 P -345.46138521 0
97 Q -343.152165945 0
97 R -347.891191697 0
97 S -346.481461215 0
97 T -344.177165391 0
97 V -342.559143342 0
97 W -351.67330753 0
97 Y -347.950872134 0
98 A -348.845786317 0
98 C -350.295619433 0
98 D -346.449228548 0
98 E -344.850827266 0
98 F -339.989285866 0
98 G -345.764414373 0
98 H -342.083029946 0
98 I -349.681023699 0
98 K -344.566890572 0
98 L -349.687375719 0
98 M -346.221896265 0
98 N -351.363045693 0
98 P -299.263363012 0
98 Q -345.207333391 0
98 R -349.196744743 0
98 S -351.065472314 0
98 T -353.225275508 0
98 V -353.106041023 1
98 W -336.010897254 0
98 Y -324.101175886 0
99 A -348.30175391 0
99 C -345.826185645 0
99 D -352.018740008 0
99 E -349.109905768 0
99 F -347.427701599 0
99 G -348.110433736 0
99 H -346.646152121 0
99 I -347.098055641 0
99 K -349.595368747 0
99 L -348.840451204 0
99 M -348.580984544 0
99 N -348.665425802 0
99 P -332.082987041 0
99 Q -346.323898278 0
99 R -350.997499445 0
99 S -350.25351707 1
99 T -348.553486877 0
99 V -346.085364554 0
99 W -346.611321092 0
99 Y -347.579116478 0
100 A -346.497532638 0
100 C -345.500641343 0
100 D -347.037280613 0
100 E -346.976166218 0
100 F -345.733022921 0
100 G -345.246044057 0
100 H -346.407294829 0
100 I -346.449939923 0
100 K -351.280451125 1
100 L -348.80115856 0
100 M -348.627566569 0
100 N -346.762373122 0
100 P -312.49428717 0
100 Q -346.957428663 0
100 R -352.626451134 0
100 S -346.985068312 0
100 T -346.027805193 0
100 V -346.098102628 0
100 W -350.055019789 0
100 Y -347.462098089 0
101 A -341.374407773 0
101 C -342.399652 0
101 D -341.775337587 0
101 E -343.202904797 0
101 F -345.931312655 0
101 G -336.574423482 0
101 H -343.1026167 0
101 I -347.450523069 0
101 K -340.349456846 0
101 L -352.112777194 1
101 M -347.055535704 0
101 N -342.036262931 0
101 P -301.002394106 0
101 Q -342.609237353 0
101 R -337.278468379 0
101 S -341.100057263 0
101 T -341.833759061 0
101 V -344.164571121 0
101 W -342.801350449 0
101 Y -341.161994087 0
102 A -341.252878468 0
102 C -340.154608421 0
102 D -340.963529156 0
102 E -343.599123083 0
102 F -343.070113576 0
102 G -341.991123418 0
102 H -342.586929185 0
102 I -343.601816083 0
102 K -345.910167439 1
102 L -343.226224599 0
102 M -342.354464481 0
102 N -341.273242149 0
102 P -321.932394444 0
102 Q -342.513960165 0
102 R -354.085865124 0
102 S -342.406570717 0
102 T -343.049764832 0
102 V -344.601415314 0
102 W -346.92112432 0
102 Y -345.860898874 0
103 A -342.648867773 0
103 C -340.59528204 0
103 D -345.16280165 0
103 E -344.398101589 1
103 F -341.741787842 0
103 G -339.612962219 0
103 H -342.227761452 0
103 I -341.520057513 0
103 K -343.953583056 0
103 L -343.569791507 0
103 M -342.553318492 0
103 N -341.001010232 0
103 P -344.046336894 0
103 Q -342.581465963 0
103 R -344.73509077 0
103 S -342.213565714 0
103 T -341.786073822 0
103 V -341.348484506 0
103 W -344.378220069 0
103 Y -343.742322402 0
104 A -334.410282876 0
104 C -333.634152303 0
104 D -335.982474705 0
104 E -335.204458464 0
104 F -336.565053175 0
104 G -342.964536586 1
104 H -337.194450069 0
104 I -321.291590085 0
104 K -337.479508452 0
104 L -335.569332863 0
104 M -334.549507246 0
104 N -338.559281638 0
104 P -269.001043942 0
104 Q -335.740558866 0
104 R -336.967364795 0
104 S -334.695114585 0
104 T -330.846259068 0
104 V -320.71518936 0
104 W -335.034063325 0
104 Y -336.03779055 0
105 A -343.818751316 0
105 C -343.687356024 0
105 D -343.087963297 0
105 E -345.066976552 1
105 F -346.414748475 0
105 G -340.116628118 0
105 H -346.51761794 0
105 I -348.590271557 0
105 K -346.111715933 0
105 L -345.907407847 0
105 M -344.92844558 0
105 N -343.900019791 0
105 P -292.289621184 0
105 Q -346.608271359 0
105 R -351.415440858 0
105 S -344.549150069 0
105 T -346.705802919 0
105 V -348.5699999 0
105 W -345.750408943 0
105 Y -349.46601587 0
106 A -345.042200559 0
106 C -344.430500348 0
106 D -346.131654177 0
106 E -349.273232341 0
106 F -346.894762512 0
106 G -344.713692155 0
106 H -347.897118997 0
106 I -348.120059282 0
106 K -351.328576298 0
106 L -349.115947632 0
106 M -349.731143376 0
106 N -345.834923013 0
106 P -343.897949926 0
106 Q -347.862601608 1
106 R -350.954270346 0
106 S -346.253187797 0
106 T -347.278155183 0
106 V -347.730694813 0
106 W -349.52830912 0
106 Y -347.872005603 0
107 A -339.409562698 0
107 C -340.058891858 0
107 D -338.225233828 0
107 E -334.227514901 0
107 F -348.696880333 0
107 G -336.140304692 0
107 H -343.780796361 0
107 I -342.818073899 0
107 K -341.49526948 0
107 L -345.001171353 0
107 M -342.351538358 0
107 N -341.398037018 0
107 P -314.454843334 0
107 Q -341.474937868 0
107 R -346.636631272 0
107 S -337.99747053 0
107 T -339.446761203 0
107 V -341.158419201 0
107 W -342.802171866 0
107 Y -352.229091858 1
108 A -341.085801941 0
108 C -340.62372581 0
108 D -340.867342038 0
108 E -343.903514665 0
108 F -346.599003903 0
108 G -339.743255718 0
108 H -347.079033316 0
108 I -343.690559663 0
108 K -348.22530261 0
108 L -345.644936003 0
108 M -348.32245046 1
108 N -340.433164824 0
108 P -304.067476608 0
108 Q -344.732073623 0
108 R -355.670026285 0
108 S -340.524576339 0
108 T -342.165799714 0
108 V -345.418129291 0
108 W -347.5888181 0
108 Y -350.237935964 0
109 A -341.751368037 0
109 C -341.925688905 0
109 D -338.742462386 0
109 E -340.543702601 0
109 F -355.134345699 1
109 G -332.484325405 0
109 H -344.765849577 0
109 I -348.086945075 0
109 K -341.818785171 0
109 L -344.632576515 0
109 M -346.841564977 0
109 N -339.906910216 0
109 P -315.945639541 0
109 Q -340.170096182 0
109 R -344.87723889 0
109 S -340.23757331 0
109 T -343.789600179 0
109 V -346.472047853 0
109 W -351.660453559 0
109 Y -355.923077718 0
110 A -340.323016406 0
110 C -337.877029606 0
110 D -333.895608041 0
110 E -331.608647515 0
110 F -352.599872967 1
110 G -336.882385157 0
110 H -343.407320913 0
110 I -334.651270134 0
110 K -335.939484603 0
110 L -338.61700645 0
110 M -342.937736842 0
110 N -338.161720047 0
110 P -285.032639547 0
110 Q -335.971872708 0
110 R -344.127153376 0
110 S -338.228459875 0
110 T -337.494269369 0
110 V -335.446431026 0
110 W -347.379709218 0
110 Y -356.370785855 0
111 A -356.192330174 0
111 C -356.046915178 1
111 D -355.225261425 0
111 E -338.877541922 0
111 F -305.719316173 0
111 G -353.642315395 0
111 H -333.475313624 0
111 I -346.722165431 0
111 K -331.096331039 0
111 L -343.890807607 0
111 M -330.162672835 0
111 N -356.055995149 0
111 P -312.585928908 0
111 Q -338.770381364 0
111 R -330.734659838 0
111 S -355.056359368 0
111 T -354.95197681 0
111 V -357.526581264 0
111 W -329.024797216 0
111 Y -308.004682937 0
112 A -345.693481968 0
112 C -346.450423245 0
112 D -344.213447028 0
112 E -342.537452075 0
112 F -333.46707064 0
112 G -342.382151371 0
112 H -333.62278758 0
112 I -340.439974088 0
112 K -336.450295172 0
112 L -346.849582525 0
112 M -346.020507641 0
112 N -344.447892228 0
112 P -337.510290384 0
112 Q -345.040909309 0
112 R -336.717777815 0
112 S -348.000392127 0
112 T -352.4133853 1
112 V -343.182542104 0
112 W -327.684054255 0
112 Y -329.749445702 0
113 A -343.953362226 0
113 C -342.007902673 0
113 D -340.69633883 0
113 E -341.161146548 0
113 F -353.551584062 1
113 G -340.284560983 0
113 H -348.121361716 0
113 I -335.793058642 0
113 K -347.021194856 0
113 L -341.388003989 0
113 M -348.894096584 0
113 N -343.143018934 0
113 P -324.791530716 0
113 Q -342.908695203 0
113 R -355.491136691 0
113 S -343.174783944 0
113 T -344.658413406 0
113 V -341.578896201 0
113 W -350.903903413 0
113 Y -358.71215583 0
114 A -341.126629135 0
114 C -340.360945839 0
114 D -340.781516658 0
114 E -342.45163081 0
114 F -340.668504517 0
114 G -338.979024367 0
114 H -342.109142392 0
114 I -342.623788612 0
114 K -344.818186476 0
114 L -340.322351729 0
114 M -341.807256803 0
114 N -340.664955666 0
114 P -346.866306189 1
114 Q -339.955150783 0
114 R -348.186494472 0
114 S -341.375469921 0
114 T -341.438796032 0
114 V -342.121320255 0
114 W -345.127002762 0
114 Y -345.109654476 0
115 A -332.899059809 0
115 C -329.821234831 0
115 D -335.898193099 0
115 E -337.297298029 0
115 F -338.118992962 0
115 G -342.049411631 1
115 H -339.045019288 0
115 I -322.129921199 0
115 K -342.373772977 0
115 L -334.158671211 0
115 M -336.042731025 0
115 N -337.025353479 0
115 P -291.900440209 0
115 Q -336.099856775 0
115 R -343.632716215 0
115 S -334.599341641 0
115 T -333.94343973 0
115 V -321.707747616 0
115 W -339.430466248 0
115 Y -340.563351929 0
116 A -345.971703118 0
116 C -344.20753508 0
116 D -341.600402134 0
116 E -341.648241487 0
116 F -354.720487645 0
116 G -339.815098219 0
116 H -347.83178408 1
116 I -342.377852495 0
116 K -349.160192599 0
116 L -345.369821587 0
116 M -350.951691262 0
116 N -344.545235607 0
116 P -275.909043365 0
116 Q -347.186776091 0
116 R -356.14876366 0
116 S -344.619462283 0
116 T -343.542298793 0
116 V -343.965903869 0
116 W -340.22434369 0
116 Y -354.539564813 0
117 A -348.390299878 0
117 C -345.124341684 0
117 D -348.436449271 0
117 E -348.836109695 0
117 F -350.360826458 0
117 G -342.533792419 0
117 H -350.881766692 0
117 I -342.851216258 0
117 K -347.372961239 0
117 L -341.499426142 0
117 M -345.728209103 0
117 N -348.312465939 0
117 P -334.160983595 0
117 Q -346.720789952 0
117 R -351.770055133 0
117 S -348.975221729 1
117 T -343.28623079 0
117 V -344.092483606 0
117 W -352.980734584 0
117 Y -357.369060433 0
118 A -342.91781614 1
118 C -338.799098986 0
118 D -343.097949045 0
118 E -343.994906088 0
118 F -341.615278187 0
118 G -342.220349826 0
118 H -343.100062731 0
118 I -341.236251525 0
118 K -344.35458912 0
118 L -342.238079492 0
118 M -342.346467404 0
118 N -342.41435761 0
118 P -323.56417887 0
118 Q -342.575245679 0
118 R -344.7593705 0
118 S -342.176513699 0
118 T -341.244297116 0
118 V -341.952455664 0
118 W -342.258424575 0
118 Y -341.80657857 0
119 A -336.738496576 0
119 C -335.792259639 0
119 D -338.598136723 0
119 E -340.38735461 0
119 F -344.479885414 0
119 G -337.414482928 0
119 H -340.814439917 0
119 I -338.947775855 0
119 K -346.526545283 0
119 L -339.71523334 1
119 M -343.722904291 0
119 N -338.391088516 0
119 P -310.840502198 0
119 Q -339.051297643 0
119 R -347.871626093 0
119 S -337.798889041 0
119 T -338.566826286 0
119 V -338.553069341 0
119 W -345.362023942 0
119 Y -347.381223422 0
120 A -339.31955562 0
120 C -340.523242079 0
120 D -334.786570117 0
120 E -339.157553363 0
120 F -334.380136407 0
120 G -335.483248398 0
120 H -328.658039667 0
120 I -338.051247296 0
120 K -343.555697362 0
120 L -343.256403191 0
120 M -352.736786377 1
120 N -338.144520261 0
120 P -263.087626937 0
120 Q -347.996666211 0
120 R -346.545739843 0
120 S -336.213126645 0
120 T -337.119495696 0
120 V -342.33362102 0
120 W -331.395395303 0
120 Y -338.243125555 0
121 A -344.261892297 0
121 C -342.153682917 0
121 D -337.457738486 0
121 E -342.091419286 0
121 F -346.060839457 0
121 G -340.274932677 0
121 H -345.085516388 0
121 I -338.134382531 0
121 K -350.197132264 1
121 L -344.484716548 0
121 M -343.356563035 0
121 N -344.910398513 0
121 P -302.32839322 0
121 Q -344.734068929 0
121 R -352.12288125 0
121 S -343.63647737 0
121 T -342.542955156 0
121 V -342.471163495 0
121 W -351.492709409 0
121 Y -351.194172431 0
122 A -330.492470371 0
122 C -303.444236083 0
122 D -300.685257812 0
122 E -299.457018553 0
122 F -307.335375086 0
122 G -343.801979113 1
122 H -305.957528814 0
122 I -301.250418271 0
122 K -304.821133119 0
122 L -317.370170125 0
122 M -309.251349336 0
122 N -303.153920187 0
122 P -271.203953819 0
122 Q -313.032983306 0
122 R -309.94298793 0
122 S -305.334220845 0
122 T -289.422409443 0
122 V -301.105726133 0
122 W -306.285353889 0
122 Y -309.508394436 0
123 A -343.173822028 0
123 C -342.530433234 0
123 D -343.940748831 0
123 E -345.9583217 0
123 F -345.817263587 0
123 G -342.128113723 0
123 H -343.770297056 0
123 I -343.857033984 0
123 K -347.826690871 0
123 L -345.091620689 0
123 M -344.928575175 0
123 N -345.332393144 0
123 P -326.893539253 0
123 Q -344.400288519 0
123 R -351.67128462 0
123 S -344.487443956 0
123 T -344.35094073 1
123 V -344.034095772 0
123 W -349.256350674 0
123 Y -350.289802759 0
124 A -341.150822604 0
124 C -341.430950625 0
124 D -340.173618073 0
124 E -344.578623928 0
124 F -346.129965033 0
124 G -334.945190531 0
124 H -341.019715259 0
124 I -344.258994341 0
124 K -341.776061642 0
124 L -350.977377507 1
124 M -349.340375508 0
124 N -342.54608057 0
124 P -300.330044471 0
124 Q -345.235286781 0
124 R -345.388696268 0
124 S -341.620175962 0
124 T -343.615598916 0
124 V -347.744899591 0
124 W -349.11019926 0
124 Y -351.594816736 0
125 A -345.768803434 0
125 C -344.770136735 0
125 D -346.740752062 0
125 E -347.954574786 0
125 F -348.292706286 0
125 G -343.50285641 0
125 H -350.190195159 0
125 I -348.903920743 0
125 K -350.687979028 0
125 L -348.590512015 0
125 M -347.262928126 0
125 N -346.750480388 0
125 P -308.004293406 0
125 Q -346.696798316 0
125 R -353.29648028 0
125 S -345.966054281 0
125 T -347.126570384 1
125 V -348.071851099 0
125 W -353.039466243 0
125 Y -353.797015745 0
126 A -342.362940576 0
126 C -341.394054954 0
126 D -340.17717224 0
126 E -342.33164552 0
126 F -345.790201003 0
126 G -334.323347667 0
126 H -343.810916228 0
126 I -349.692428856 0
126 K -346.23540092 0
126 L -352.387730612 1
126 M -346.792450979 0
126 N -343.115520918 0
126 P -340.243305107 0
126 Q -344.40457549 0
126 R -345.517993961 0
126 S -343.025473339 0
126 T -344.527036619 0
126 V -347.897161896 0
126 W -345.177130412 0
126 Y -346.316204191 0
127 A -342.108839029 0
127 C -340.634469422 0
127 D -340.603970143 0
127 E -342.487821378 0
127 F -339.803683812 0
127 G -343.095679215 0
127 H -341.55111295 0
127 I -343.967491589 0
127 K -347.017780268 1
127 L -342.486901646 0
127 M -342.464350008 0
127 N -341.103642913 0
127 P -316.555494154 0
127 Q -342.895811353 0
127 R -346.852449304 0
127 S -341.871383019 0
127 T -341.785217687 0
127 V -342.95743623 0
127 W -344.310905072 0
127 Y -344.41941053 0
