1 A -438.225134348 0
1 C -436.998567418 0
1 D -439.813828187 0
1 E -439.71806052 0
1 F -438.919934795 0
1 G -438.811248167 0
1 H -439.646371913 0
1 I -438.293077438 0
1 K -439.759304371 0
1 L -440.017530336 0
1 M -438.536034084 0
1 N -438.501113306 0
1 P -441.580652846 0
1 Q -438.483253297 0
1 R -438.546536374 0
1 S -439.565404407 0
1 T -438.36029858 0
1 V -437.549162168 0
1 W -440.840018868 1
1 Y -439.167126324 0
2 A -440.879502775 1
2 C -440.879502775 1
2 D -440.879502775 1
2 E -440.879502775 1
2 F -440.879502775 1
2 G -440.879502775 1
2 H -440.879502775 1
2 I -440.879502775 1
2 K -440.879502775 1
2 L -440.879502775 1
2 M -440.879502775 1
2 N -440.879502775 1
2 P -440.879502775 1
2 Q -440.879502775 1
2 R -440.879502775 1
2 S -440.879502775 1
2 T -440.879502775 1
2 V -440.879502775 1
2 W -440.879502775 1
2 Y -440.879502775 1
3 A -441.023419533 0
3 C -438.453508747 0
3 D -436.802647377 0
3 E -438.462446786 0
3 F -439.420915444 0
3 G -438.167406511 0
3 H -439.735409477 0
3 I -436.646643614 0
3 K -439.061696405 0
3 L -438.945967839 0
3 M -438.735918897 0
3 N -438.626121711 0
3 P -363.021060136 0
3 Q -437.436743698 0
3 R -431.961283266 0
3 S -440.816840866 1
3 T -437.760994274 0
3 V -438.311031509 0
3 W -438.307569364 0
3 Y -438.906374437 0
4 A -437.146699845 0
4 C -435.456722989 0
4 D -434.536681912 0
4 E -436.955798365 0
4 F -440.730626894 0
4 G -432.604149542 0
4 H -438.421177884 0
4 I -433.458392949 0
4 K -438.284290784 0
4 L -442.563704528 0
4 M -436.663323117 0
4 N -435.96709682 0
4 P -390.663271779 0
4 Q -438.505184947 0
4 R -439.341827347 0
4 S -437.971819126 0
4 T -438.205516646 0
4 V -433.084136408 1
4 W -436.053117074 0
4 Y -438.28736692 0
5 A -434.43946836 0
5 C -435.010716234 0
5 D -434.736314376 0
5 E -437.971020626 0
5 F -438.074721425 0
5 G -431.580655935 0
5 H -436.314090937 0
5 I -440.405577629 0
5 K -436.244311312 0
5 L -440.792444625 1
5 M -438.266447281 0
5 N -435.391984924 0
5 P -430.579760389 0
5 Q -435.975393635 0
5 R -436.369095555 0
5 S -434.859093937 0
5 T -437.577674266 0
5 V -439.651108084 0
5 W -436.186108361 0
5 Y -438.061506896 0
6 A -429.00878464 0
6 C -433.746172792 0
6 D -424.575949513 0
6 E -430.684044554 0
6 F -423.888534146 0
6 G -426.539947491 0
6 H -425.724273278 0
6 I -440.813274419 1
6 K -428.311546113 0
6 L -438.76859897 0
6 M -438.480650116 0
6 N -428.633698248 0
6 P -394.458781902 0
6 Q -432.482196265 0
6 R -428.025082091 0
6 S -427.92309463 0
6 T -430.949108615 0
6 V -435.373318381 0
6 W -416.333785356 0
6 Y -421.308346176 0
7 A -435.993850371 0
7 C -435.398858494 0
7 D -432.554263342 0
7 E -435.080372096 0
7 F -440.75377533 0
7 G -433.078872043 0
7 H -440.903405321 0
7 I -439.95610491 0
7 K -438.769094024 0
7 L -439.48963014 0
7 M -437.618588877 0
7 N -437.640108732 0
7 P -415.827743285 0
7 Q -436.130744041 0
7 R -439.900149267 0
7 S -435.75649776 0
7 T -437.979109912 0
7 V -439.124923141 0
7 W -439.947407958 0
7 Y -440.812951979 1
8 A -439.360168091 0
8 C -435.960495578 0
8 D -431.825594395 0
8 E -424.472703505 0
8 F -426.995723153 0
8 G -434.985082305 0
8 H -427.108834987 0
8 I -426.709726405 0
8 K -421.893746764 0
8 L -427.413555924 0
8 M -430.785725667 0
8 N -432.532567232 0
8 P -393.620866363 0
8 Q -433.087994006 0
8 R -416.200545844 0
8 S -437.357120795 0
8 T -436.889179101 0
8 V -440.808904419 1
8 W -390.880092983 0
8 Y -423.502679414 0
9 A -433.980091686 0
9 C -434.468315155 0
9 D -441.621119956 0
9 E -435.610999739 0
9 F -434.262220108 0
9 G -437.388659498 0
9 H -436.153839096 0
9 I -433.413054287 0
9 K -437.130203989 0
9 L -434.414425829 0
9 M -434.652657201 0
9 N -440.852566985 1
9 P -415.214530271 0
9 Q -435.709062074 0
9 R -434.393411385 0
9 S -438.721054949 0
9 T -439.588194038 0
9 V -434.094816359 0
9 W -432.710385267 0
9 Y -435.445145119 0
10 A -432.685169032 0
10 C -432.17234168 0
10 D -440.834189888 1
10 E -436.533606173 0
10 F -434.282562335 0
10 G -429.887894036 0
10 H -436.755212823 0
10 I -432.761473344 0
10 K -430.794719702 0
10 L -432.272167172 0
10 M -432.550071029 0
10 N -433.693290298 0
10 P -424.385323689 0
10 Q -434.395698946 0
10 R -431.830302448 0
10 S -432.692192085 0
10 T -433.694929197 0
10 V -432.640975793 0
10 W -435.254983165 0
10 Y -434.238385697 0
11 A -438.696666839 0
11 C -436.800998267 0
11 D -440.206065737 0
11 E -439.948105336 0
11 F -439.214350085 0
11 G -437.413965094 0
11 H -440.658866328 0
11 I -434.648058186 0
11 K -440.126201059 0
11 L -440.83103352 1
11 M -439.109268441 0
11 N -440.37187814 0
11 P -410.568528196 0
11 Q -439.214044073 0
11 R -440.225742358 0
11 S -438.7732697 0
11 T -438.613402161 0
11 V -437.48336343 0
11 W -438.518736104 0
11 Y -439.517134266 0
12 A -436.830437903 0
12 C -435.642195534 0
12 D -435.683571744 0
12 E -437.045982665 0
12 F -437.703909491 0
12 G -435.297213238 0
12 H -437.9342229 0
12 I -420.636913576 0
12 K -439.027817678 0
12 L -437.660060278 0
12 M -436.616521357 0
12 N -439.197793708 0
12 P -387.174439918 0
12 Q -438.3398118 0
12 R -440.873592838 1
12 S -435.558886982 0
12 T -433.188959776 0
12 V -426.992707757 0
12 W -436.634618269 0
12 Y -437.125713604 0
13 A -437.823344194 0
13 C -437.737086438 0
13 D -436.51252105 0
13 E -440.612290812 0
13 F -439.095684804 0
13 G -434.994229415 0
13 H -439.036083238 0
13 I -438.278648889 0
13 K -439.403828995 0
13 L -440.842324704 1
13 M -438.772698615 0
13 N -436.913548442 0
13 P -411.130378359 0
13 Q -440.712093148 0
13 R -440.749019564 0
13 S -437.117105112 0
13 T -438.665677953 0
13 V -437.729300338 0
13 W -439.546931837 0
13 Y -439.224502477 0
14 A -430.265266556 0
14 C -432.408301371 0
14 D -429.816475822 0
14 E -429.693825216 0
14 F -440.587255911 1
14 G -427.783062293 0
14 H -433.211398307 0
14 I -433.944882705 0
14 K -428.13817344 0
14 L -434.013256577 0
14 M -435.37248162 0
14 N -431.001029313 0
14 P -430.1877406 0
14 Q -432.49879204 0
14 R -431.597176039 0
14 S -430.033594575 0
14 T -432.540124331 0
14 V -430.979143381 0
14 W -435.543415351 0
14 Y -437.96608283 0
15 A -435.482667109 0
15 C -435.35928236 0
15 D -440.788623102 1
15 E -436.550863572 0
15 F -436.538988746 0
15 G -435.320383021 0
15 H -436.895744826 0
15 I -434.959162895 0
15 K -436.409787031 0
15 L -437.193470404 0
15 M -437.824503302 0
15 N -440.372253002 0
15 P -409.686189419 0
15 Q -436.925993586 0
15 R -438.442978967 0
15 S -437.251177865 0
15 T -438.577961998 0
15 V -436.415058455 0
15 W -437.283278594 0
15 Y -437.836604843 0
16 A -435.016836866 0
16 C -436.10946616 0
16 D -432.282105865 0
16 E -433.580804803 0
16 F -434.799778842 0
16 G -432.244582878 0
16 H -435.316065402 0
16 I -438.929857032 0
16 K -436.941370293 0
16 L -440.849240101 0
16 M -438.72389043 0
16 N -434.305204723 0
16 P -389.841428388 0
16 Q -436.201564138 0
16 R -439.093759394 0
16 S -436.150352525 0
16 T -440.966981724 1
16 V -437.971012542 0
16 W -434.367345312 0
16 Y -435.077952598 0
17 A -437.606669157 0
17 C -436.300803119 0
17 D -440.836718434 1
17 E -439.344691985 0
17 F -439.30204173 0
17 G -437.631235173 0
17 H -441.383654283 0
17 I -439.39361526 0
17 K -439.75818697 0
17 L -439.701284819 0
17 M -439.527990683 0
17 N -440.258706069 0
17 P -427.994179279 0
17 Q -438.300402388 0
17 R -440.910891431 0
17 S -440.008207126 0
17 T -440.713472754 0
17 V -439.445069256 0
17 W -438.250601444 0
17 Y -439.258368868 0
18 A -438.020869913 0
18 C -437.831507612 0
18 D -439.188415403 0
18 E -440.846759135 1
18 F -438.803955316 0
18 G -434.253481341 0
18 H -439.529357023 0
18 I -439.621989286 0
18 K -438.625062304 0
18 L -442.156811065 0
18 M -438.403030941 0
18 N -438.241444871 0
18 P -388.379962291 0
18 Q -440.432596827 0
18 R -438.4343743 0
18 S -438.947265215 0
18 T -438.614052396 0
18 V -437.438519656 0
18 W -435.451019154 0
18 Y -436.93273004 0
19 A -429.286073855 0
19 C -430.965767261 0
19 D -429.672898014 0
19 E -431.581199512 0
19 F -433.569597837 0
19 G -424.308847897 0
19 H -432.407624145 0
19 I -433.002989033 1
19 K -424.956195718 0
19 L -437.524162086 0
19 M -436.115727949 0
19 N -425.031075215 0
19 P -384.64641859 0
19 Q -431.856431866 0
19 R -425.864153376 0
19 S -428.276664254 0
19 T -431.761298883 0
19 V -438.026995212 0
19 W -424.424452887 0
19 Y -426.760036062 0
20 A -435.461375793 0
20 C -435.18851713 0
20 D -434.927745733 0
20 E -437.540392143 0
20 F -439.233569958 0
20 G -432.920175244 0
20 H -438.802749826 0
20 I -441.593130149 0
20 K -438.477533035 0
20 L -439.80566499 0
20 M -438.123301741 0
20 N -436.587452778 0
20 P -427.18964913 0
20 Q -436.154767199 0
20 R -439.902843839 0
20 S -436.355868137 0
20 T -438.351573066 0
20 V -440.36908222 1
20 W -437.579163338 0
20 Y -431.213609314 0
21 A -430.922513344 0
21 C -432.776385406 0
21 D -430.43871656 0
21 E -431.216868787 0
21 F -420.161522853 0
21 G -424.23196384 0
21 H -429.158877002 0
21 I -436.655266631 0
21 K -423.143769219 0
21 L -436.589982595 0
21 M -432.485386577 0
21 N -431.598158739 0
21 P -395.649790081 0
21 Q -431.895254645 0
21 R -424.377461101 0
21 S -430.455641834 0
21 T -433.807286317 0
21 V -439.942477112 1
21 W -421.760746989 0
21 Y -418.500729856 0
22 A -431.453997015 0
22 C -431.596192541 0
22 D -440.821790501 1
22 E -435.290770408 0
22 F -430.958869186 0
22 G -429.106041265 0
22 H -433.996938649 0
22 I -435.031184686 0
22 K -431.531570392 0
22 L -433.142338915 0
22 M -433.044492157 0
22 N -435.638722507 0
22 P -432.315500477 0
22 Q -433.144435273 0
22 R -431.035670956 0
22 S -431.658141788 0
22 T -432.518807205 0
22 V -433.909318656 0
22 W -432.842767509 0
22 Y -430.924140218 0
23 A -436.30730692 0
23 C -434.724684355 0
23 D -433.884340014 0
23 E -435.717641284 0
23 F -435.589442008 0
23 G -434.747518111 0
23 H -436.50508642 0
23 I -435.470222662 0
23 K -440.853843462 1
23 L -436.63720228 0
23 M -437.527207197 0
23 N -434.451918922 0
23 P -393.127206633 0
23 Q -435.266597394 0
23 R -437.539407644 0
23 S -436.266818622 0
23 T -434.194026455 0
23 V -435.015004229 0
23 W -436.951434975 0
23 Y -435.149333541 0
24 A -435.941707012 0
24 C -433.937086451 0
24 D -435.478707733 0
24 E -435.669252118 0
24 F -433.899511081 0
24 G -434.8236305 0
24 H -436.72730188 0
24 I -434.269237961 0
24 K -437.984883492 0
24 L -436.206197492 0
24 M -435.418336047 0
24 N -436.878324633 0
24 P -417.333024951 0
24 Q -434.463097608 0
24 R -440.807438898 1
24 S -437.314519427 0
24 T -434.91257964 0
24 V -433.899575166 0
24 W -434.583252075 0
24 Y -433.351534719 0
25 A -440.815167214 1
25 C -440.815167214 1
25 D -440.815167214 1
25 E -440.815167214 1
25 F -440.815167214 1
25 G -440.815167214 1
25 H -440.815167214 1
25 I -440.815167214 1
25 K -440.815167214 1
25 L -440.815167214 1
25 M -440.815167214 1
25 N -440.815167214 1
25 P -440.815167214 1
25 Q -440.815167214 1
25 R -440.815167214 1
25 S -440.815167214 1
25 T -440.815167214 1
25 V -440.815167214 1
25 W -440.815167214 1
25 Y -440.815167214 1
26 A -438.462056253 0
26 C -436.020699808 0
26 D -440.317384235 0
26 E -440.421003557 0
26 F -437.673371951 0
26 G -437.43219676 0
26 H -439.815904309 0
26 I -438.201478937 0
26 K -439.930182714 0
26 L -439.913615059 0
26 M -438.489048712 0
26 N -438.816649506 0
26 P -436.352114403 0
26 Q -438.607944294 0
26 R -440.819608685 1
26 S -440.013796306 0
26 T -439.659471032 0
26 V -438.12768297 0
26 W -438.241976315 0
26 Y -437.660748857 0
27 A -439.221510391 0
27 C -436.698609972 0
27 D -437.284261569 0
27 E -440.860243603 1
27 F -439.467248843 0
27 G -435.815618457 0
27 H -440.314791444 0
27 I -439.050486374 0
27 K -438.204601454 0
27 L -439.727227249 0
27 M -440.023860247 0
27 N -438.425311706 0
27 P -402.462973133 0
27 Q -437.880050801 0
27 R -438.659656274 0
27 S -439.655105347 0
27 T -439.583563897 0
27 V -439.768960282 0
27 W -437.766763923 0
27 Y -438.573739688 0
28 A -429.861271923 0
28 C -430.74348576 0
28 D -429.969977783 0
28 E -428.447166433 0
28 F -439.836070756 1
28 G -424.512990224 0
28 H -435.157476875 0
28 I -433.372551896 0
28 K -426.937483849 0
28 L -435.113496664 0
28 M -432.688369376 0
28 N -430.636365916 0
28 P -389.872619898 0
28 Q -427.819519717 0
28 R -427.393507672 0
28 S -430.032085984 0
28 T -432.436182436 0
28 V -432.254898593 0
28 W -426.834775912 0
28 Y -438.24366884 0
29 A -439.659130925 0
29 C -438.370043207 0
29 D -434.773872075 0
29 E -439.915076575 1
29 F -440.422126177 0
29 G -434.953430045 0
29 H -436.735336269 0
29 I -441.158165338 0
29 K -440.493016343 0
29 L -440.625389476 0
29 M -441.083399991 0
29 N -437.140375357 0
29 P -404.337360228 0
29 Q -440.144589272 0
29 R -440.813374505 0
29 S -438.99193857 0
29 T -439.609827384 0
29 V -441.331615703 0
29 W -439.64682422 0
29 Y -440.893035911 0
30 A -434.440411113 0
30 C -435.759501279 0
30 D -433.694094789 0
30 E -431.686679389 0
30 F -435.931428686 0
30 G -427.194029213 0
30 H -436.211348163 0
30 I -440.787946837 1
30 K -414.456718606 0
30 L -427.280014439 0
30 M -433.738106761 0
30 N -436.033848755 0
30 P -406.823013248 0
30 Q -433.445720872 0
30 R -414.67868396 0
30 S -434.209867595 0
30 T -437.439649926 0
30 V -442.553722535 0
30 W -421.07907649 0
30 Y -432.38363066 0
31 A -434.542125474 0
31 C -434.915454424 0
31 D -436.612155464 0
31 E -435.155997267 0
31 F -431.864545616 0
31 G -428.918866027 0
31 H -436.326911323 0
31 I -440.59404783 1
31 K -436.666903522 0
31 L -438.494177992 0
31 M -428.994833991 0
31 N -436.593372892 0
31 P -405.129561242 0
31 Q -436.787492919 0
31 R -438.673545339 0
31 S -426.625626672 0
31 T -427.640319068 0
31 V -431.656144679 0
31 W -432.50741094 0
31 Y -435.444472007 0
32 A -431.007966454 0
32 C -431.727728945 0
32 D -421.445002387 0
32 E -428.482687553 0
32 F -426.57502698 0
32 G -426.469819688 0
32 H -431.609035609 0
32 I -437.50587636 0
32 K -420.971944817 0
32 L -433.094243088 1
32 M -435.001747217 0
32 N -431.849506563 0
32 P -401.564104934 0
32 Q -432.655661161 0
32 R -421.082472202 0
32 S -431.509291217 0
32 T -433.821851493 0
32 V -429.181504819 0
32 W -416.294089833 0
32 Y -409.955756431 0
33 A -434.104174631 0
33 C -434.09557376 0
33 D -428.838319627 0
33 E -436.238554891 0
33 F -434.784072207 0
33 G -430.045213618 0
33 H -434.732062611 0
33 I -436.519367849 0
33 K -436.873425205 0
33 L -437.765255955 0
33 M -436.937712361 0
33 N -434.760658101 0
33 P -400.518892834 0
33 Q -437.940813329 0
33 R -440.810106699 1
33 S -431.161848751 0
33 T -435.026370948 0
33 V -436.000740816 0
33 W -434.026531867 0
33 Y -433.868117819 0
34 A -434.76725932 0
34 C -435.261829025 0
34 D -436.199681763 0
34 E -426.974886583 0
34 F -435.596197209 0
34 G -426.090382952 0
34 H -440.810873499 1
34 I -432.496529051 0
34 K -428.103981525 0
34 L -415.542463829 0
34 M -434.886013737 0
34 N -439.873764792 0
34 P -386.508865751 0
34 Q -433.902647393 0
34 R -422.488762846 0
34 S -434.853674475 0
34 T -434.584093987 0
34 V -438.389183091 0
34 W -391.075768512 0
34 Y -431.566199846 0
35 A -438.103596252 0
35 C -436.748326866 0
35 D -440.800089737 1
35 E -439.722585619 0
35 F -433.210779502 0
35 G -437.757156387 0
35 H -440.188447666 0
35 I -437.730065952 0
35 K -439.557836429 0
35 L -439.983957451 0
35 M -438.199346454 0
35 N -440.497713919 0
35 P -440.94891093 0
35 Q -439.966616438 0
35 R -438.760710023 0
35 S -439.797013281 0
35 T -438.84509771 0
35 V -437.051208357 0
35 W -437.376041202 0
35 Y -438.299335597 0
36 A -427.179193459 0
36 C -412.804265285 0
36 D -413.693257884 0
36 E -403.362131965 0
36 F -405.228426405 0
36 G -440.850666728 1
36 H -404.941990281 0
36 I -403.699077637 0
36 K -410.694995947 0
36 L -413.03203628 0
36 M -407.262745064 0
36 N -414.693873093 0
36 P -392.118069341 0
36 Q -412.140913882 0
36 R -409.640122395 0
36 S -424.835720129 0
36 T -417.444012649 0
36 V -407.99188656 0
36 W -367.159108673 0
36 Y -405.4540392 0
37 A -438.59324089 0
37 C -438.257609223 0
37 D -440.316536717 0
37 E -441.078225942 0
37 F -440.85099601 1
37 G -438.637614733 0
37 H -441.298929695 0
37 I -440.139072207 0
37 K -441.438463732 0
37 L -441.332870556 0
37 M -439.221764364 0
37 N -440.573119486 0
37 P -427.634372258 0
37 Q -440.12023586 0
37 R -440.983809544 0
37 S -440.309961392 0
37 T -441.12054952 0
37 V -440.182036469 0
37 W -440.609522037 0
37 Y -440.808226215 0
38 A -435.824686393 0
38 C -434.987242113 0
38 D -434.773305552 0
38 E -436.860280355 0
38 F -438.196611761 0
38 G -433.80739345 0
38 H -436.789239411 0
38 I -436.47119632 0
38 K -436.365390316 0
38 L -440.860913874 1
38 M -438.4343027 0
38 N -436.577284146 0
38 P -417.005035505 0
38 Q -436.535448362 0
38 R -436.878911534 0
38 S -434.946293967 0
38 T -433.852067919 0
38 V -435.88386509 0
38 W -437.713248737 0
38 Y -437.702735396 0
39 A -437.058585946 0
39 C -434.847568728 0
39 D -437.126560445 0
39 E -437.185809013 0
39 F -434.675024579 0
39 G -436.773654979 0
39 H -436.812657312 0
39 I -432.626343922 0
39 K -436.882123205 0
39 L -437.341933561 0
39 M -435.638879175 0
39 N -436.661015793 0
39 P -440.842150495 1
39 Q -435.765803112 0
39 R -438.202867249 0
39 S -439.341358269 0
39 T -438.450554403 0
39 V -435.458574177 0
39 W -434.716179524 0
39 Y -434.569574228 0
40 A -436.420610268 0
40 C -433.80559957 0
40 D -433.965391283 0
40 E -436.35828308 0
40 F -433.564906001 0
40 G -433.976914187 0
40 H -435.83366403 0
40 I -438.033417427 0
40 K -440.874248564 1
40 L -438.122346303 0
40 M -437.160860052 0
40 N -435.095083989 0
40 P -436.384510826 0
40 Q -436.28789967 0
40 R -438.3014671 0
40 S -435.818142859 0
40 T -438.046116305 0
40 V -437.586305408 0
40 W -431.209548177 0
40 Y -434.618957309 0
41 A -437.756498938 0
41 C -436.171221476 0
41 D -438.844841469 0
41 E -440.837357933 1
41 F -438.590721801 0
41 G -436.326947947 0
41 H -441.227368912 0
41 I -435.715613366 0
41 K -439.037929268 0
41 L -432.130980609 0
41 M -437.255178612 0
41 N -438.709046581 0
41 P -424.337882777 0
41 Q -439.106744914 0
41 R -438.537814119 0
41 S -439.072763506 0
41 T -434.656184943 0
41 V -435.546361965 0
41 W -439.390466291 0
41 Y -438.481025218 0
42 A -438.716980932 0
42 C -437.081525979 0
42 D -438.6755514 0
42 E -440.169001091 0
42 F -437.843370288 0
42 G -435.420827003 0
42 H -438.542437909 0
42 I -441.401724958 0
42 K -440.458446855 0
42 L -440.8662104 1
42 M -439.090760653 0
42 N -438.9035493 0
42 P -394.388769275 0
42 Q -439.11892473 0
42 R -439.92752234 0
42 S -438.111959906 0
42 T -439.968932573 0
42 V -441.848562091 0
42 W -437.291232432 0
42 Y -438.202123305 0
43 A -444.599997312 0
43 C -440.867806165 1
43 D -439.469810255 0
43 E -440.038382794 0
43 F -439.669938678 0
43 G -438.94288395 0
43 H -440.246123818 0
43 I -435.488266866 0
43 K -437.212019479 0
43 L -437.130342143 0
43 M -441.233598173 0
43 N -441.338114401 0
43 P -367.512973819 0
43 Q -440.129349501 0
43 R -443.169981273 0
43 S -440.139560304 0
43 T -440.062979928 0
43 V -439.181373684 0
43 W -430.550258308 0
43 Y -439.60329805 0
44 A -435.951251063 0
44 C -418.781070398 0
44 D -412.885573252 0
44 E -412.671449248 0
44 F -385.157703339 0
44 G -440.865426769 1
44 H -395.529115844 0
44 I -388.030783314 0
44 K -399.209607725 0
44 L -400.1377024 0
44 M -412.099769619 0
44 N -415.73626145 0
44 P -425.475005969 0
44 Q -413.781868224 0
44 R -407.72755392 0
44 S -428.155868395 0
44 T -417.134924844 0
44 V -406.355816242 0
44 W -343.774123849 0
44 Y -374.528398078 0
45 A -440.117486524 0
45 C -439.729097088 0
45 D -434.203407523 0
45 E -434.393664058 0
45 F -438.950123951 0
45 G -437.126967532 0
45 H -440.858385502 1
45 I -437.120665571 0
45 K -428.929057581 0
45 L -435.562767387 0
45 M -437.501524891 0
45 N -442.541483536 0
45 P -396.040351927 0
45 Q -439.455723952 0
45 R -431.091210205 0
45 S -438.702066474 0
45 T -428.25386758 0
45 V -436.635703869 0
45 W -421.077366369 0
45 Y -436.866077388 0
46 A -435.014050075 0
46 C -434.682564284 0
46 D -435.571493421 0
46 E -430.690001487 0
46 F -420.838548725 0
46 G -431.981032217 0
46 H -425.376133676 0
46 I -429.31031579 0
46 K -425.257997931 0
46 L -435.627572733 0
46 M -432.383651595 0
46 N -440.860427856 1
46 P -416.883600957 0
46 Q -433.209063086 0
46 R -426.791188641 0
46 S -436.215485671 0
46 T -434.914962285 0
46 V -434.249894283 0
46 W -401.465980323 0
46 Y -412.619323536 0
47 A -432.352804084 0
47 C -432.727198762 0
47 D -434.438217176 0
47 E -432.962697822 0
47 F -440.88151929 0
47 G -426.152551828 0
47 H -436.8957512 0
47 I -436.247087636 0
47 K -425.991609863 0
47 L -438.875959399 0
47 M -436.951782126 0
47 N -435.23944716 0
47 P -397.04830194 0
47 Q -433.087453314 0
47 R -431.003286047 0
47 S -433.440966109 0
47 T -433.79880786 0
47 V -437.186722426 0
47 W -440.825419741 1
47 Y -439.225856192 0
48 A -432.120497063 0
48 C -425.254154852 0
48 D -428.429154615 0
48 E -425.188735651 0
48 F -417.095082905 0
48 G -425.7095882 0
48 H -425.285827902 0
48 I -433.881603663 0
48 K -418.752722643 0
48 L -424.308613016 0
48 M -423.703857664 0
48 N -431.374810308 0
48 P -375.640123034 0
48 Q -422.980791178 0
48 R -421.592257344 0
48 S -431.295491636 0
48 T -435.772237474 0
48 V -432.389792262 1
48 W -405.671057961 0
48 Y -422.201946778 0
49 A -430.230364355 0
49 C -430.604199238 0
49 D -423.347164069 0
49 E -425.270222191 0
49 F -433.095593134 0
49 G -426.968219398 0
49 H -431.639693202 0
49 I -431.04788603 0
49 K -416.90175571 0
49 L -432.996990952 1
49 M -434.651451206 0
49 N -430.405188878 0
49 P -387.299518729 0
49 Q -432.376302984 0
49 R -414.116976492 0
49 S -429.82565771 0
49 T -426.258769258 0
49 V -429.247167118 0
49 W -410.666598195 0
49 Y -429.299348029 0
50 A -440.690402973 0
50 C -438.733898147 0
50 D -433.469656118 0
50 E -419.021172141 0
50 F -399.16321452 0
50 G -435.924522311 0
50 H -414.213172019 0
50 I -423.179072768 0
50 K -400.203398223 0
50 L -422.488774097 0
50 M -417.329572544 0
50 N -433.533583948 0
50 P -398.630783878 0
50 Q -420.794180785 0
50 R -391.371279098 0
50 S -440.861079874 1
50 T -438.543005786 0
50 V -434.490896003 0
50 W -378.854567128 0
50 Y -394.638331803 0
51 A -441.828714556 0
51 C -440.973842463 0
51 D -440.029529297 0
51 E -444.834768518 0
51 F -438.851164353 0
51 G -438.256635933 0
51 H -436.33374213 0
51 I -440.573866309 0
51 K -442.01010082 0
51 L -442.966793557 0
51 M -443.976089893 0
51 N -438.135523006 0
51 P -439.44057448 0
51 Q -443.841574594 0
51 R -443.436546961 0
51 S -442.523117727 0
51 T -443.698981745 0
51 V -440.860961538 1
51 W -443.029684111 0
51 Y -439.056384167 0
52 A -438.745179255 0
52 C -433.521877711 0
52 D -438.253343548 0
52 E -440.849263096 1
52 F -432.311747014 0
52 G -435.028710667 0
52 H -437.664622381 0
52 I -436.855332144 0
52 K -434.946021938 0
52 L -437.819810545 0
52 M -435.530474769 0
52 N -434.820544288 0
52 P -383.197949233 0
52 Q -437.384422714 0
52 R -435.051747091 0
52 S -436.902393728 0
52 T -434.636415102 0
52 V -436.907779579 0
52 W -434.933744929 0
52 Y -432.968902191 0
53 A -440.426494978 0
53 C -436.694991344 0
53 D -441.182898707 0
53 E -442.279297191 0
53 F -437.627586216 0
53 G -438.202856486 0
53 H -439.456324322 0
53 I -439.468701703 0
53 K -440.822026204 0
53 L -440.595280186 0
53 M -439.127601989 0
53 N -439.74172843 0
53 P -422.880550011 0
53 Q -440.024056162 0
53 R -440.84299751 1
53 S -440.170063504 0
53 T -439.517190809 0
53 V -439.442403288 0
53 W -438.058629932 0
53 Y -437.938994574 0
54 A -438.681328257 0
54 C -436.920006657 0
54 D -439.84342192 0
54 E -439.386416951 0
54 F -438.301433458 0
54 G -436.23330622 0
54 H -440.46225908 0
54 I -432.733859152 0
54 K -438.54394279 0
54 L -438.078475522 0
54 M -437.604574166 0
54 N -439.317446117 0
54 P -414.07030342 0
54 Q -440.314566274 0
54 R -439.034831591 0
54 S -437.942918356 0
54 T -437.812704744 0
54 V -436.061544544 0
54 W -440.872218156 1
54 Y -438.028791028 0
55 A -436.959162308 0
55 C -435.397734142 0
55 D -432.155909544 0
55 E -437.707906749 0
55 F -437.58203381 0
55 G -434.02417841 0
55 H -437.124683813 0
55 I -432.263827814 0
55 K -436.978174127 0
55 L -440.809568926 1
55 M -439.468144172 0
55 N -433.654096897 0
55 P -383.893305396 0
55 Q -437.029245158 0
55 R -437.869516143 0
55 S -435.37841669 0
55 T -436.677677396 0
55 V -439.272004602 0
55 W -439.800109078 0
55 Y -437.181130382 0
56 A -439.320815081 0
56 C -436.511565814 0
56 D -440.705106172 0
56 E -441.003490163 0
56 F -439.171033571 0
56 G -437.726913049 0
56 H -439.725292387 0
56 I -440.122194259 0
56 K -440.490610776 0
56 L -440.857492182 1
56 M -440.066018023 0
56 N -439.703499289 0
56 P -434.692846012 0
56 Q -439.151180892 0
56 R -440.039401126 0
56 S -439.693948535 0
56 T -438.944583671 0
56 V -439.452112593 0
56 W -439.491042098 0
56 Y -438.893219836 0
57 A -439.329813372 0
57 C -435.66623685 0
57 D -440.169161895 0
57 E -440.856662851 1
57 F -437.669177573 0
57 G -437.595771977 0
57 H -438.394191493 0
57 I -439.348832827 0
57 K -439.227741974 0
57 L -441.030641318 0
57 M -439.833934208 0
57 N -438.483447738 0
57 P -430.107278833 0
57 Q -439.002961574 0
57 R -439.145226386 0
57 S -438.642135269 0
57 T -437.575530021 0
57 V -438.355100737 0
57 W -438.144361573 0
57 Y -437.663570346 0
58 A -435.246420248 0
58 C -434.884899996 0
58 D -430.52660685 0
58 E -429.465467901 0
58 F -421.982316426 0
58 G -431.832786234 0
58 H -430.14434355 0
58 I -441.088626358 0
58 K -422.164669393 0
58 L -436.922339813 0
58 M -430.933688434 0
58 N -432.854778035 0
58 P -378.003123665 0
58 Q -428.624131366 0
58 R -417.76583385 0
58 S -433.627071604 0
58 T -436.531567834 0
58 V -440.851593527 1
58 W -401.301678555 0
58 Y -415.772226865 0
59 A -436.43660776 0
59 C -436.752834618 0
59 D -433.905794387 0
59 E -434.192419161 0
59 F -421.372048539 0
59 G -432.947573057 0
59 H -428.986786269 0
59 I -439.799273834 0
59 K -422.800374445 0
59 L -438.0139779 0
59 M -435.437133596 0
59 N -435.799506251 0
59 P -377.571410612 0
59 Q -434.576836218 0
59 R -433.33119057 0
59 S -434.733029706 0
59 T -436.863332804 0
59 V -440.861437495 1
59 W -429.844537922 0
59 Y -432.584340579 0
60 A -438.490221078 0
60 C -436.202274958 0
60 D -438.623971211 0
60 E -439.357433342 0
60 F -438.125971109 0
60 G -437.514295132 0
60 H -439.044027379 0
60 I -439.49240149 0
60 K -439.616650552 0
60 L -440.227380618 0
60 M -439.003314953 0
60 N -438.388559623 0
60 P -379.060679767 0
60 Q -437.97427227 0
60 R -440.862615436 1
60 S -438.850653821 0
60 T -438.990292026 0
60 V -438.872845991 0
60 W -440.19884261 0
60 Y -437.828898192 0
61 A -437.229420163 0
61 C -435.150141235 0
61 D -440.862526828 1
61 E -438.574623762 0
61 F -435.756850918 0
61 G -434.908444977 0
61 H -437.675510433 0
61 I -435.172794358 0
61 K -437.101080419 0
61 L -438.450813553 0
61 M -437.379593584 0
61 N -437.367920381 0
61 P -379.033644525 0
61 Q -437.04234245 0
61 R -437.702012124 0
61 S -435.794713143 0
61 T -434.53643926 0
61 V -435.384873596 0
61 W -437.32832303 0
61 Y -435.355772568 0
62 A -430.553631572 0
62 C -422.623780945 0
62 D -420.266267566 0
62 E -405.732780032 0
62 F -407.428739293 0
62 G -440.836718645 1
62 H -408.528595439 0
62 I -375.102092601 0
62 K -382.533153658 0
62 L -400.245059552 0
62 M -401.482377566 0
62 N -419.123614791 0
62 P -346.198711938 0
62 Q -405.398147294 0
62 R -365.764512589 0
62 S -429.740090862 0
62 T -411.058804099 0
62 V -396.574828474 0
62 W -376.98473408 0
62 Y -404.022403427 0
63 A -439.286691811 0
63 C -437.969432909 0
63 D -438.564393412 0
63 E -441.127664353 0
63 F -440.733295924 0
63 G -437.447258801 0
63 H -440.122275979 0
63 I -440.855002886 1
63 K -439.329164326 0
63 L -438.177296232 0
63 M -440.041320692 0
63 N -439.089799265 0
63 P -382.516787351 0
63 Q -438.751506038 0
63 R -439.346357564 0
63 S -438.389549406 0
63 T -439.299668927 0
63 V -439.834388628 0
63 W -439.765981118 0
63 Y -438.51834499 0
64 A -441.050071024 0
64 C -439.425005499 0
64 D -441.12192288 0
64 E -441.018868167 0
64 F -439.548834842 0
64 G -439.941895306 0
64 H -440.965920532 0
64 I -438.030528468 0
64 K -441.169393488 0
64 L -442.513131749 0
64 M -441.705508384 0
64 N -441.711813558 0
64 P -401.42372883 0
64 Q -440.457182826 0
64 R -441.715245618 0
64 S -440.866702381 1
64 T -439.999799552 0
64 V -438.151447074 0
64 W -441.174908171 0
64 Y -439.250849091 0
65 A -442.027110238 0
65 C -437.465417031 0
65 D -431.311002603 0
65 E -436.129114771 0
65 F -434.908878361 0
65 G -438.335133707 0
65 H -434.757830951 0
65 I -433.11581067 0
65 K -431.405866669 0
65 L -431.877903376 0
65 M -436.154379145 0
65 N -432.382857095 0
65 P -374.743483626 0
65 Q -435.667685852 0
65 R -433.547741358 0
65 S -440.864805575 1
65 T -436.579708132 0
65 V -430.205559339 0
65 W -433.472831207 0
65 Y -434.480838945 0
66 A -423.020835038 0
66 C -422.399613677 0
66 D -427.831133532 0
66 E -423.973533495 0
66 F -422.867514226 0
66 G -440.848460139 1
66 H -424.279374573 0
66 I -417.211557473 0
66 K -423.754113074 0
66 L -421.580226362 0
66 M -422.29609022 0
66 N -423.125548716 0
66 P -359.498368623 0
66 Q -423.680022815 0
66 R -422.05956697 0
66 S -430.184671076 0
66 T -417.259496817 0
66 V -416.769568854 0
66 W -422.371641235 0
66 Y -422.155635377 0
67 A -436.868290451 0
67 C -433.284504293 0
67 D -436.950014404 0
67 E -439.612845501 0
67 F -438.581692574 0
67 G -434.958429286 0
67 H -437.291083769 0
67 I -438.770666411 0
67 K -436.379035999 0
67 L -440.854284259 1
67 M -434.368468154 0
67 N -435.547069206 0
67 P -436.122499474 0
67 Q -437.847971961 0
67 R -436.596733374 0
67 S -437.271493185 0
67 T -436.816482238 0
67 V -436.292205098 0
67 W -437.511109071 0
67 Y -436.88385112 0
68 A -437.223093096 0
68 C -435.873758482 0
68 D -438.843122313 0
68 E -440.485236402 0
68 F -436.560619779 0
68 G -436.757214658 0
68 H -440.679542582 1
68 I -436.785583427 0
68 K -438.730116956 0
68 L -437.982222274 0
68 M -437.13593096 0
68 N -437.851716103 0
68 P -433.494800193 0
68 Q -439.196682091 0
68 R -437.791326596 0
68 S -439.189074207 0
68 T -437.951070348 0
68 V -436.638718799 0
68 W -438.498097361 0
68 Y -436.464604256 0
69 A -435.874176075 0
69 C -434.65614707 0
69 D -436.61128204 0
69 E -435.91622262 0
69 F -431.876657732 0
69 G -434.149226046 0
69 H -437.077685657 0
69 I -431.922604795 0
69 K -435.221640013 0
69 L -437.096971191 0
69 M -436.188693535 0
69 N -440.864898016 1
69 P -392.318504231 0
69 Q -436.155717076 0
69 R -435.567105172 0
69 S -434.830548797 0
69 T -432.67289347 0
69 V -427.47904425 0
69 W -431.288989162 0
69 Y -431.811263485 0
70 A -434.50898164 0
70 C -433.505844501 0
70 D -440.86966779 1
70 E -436.822082058 0
70 F -434.8077112 0
70 G -434.727225943 0
70 H -437.905215775 0
70 I -420.720253832 0
70 K -433.216998026 0
70 L -435.322978634 0
70 M -434.867618393 0
70 N -438.286789336 0
70 P -384.77161571 0
70 Q -436.338744712 0
70 R -431.450265497 0
70 S -433.593519687 0
70 T -428.527854517 0
70 V -419.412844924 0
70 W -433.9562645 0
70 Y -434.368519696 0
71 A -432.457453783 0
71 C -432.043924885 0
71 D -433.645988154 0
71 E -430.729444919 0
71 F -440.864008675 1
71 G -429.151505918 0
71 H -437.604468584 0
71 I -397.795326122 0
71 K -430.113106013 0
71 L -431.002927995 0
71 M -433.25528018 0
71 N -435.765708146 0
71 P -390.093135259 0
71 Q -429.593976435 0
71 R -433.918209621 0
71 S -431.088112678 0
71 T -428.079715502 0
71 V -422.873196378 0
71 W -439.354657197 0
71 Y -440.082541782 0
72 A -434.834435041 0
72 C -435.306748172 0
72 D -432.15947066 0
72 E -433.751604383 0
72 F -435.454708305 0
72 G -431.427004268 0
72 H -435.356141317 0
72 I -438.873751298 0
72 K -434.117443622 0
72 L -440.864637848 1
72 M -439.174591376 0
72 N -434.754822483 0
72 P -376.154748299 0
72 Q -436.245311323 0
72 R -434.051938288 0
72 S -434.753513326 0
72 T -434.936172575 0
72 V -437.352869235 0
72 W -425.675610514 0
72 Y -435.211088748 0
73 A -440.077660213 0
73 C -438.475771427 0
73 D -438.271783701 0
73 E -439.152308506 0
73 F -440.061511097 0
73 G -437.820671667 0
73 H -442.235077722 0
73 I -435.139398946 0
73 K -441.131464488 0
73 L -442.271222919 0
73 M -440.884548477 0
73 N -438.625574296 0
73 P -438.987460724 0
73 Q -438.812644823 0
73 R -440.808470018 1
73 S -439.720025477 0
73 T -438.262669166 0
73 V -438.604269067 0
73 W -440.243985637 0
73 Y -440.144514513 0
74 A -438.187207191 0
74 C -436.289065339 0
74 D -438.153806899 0
74 E -438.687731991 0
74 F -436.566235551 0
74 G -436.691326721 0
74 H -438.600099137 0
74 I -438.649798701 0
74 K -441.591051805 0
74 L -439.752888164 0
74 M -437.555352199 0
74 N -437.807271198 0
74 P -442.531287425 0
74 Q -438.203681704 0
74 R -440.867902959 1
74 S -439.199042142 0
74 T -438.346657983 0
74 V -438.199906903 0
74 W -437.990093095 0
74 Y -437.153443876 0
75 A -437.250404305 0
75 C -435.679524941 0
75 D -440.843698557 1
75 E -439.215021419 0
75 F -437.563759287 0
75 G -437.0064545 0
75 H -439.671413637 0
75 I -422.333127068 0
75 K -439.714302689 0
75 L -437.798618449 0
75 M -437.136145298 0
75 N -441.035174082 0
75 P -405.164659022 0
75 Q -437.586146814 0
75 R -438.952294411 0
75 S -438.58940723 0
75 T -433.506681298 0
75 V -424.896084089 0
75 W -436.711965841 0
75 Y -437.235155799 0
76 A -432.221593986 0
76 C -434.203588729 0
76 D -440.85633838 1
76 E -433.817204519 0
76 F -431.488060603 0
76 G -429.756735045 0
76 H -434.480994881 0
76 I -425.108709584 0
76 K -430.999783774 0
76 L -434.929822305 0
76 M -434.421529329 0
76 N -436.879020483 0
76 P -423.944937893 0
76 Q -435.303556377 0
76 R -428.124288251 0
76 S -432.975240428 0
76 T -434.298290354 0
76 V -428.535643574 0
76 W -428.864378145 0
76 Y -429.986216787 0
77 A -438.823471578 0
77 C -435.962782391 0
77 D -440.052669755 0
77 E -440.04139048 0
77 F -436.177830885 0
77 G -438.446471591 0
77 H -440.537388145 0
77 I -437.300791109 0
77 K -439.70184369 0
77 L -439.414506305 0
77 M -438.632764106 0
77 N -438.823764427 0
77 P -439.451524594 0
77 Q -438.523965338 0
77 R -439.1591907 0
77 S -440.850787859 1
77 T -439.102276041 0
77 V -436.963850031 0
77 W -437.832521764 0
77 Y -436.373689015 0
78 A -437.533519535 0
78 C -435.508381799 0
78 D -433.893993354 0
78 E -434.062934628 0
78 F -437.711985157 0
78 G -434.808047748 0
78 H -438.686266729 0
78 I -430.573235061 0
78 K -437.945233904 0
78 L -440.001567454 0
78 M -436.638762098 0
78 N -438.339843773 0
78 P -410.526384384 0
78 Q -438.324697515 0
78 R -440.846227029 1
78 S -437.098191629 0
78 T -437.652951908 0
78 V -433.43139545 0
78 W -436.778763735 0
78 Y -437.73054507 0
79 A -432.70311879 0
79 C -433.920310149 0
79 D -432.765541109 0
79 E -430.147056064 0
79 F -422.879402753 0
79 G -428.865237952 0
79 H -424.449365008 0
79 I -440.863501217 1
79 K -422.453945946 0
79 L -436.148145123 0
79 M -431.839101017 0
79 N -434.81530723 0
79 P -393.410831024 0
79 Q -431.665244866 0
79 R -429.539413779 0
79 S -432.359745367 0
79 T -435.528470127 0
79 V -440.044825734 0
79 W -421.365873337 0
79 Y -421.394878018 0
80 A -432.099406289 0
80 C -430.79735616 0
80 D -432.608889121 0
80 E -432.947420795 0
80 F -435.711115232 0
80 G -429.041449103 0
80 H -435.596456098 0
80 I -439.761392977 1
80 K -434.170360916 0
80 L -437.243918906 0
80 M -433.746048511 0
80 N -432.695119253 0
80 P -402.442440013 0
80 Q -431.74292062 0
80 R -434.225573688 0
80 S -431.755280412 0
80 T -434.013994787 0
80 V -436.966247694 0
80 W -434.286227949 0
80 Y -434.937528966 0
81 A -440.862608269 1
81 C -435.98951729 0
81 D -428.621731842 0
81 E -427.587514726 0
81 F -423.703678369 0
81 G -433.098966398 0
81 H -424.090836436 0
81 I -426.376244489 0
81 K -421.927244437 0
81 L -424.004635486 0
81 M -430.543709742 0
81 N -429.340196657 0
81 P -381.057769935 0
81 Q -429.608002076 0
81 R -412.548235572 0
81 S -438.080430018 0
81 T -436.074415574 0
81 V -435.417974054 0
81 W -412.402897788 0
81 Y -423.585114318 0
82 A -438.932799804 0
82 C -436.874555524 0
82 D -434.192924402 0
82 E -434.872575378 0
82 F -439.991631209 0
82 G -433.289055681 0
82 H -439.785002404 1
82 I -430.153584574 0
82 K -436.32230369 0
82 L -435.085763768 0
82 M -434.968655988 0
82 N -438.00007858 0
82 P -409.256501985 0
82 Q -436.854076199 0
82 R -437.618164058 0
82 S -438.364353278 0
82 T -436.781877417 0
82 V -433.947609261 0
82 W -431.150090851 0
82 Y -439.407033332 0
83 A -432.183120627 0
83 C -422.472471191 0
83 D -430.379627873 0
83 E -427.735064112 0
83 F -425.498165468 0
83 G -431.791875114 0
83 H -430.345362814 0
83 I -429.154584803 0
83 K -412.532759488 0
83 L -434.541983465 0
83 M -431.591589582 0
83 N -433.553508683 0
83 P -398.795077913 0
83 Q -430.766134117 0
83 R -411.044936552 0
83 S -435.957641041 0
83 T -440.813761698 1
83 V -434.414457598 0
83 W -392.709532291 0
83 Y -406.802603029 0
84 A -439.527380585 0
84 C -435.787737225 0
84 D -436.066650952 0
84 E -436.679775947 0
84 F -436.437192417 0
84 G -439.889617092 0
84 H -438.464098402 1
84 I -435.216823286 0
84 K -439.98605668 0
84 L -437.720231207 0
84 M -439.289854248 0
84 N -439.51506169 0
84 P -425.591741765 0
84 Q -435.627247431 0
84 R -442.420185812 0
84 S -439.054213661 0
84 T -437.502667979 0
84 V -435.600527798 0
84 W -437.014566046 0
84 Y -436.894462252 0
85 A -432.634808448 0
85 C -433.059645077 0
85 D -432.446894453 0
85 E -431.849324176 0
85 F -427.300576155 0
85 G -429.674708435 0
85 H -426.760676514 0
85 I -430.603514066 0
85 K -419.056381855 0
85 L -440.870082501 1
85 M -438.250830918 0
85 N -433.72889688 0
85 P -413.641417739 0
85 Q -431.85557725 0
85 R -425.806183708 0
85 S -431.680281435 0
85 T -432.840239775 0
85 V -435.565504074 0
85 W -421.900088305 0
85 Y -423.914539972 0
86 A -431.410647552 0
86 C -432.530371641 0
86 D -427.668372337 0
86 E -429.599270229 0
86 F -423.896687459 0
86 G -429.618905461 0
86 H -426.698556916 0
86 I -440.859512778 1
86 K -432.765976811 0
86 L -437.707958104 0
86 M -435.285474058 0
86 N -431.551714171 0
86 P -393.812160744 0
86 Q -432.036513113 0
86 R -433.788123997 0
86 S -431.386471581 0
86 T -434.015021906 0
86 V -436.968260538 0
86 W -427.295757388 0
86 Y -406.922565225 0
87 A -429.289450313 0
87 C -428.336255787 0
87 D -428.718914513 0
87 E -430.893404817 0
87 F -426.491929608 0
87 G -440.691614189 1
87 H -426.583530813 0
87 I -409.252599788 0
87 K -428.326064741 0
87 L -424.56324225 0
87 M -426.835926283 0
87 N -427.04727195 0
87 P -419.9897415 0
87 Q -430.474087144 0
87 R -425.709376007 0
87 S -426.543915709 0
87 T -426.597635828 0
87 V -402.923642589 0
87 W -423.429255471 0
87 Y -426.38910033 0
88 A -441.257198705 0
88 C -435.800927104 0
88 D -429.970504389 0
88 E -431.042997165 0
88 F -431.762997536 0
88 G -437.856046954 0
88 H -432.368749957 0
88 I -411.305798505 0
88 K -439.180362925 0
88 L -424.289769363 0
88 M -436.146338332 0
88 N -438.689200996 0
88 P -426.407319105 0
88 Q -435.016171845 0
88 R -440.123921094 0
88 S -440.854008031 1
88 T -440.712955635 0
88 V -434.489735899 0
88 W -431.882180599 0
88 Y -432.801591985 0
89 A -434.244304721 0
89 C -432.381135958 0
89 D -435.755094983 0
89 E -434.636576425 0
89 F -434.615436691 0
89 G -440.846833388 1
89 H -435.492845079 0
89 I -420.737841062 0
89 K -436.262779943 0
89 L -435.103890459 0
89 M -433.945650451 0
89 N -437.205213725 0
89 P -381.628825391 0
89 Q -434.412053319 0
89 R -436.018066047 0
89 S -435.641823849 0
89 T -433.902464141 0
89 V -420.606148625 0
89 W -432.997184567 0
89 Y -434.261428257 0
90 A -437.136625558 0
90 C -436.582874615 0
90 D -439.168721798 0
90 E -440.046602956 0
90 F -437.030534215 0
90 G -436.811645162 0
90 H -439.450543211 0
90 I -435.14810544 0
90 K -437.611858059 0
90 L -438.483022078 0
90 M -438.443136111 0
90 N -438.167448858 0
90 P -366.857295021 0
90 Q -440.688437713 1
90 R -438.997937849 0
90 S -436.757767061 0
90 T -435.303669334 0
90 V -435.333997476 0
90 W -436.005375425 0
90 Y -436.722672872 0
91 A -436.715593295 0
91 C -436.293458295 0
91 D -435.295079556 0
91 E -440.774620977 1
91 F -435.308606609 0
91 G -433.694448373 0
91 H -435.81837982 0
91 I -438.43102009 0
91 K -437.133962163 0
91 L -438.684658283 0
91 M -437.986253477 0
91 N -435.587911505 0
91 P -413.270969986 0
91 Q -438.772506685 0
91 R -436.851801155 0
91 S -436.946509371 0
91 T -437.717676371 0
91 V -438.308601004 0
91 W -435.587596859 0
91 Y -434.976022894 0
92 A -435.94400327 0
92 C -433.489967065 0
92 D -440.813748898 1
92 E -436.429653658 0
92 F -434.192611454 0
92 G -430.511100509 0
92 H -434.949295008 0
92 I -434.505687455 0
92 K -433.180191612 0
92 L -427.457012015 0
92 M -433.229737816 0
92 N -434.099982411 0
92 P -391.554380808 0
92 Q -434.124072079 0
92 R -423.346687189 0
92 S -434.749821294 0
92 T -435.975512009 0
92 V -434.686635772 0
92 W -434.028813871 0
92 Y -433.270340811 0
93 A -439.54842878 0
93 C -437.45330741 0
93 D -435.219972712 0
93 E -436.507088494 0
93 F -438.421761909 0
93 G -436.089244918 0
93 H -438.360518548 0
93 I -440.801077182 1
93 K -439.538696899 0
93 L -438.178800878 0
93 M -438.174037812 0
93 N -435.23978396 0
93 P -412.116950486 0
93 Q -436.542558488 0
93 R -441.890329708 0
93 S -440.107183868 0
93 T -440.058531271 0
93 V -440.999239674 0
93 W -438.363976581 0
93 Y -438.336151448 0
94 A -434.499912068 0
94 C -434.444482657 0
94 D -431.261500516 0
94 E -432.197216518 0
94 F -426.548383022 0
94 G -429.891244408 0
94 H -435.529148001 0
94 I -437.88011778 0
94 K -434.710753259 0
94 L -435.174482189 0
94 M -433.969255642 0
94 N -433.967717092 0
94 P -400.020883102 0
94 Q -431.814735723 0
94 R -434.200355898 0
94 S -433.880215109 0
94 T -437.629666763 0
94 V -440.7991012 1
94 W -431.993621027 0
94 Y -426.554250181 0
95 A -435.377467836 0
95 C -434.680997487 0
95 D -430.813689731 0
95 E -433.854434978 0
95 F -430.516079523 0
95 G -432.65854092 0
95 H -436.269469337 0
95 I -440.279273687 0
95 K -437.560201886 0
95 L -438.21801275 0
95 M -436.317677959 0
95 N -435.094814428 0
95 P -424.748968335 0
95 Q -435.855593659 0
95 R -437.84829478 0
95 S -435.617267252 0
95 T -437.329338439 0
95 V -439.918336194 1
95 W -438.840262416 0
95 Y -431.56221589 0
96 A -429.517762615 0
96 C -430.171492489 0
96 D -426.28899271 0
96 E -430.539951495 0
96 F -440.023331504 1
96 G -428.520481075 0
96 H -434.1101888 0
96 I -432.87785965 0
96 K -428.093673691 0
96 L -433.764398941 0
96 M -434.833446932 0
96 N -428.626553233 0
96 P -395.430021459 0
96 Q -429.990555637 0
96 R -432.087560901 0
96 S -429.860012861 0
96 T -429.921784902 0
96 V -434.302841939 0
96 W -438.665627287 0
96 Y -439.778060427 0
97 A -439.106575621 0
97 C -436.04738764 0
97 D -439.102541668 0
97 E -440.839311833 1
97 F -437.100500865 0
97 G -437.445715237 0
97 H -437.724470762 0
97 I -435.710229301 0
97 K -438.694304076 0
97 L -439.692795287 0
97 M -438.856122951 0
97 N -438.109637135 0
97 P -439.04217101 0
97 Q -437.834829547 0
97 R -436.95604282 0
97 S -439.055703425 0
97 T -437.318336256 0
97 V -435.565762282 0
97 W -438.763057536 0
97 Y -436.04005335 0
98 A -437.188614881 0
98 C -438.284937048 0
98 D -433.283492991 0
98 E -430.45902084 0
98 F -427.124121821 0
98 G -434.192693235 0
98 H -425.656325044 0
98 I -437.127592913 0
98 K -431.828937425 0
98 L -437.04806892 0
98 M -435.767178116 0
98 N -438.379859962 0
98 P -386.680868368 0
98 Q -432.300228127 0
98 R -435.268506371 0
98 S -438.994217339 0
98 T -440.83114958 1
98 V -440.13742751 0
98 W -419.93406472 0
98 Y -409.716006445 0
99 A -438.959435473 0
99 C -437.896475322 0
99 D -439.958529133 0
99 E -440.060115555 0
99 F -437.907815996 0
99 G -438.223314678 0
99 H -438.304445106 0
99 I -438.398554913 0
99 K -440.651163145 0
99 L -439.512403532 0
99 M -439.140823325 0
99 N -439.025940064 0
99 P -420.925045718 0
99 Q -437.801071963 0
99 R -439.087481656 0
99 S -440.854742199 1
99 T -439.113294103 0
99 V -437.980432016 0
99 W -438.213055225 0
99 Y -438.072842005 0
100 A -438.594403301 0
100 C -437.543521539 0
100 D -437.325997531 0
100 E -438.240825904 0
100 F -436.186081277 0
100 G -436.843273347 0
100 H -438.313540722 0
100 I -438.352251224 0
100 K -438.788308446 0
100 L -440.798398599 0
100 M -438.766790038 0
100 N -438.683465995 0
100 P -404.531597325 0
100 Q -437.873464401 0
100 R -439.756411715 1
100 S -438.637452796 0
100 T -437.901594954 0
100 V -437.91648509 0
100 W -436.772297507 0
100 Y -435.680891017 0
101 A -430.439424216 0
101 C -430.948854657 0
101 D -430.638582437 0
101 E -431.797961581 0
101 F -431.561788554 0
101 G -426.741460667 0
101 H -431.164817147 0
101 I -436.219424665 0
101 K -426.458323687 0
101 L -440.868013322 1
101 M -432.915009776 0
101 N -432.044192693 0
101 P -389.657118171 0
101 Q -430.826229627 0
101 R -425.310565122 0
101 S -430.22579637 0
101 T -431.286027779 0
101 V -432.929620589 0
101 W -428.234377655 0
101 Y -418.838535593 0
102 A -439.477911409 0
102 C -438.188381844 0
102 D -438.923688125 0
102 E -441.152962042 0
102 F -440.570385649 0
102 G -437.501421694 0
102 H -440.57109979 0
102 I -439.93325792 0
102 K -441.756463364 0
102 L -441.32967085 0
102 M -440.142733545 0
102 N -439.191705507 0
102 P -419.160462356 0
102 Q -440.537539619 0
102 R -440.846724052 0
102 S -439.982410845 0
102 T -440.628768517 0
102 V -441.215860495 0
102 W -439.523352449 0
102 Y -440.858579211 1
103 A -437.791928539 0
103 C -435.688098049 0
103 D -440.852543661 1
103 E -440.122048932 0
103 F -437.647271368 0
103 G -436.507478424 0
103 H -437.9693134 0
103 I -436.68005353 0
103 K -437.11305306 0
103 L -437.688760377 0
103 M -438.307282793 0
103 N -436.183306291 0
103 P -438.999137251 0
103 Q -437.512883801 0
103 R -437.276201942 0
103 S -437.385554066 0
103 T -436.934552918 0
103 V -436.787255704 0
103 W -437.372794205 0
103 Y -437.281604556 0
104 A -432.759046211 0
104 C -431.642663634 0
104 D -434.204659438 0
104 E -433.459749691 0
104 F -433.804088462 0
104 G -440.842380682 1
104 H -434.637507877 0
104 I -419.397043491 0
104 K -435.40402593 0
104 L -433.761951241 0
104 M -432.455706336 0
104 N -435.492392552 0
104 P -362.91454636 0
104 Q -434.003071833 0
104 R -434.650223419 0
104 S -432.749517356 0
104 T -428.985254088 0
104 V -418.800964845 0
104 W -432.058790997 0
104 Y -433.173211011 0
105 A -435.770124593 0
105 C -436.093359443 0
105 D -434.966430776 0
105 E -438.933657653 0
105 F -437.634249805 0
105 G -433.689794734 0
105 H -439.348665099 0
105 I -440.770078955 0
105 K -437.006172636 0
105 L -438.29472791 0
105 M -437.081723344 0
105 N -435.558662295 0
105 P -383.18199154 0
105 Q -437.912202309 0
105 R -438.914665362 0
105 S -436.091006278 0
105 T -438.895622898 0
105 V -440.862189219 1
105 W -436.532798131 0
105 Y -437.617804442 0
106 A -438.492971777 0
106 C -439.693333214 0
106 D -439.78742759 0
106 E -439.586716051 0
106 F -439.536131684 0
106 G -436.774582587 0
106 H -440.11114945 0
106 I -443.090431335 0
106 K -440.594920749 0
106 L -441.307130585 0
106 M -440.960086691 0
106 N -440.142728676 0
106 P -437.593551437 0
106 Q -439.594687692 0
106 R -440.855331355 1
106 S -440.031516287 0
106 T -441.410496207 0
106 V -442.218569434 0
106 W -439.871812211 0
106 Y -438.992746315 0
107 A -428.460791017 0
107 C -428.947122529 0
107 D -427.364800562 0
107 E -426.786231835 0
107 F -438.602223364 0
107 G -425.736704932 0
107 H -434.212728777 0
107 I -430.738202076 0
107 K -429.2444107 0
107 L -432.971787083 0
107 M -432.19865508 0
107 N -430.698272186 0
107 P -403.41634076 0
107 Q -427.476516722 0
107 R -425.323111004 0
107 S -427.411001634 0
107 T -428.527028041 0
107 V -429.410857498 0
107 W -425.930839284 0
107 Y -440.861830064 1
108 A -436.636752606 0
108 C -436.32996773 0
108 D -433.101264481 0
108 E -435.960620234 0
108 F -409.376749235 0
108 G -427.688453184 0
108 H -436.237354491 0
108 I -437.233178444 0
108 K -438.403429431 0
108 L -439.722139319 0
108 M -437.748337116 0
108 N -434.616130664 0
108 P -398.31222334 0
108 Q -436.791859343 0
108 R -440.830716277 1
108 S -435.709338482 0
108 T -437.096818241 0
108 V -437.880801744 0
108 W -437.521577172 0
108 Y -403.75112854 0
109 A -428.657859075 0
109 C -428.374945066 0
109 D -425.889559436 0
109 E -427.552790867 0
109 F -432.925051749 1
109 G -425.467106603 0
109 H -431.256606318 0
109 I -435.133234961 0
109 K -425.968510886 0
109 L -433.051544078 0
109 M -413.385132681 0
109 N -426.699289375 0
109 P -403.903108193 0
109 Q -426.293038824 0
109 R -424.52487696 0
109 S -427.047600073 0
109 T -430.083682785 0
109 V -433.017912922 0
109 W -435.222558752 0
109 Y -439.140214458 0
110 A -429.779782735 0
110 C -429.597597583 0
110 D -425.369052804 0
110 E -424.192336682 0
110 F -440.823296722 1
110 G -426.496795061 0
110 H -434.646977245 0
110 I -426.381865763 0
110 K -424.910888714 0
110 L -432.170642628 0
110 M -433.479499856 0
110 N -429.449954845 0
110 P -376.733171742 0
110 Q -427.420992145 0
110 R -427.038879595 0
110 S -429.546487446 0
110 T -430.380256368 0
110 V -429.272936668 0
110 W -433.447399017 0
110 Y -440.590326004 0
111 A -441.962330274 0
111 C -441.830642816 0
111 D -441.917260684 0
111 E -425.972690539 0
111 F -395.935014213 0
111 G -437.534879287 0
111 H -423.635096148 0
111 I -432.910582832 0
111 K -396.496651067 0
111 L -430.683774557 0
111 M -420.149431368 0
111 N -441.615523131 0
111 P -398.39705052 0
111 Q -424.522575624 0
111 R -408.444678372 0
111 S -440.854640059 1
111 T -440.789223635 0
111 V -444.35730897 0
111 W -403.211328268 0
111 Y -387.944251877 0
112 A -435.313208673 0
112 C -435.474192985 0
112 D -432.903359479 0
112 E -428.888877823 0
112 F -419.895201359 0
112 G -432.062603138 0
112 H -420.415619246 0
112 I -428.351533425 0
112 K -421.370332338 0
112 L -432.888142892 0
112 M -432.514698695 0
112 N -433.718320476 0
112 P -426.56267408 0
112 Q -431.182212913 0
112 R -416.746508141 0
112 S -437.421912893 0
112 T -440.821095109 1
112 V -435.769873745 0
112 W -417.751761351 0
112 Y -414.602188111 0
113 A -434.600231104 0
113 C -432.710882057 0
113 D -431.420962556 0
113 E -431.86733718 0
113 F -440.866808599 1
113 G -429.634460605 0
113 H -437.691605103 0
113 I -425.288721833 0
113 K -433.678401394 0
113 L -432.541689886 0
113 M -432.303661427 0
113 N -433.341747061 0
113 P -415.814205975 0
113 Q -429.615509374 0
113 R -436.370487838 0
113 S -434.069616082 0
113 T -435.577157861 0
113 V -432.259699157 0
113 W -437.820306063 0
113 Y -439.833122526 0
114 A -434.979494108 0
114 C -433.209640061 0
114 D -435.70140023 0
114 E -437.185304898 0
114 F -435.19372741 0
114 G -432.165202595 0
114 H -435.222896938 0
114 I -435.60112979 0
114 K -436.79350898 0
114 L -435.507387409 0
114 M -434.203642553 0
114 N -435.22887436 0
114 P -440.863813103 1
114 Q -434.884812991 0
114 R -435.727859818 0
114 S -435.238794021 0
114 T -435.432938643 0
114 V -435.163821074 0
114 W -434.178050034 0
114 Y -435.119930803 0
115 A -433.487708324 0
115 C -430.321051128 0
115 D -436.567317 0
115 E -435.092221673 0
115 F -435.278125988 0
115 G -440.851513584 1
115 H -436.391766256 0
115 I -422.365462204 0
115 K -436.346249868 0
115 L -434.644484205 0
115 M -433.377893814 0
115 N -437.593573723 0
115 P -390.098854287 0
115 Q -433.491472041 0
115 R -436.60421193 0
115 S -435.151441892 0
115 T -434.561194837 0
115 V -421.961013378 0
115 W -433.355677661 0
115 Y -434.396906291 0
116 A -436.816501552 0
116 C -436.13102876 0
116 D -438.577133289 0
116 E -433.124754369 0
116 F -438.624950494 0
116 G -433.765396264 0
116 H -440.863307892 1
116 I -429.11334926 0
116 K -432.616592583 0
116 L -435.636655948 0
116 M -437.525248956 0
116 N -438.011358467 0
116 P -366.722626863 0
116 Q -439.218283497 0
116 R -436.147063154 0
116 S -435.85189167 0
116 T -436.376707174 0
116 V -434.474049134 0
116 W -408.087368131 0
116 Y -436.092073131 0
117 A -437.661791978 0
117 C -435.410053343 0
117 D -437.001606989 0
117 E -437.940935732 0
117 F -439.842141151 0
117 G -434.861128777 0
117 H -440.843428195 1
117 I -433.22278934 0
117 K -434.101675808 0
117 L -431.320331612 0
117 M -434.901290664 0
117 N -437.552689016 0
117 P -424.441446491 0
117 Q -437.203510771 0
117 R -435.509920108 0
117 S -438.184123836 0
117 T -434.23175822 0
117 V -435.744351033 0
117 W -441.085923001 0
117 Y -439.844674643 0
118 A -440.228862686 0
118 C -437.528719156 0
118 D -440.949106384 0
118 E -441.326364315 0
118 F -439.781507563 0
118 G -438.275977588 0
118 H -440.43325267 0
118 I -440.008452231 0
118 K -440.730617156 0
118 L -441.503169648 0
118 M -439.940276524 0
118 N -440.855430775 1
118 P -419.017661149 0
118 Q -439.288911324 0
118 R -440.609814227 0
118 S -439.519715203 0
118 T -439.152765692 0
118 V -439.734178659 0
118 W -439.90451797 0
118 Y -439.705126842 0
119 A -437.757463465 0
119 C -436.344962692 0
119 D -439.66204357 0
119 E -439.125429895 0
119 F -439.080895085 0
119 G -436.090860172 0
119 H -439.807358184 0
119 I -439.497492956 0
119 K -440.524059349 0
119 L -440.849350979 1
119 M -439.68122043 0
119 N -438.998372069 0
119 P -403.872094876 0
119 Q -438.354542688 0
119 R -440.148863231 0
119 S -438.677298867 0
119 T -439.654963864 0
119 V -439.420639038 0
119 W -437.919993791 0
119 Y -439.259271388 0
120 A -436.687346047 0
120 C -436.135834668 0
120 D -432.258407872 0
120 E -433.42287656 0
120 F -416.995980605 0
120 G -431.119391687 0
120 H -431.533534281 0
120 I -435.895803205 0
120 K -426.453516803 0
120 L -438.068992892 0
120 M -440.867589502 1
120 N -435.507014762 0
120 P -384.214456508 0
120 Q -436.912489217 0
120 R -409.509678274 0
120 S -433.748368654 0
120 T -434.644599651 0
120 V -438.80787808 0
120 W -399.81959791 0
120 Y -414.445706888 0
121 A -439.280276273 0
121 C -437.163773874 0
121 D -432.730616525 0
121 E -435.904554697 0
121 F -440.847101136 1
121 G -436.25654034 0
121 H -439.794038703 0
121 I -438.419397996 0
121 K -438.963167376 0
121 L -438.783646388 0
121 M -438.716174775 0
121 N -439.634009296 0
121 P -397.978487039 0
121 Q -438.083924077 0
121 R -439.928881668 0
121 S -439.112286623 0
121 T -438.318722902 0
121 V -438.558102933 0
121 W -439.542730171 0
121 Y -440.763826143 0
122 A -424.873410303 0
122 C -406.576692268 0
122 D -395.200777463 0
122 E -393.603175136 0
122 F -402.653824452 0
122 G -440.859400031 1
122 H -399.050605897 0
122 I -394.744842507 0
122 K -394.186679958 0
122 L -410.106195047 0
122 M -404.869960002 0
122 N -399.63809666 0
122 P -356.676457232 0
122 Q -401.817075282 0
122 R -398.153451367 0
122 S -406.331710503 0
122 T -392.272045185 0
122 V -394.561830921 0
122 W -392.235198906 0
122 Y -399.759578129 0
123 A -438.205857265 0
123 C -436.725477873 0
123 D -437.407472261 0
123 E -438.545747111 0
123 F -439.083633432 0
123 G -435.678641731 0
123 H -438.734240246 0
123 I -439.821932473 0
123 K -438.2802502 0
123 L -440.354382691 0
123 M -439.78010886 0
123 N -437.734865178 0
123 P -420.495682355 0
123 Q -438.097013558 0
123 R -440.777891265 1
123 S -438.549130237 0
123 T -438.82736507 0
123 V -439.888894223 0
123 W -436.990090641 0
123 Y -441.527719979 0
124 A -431.30999179 0
124 C -424.433246275 0
124 D -422.438255906 0
124 E -433.989408094 0
124 F -427.499638794 0
124 G -426.19479342 0
124 H -433.549422689 0
124 I -433.821787121 0
124 K -419.106246879 0
124 L -440.774209712 1
124 M -439.461195076 0
124 N -432.394921886 0
124 P -390.053596207 0
124 Q -434.434097355 0
124 R -420.150048761 0
124 S -431.389367488 0
124 T -433.405092765 0
124 V -437.908750765 0
124 W -434.319214247 0
124 Y -426.163987143 0
125 A -436.652874321 0
125 C -435.855866069 0
125 D -436.77191714 0
125 E -437.906239676 0
125 F -437.763011497 0
125 G -432.60650774 0
125 H -436.871074919 0
125 I -437.120408522 0
125 K -435.468255727 0
125 L -440.869230006 1
125 M -439.430997606 0
125 N -435.746643086 0
125 P -398.643176246 0
125 Q -437.254784947 0
125 R -436.465854559 0
125 S -435.906697248 0
125 T -436.477195153 0
125 V -439.906407814 0
125 W -435.837513991 0
125 Y -428.945302221 0
126 A -432.078957759 0
126 C -431.078938615 0
126 D -431.667420289 0
126 E -431.733764732 0
126 F -437.383958828 0
126 G -428.65438206 0
126 H -434.397773516 0
126 I -438.911107954 0
126 K -434.571968038 0
126 L -440.872172739 1
126 M -435.948162248 0
126 N -432.190560608 0
126 P -429.762000978 0
126 Q -433.910426733 0
126 R -432.721747385 0
126 S -432.672234887 0
126 T -434.281493636 0
126 V -437.448871335 0
126 W -433.863904453 0
126 Y -436.243602463 0
127 A -436.523325193 0
127 C -436.414133366 0
127 D -435.934363059 0
127 E -438.967004977 0
127 F -434.267289143 0
127 G -436.551383606 0
127 H -437.653776626 0
127 I -440.295495575 0
127 K -438.995818308 0
127 L -438.890141357 0
127 M -438.890678155 0
127 N -437.162088533 0
127 P -411.369570408 0
127 Q -438.093125995 0
127 R -440.819990235 1
127 S -436.084349858 0
127 T -437.332383411 0
127 V -439.198998384 0
127 W -434.826795521 0
127 Y -434.697332156 0
