1 A -435.03253082 0
1 C -433.614052652 0
1 D -436.533110974 0
1 E -436.493262721 0
1 F -435.534735613 0
1 G -435.431826174 0
1 H -436.236805215 0
1 I -435.028228443 0
1 K -436.468812428 0
1 L -436.745102195 0
1 M -435.240738663 0
1 N -435.157433179 0
1 P -439.465041481 1
1 Q -435.165389377 0
1 R -435.726373272 0
1 S -436.174594646 0
1 T -434.940611804 0
1 V -434.232418114 0
1 W -437.495655143 0
1 Y -435.791857135 0
2 A -439.49523993 1
2 C -439.49523993 1
2 D -439.49523993 1
2 E -439.49523993 1
2 F -439.49523993 1
2 G -439.49523993 1
2 H -439.49523993 1
2 I -439.49523993 1
2 K -439.49523993 1
2 L -439.49523993 1
2 M -439.49523993 1
2 N -439.49523993 1
2 P -439.49523993 1
2 Q -439.49523993 1
2 R -439.49523993 1
2 S -439.49523993 1
2 T -439.49523993 1
2 V -439.49523993 1
2 W -439.49523993 1
2 Y -439.49523993 1
3 A -438.564168358 0
3 C -437.067781157 0
3 D -434.183598252 0
3 E -437.651653923 0
3 F -437.46954317 0
3 G -435.602165358 0
3 H -436.504664574 0
3 I -432.546660843 0
3 K -437.619380187 0
3 L -438.249832374 0
3 M -438.073622574 0
3 N -436.529566048 0
3 P -361.332108549 0
3 Q -437.942965772 0
3 R -439.524631665 1
3 S -437.937490157 0
3 T -437.387807237 0
3 V -437.064036445 0
3 W -435.143792366 0
3 Y -436.898728829 0
4 A -435.774578057 0
4 C -435.408136186 0
4 D -433.38189011 0
4 E -435.501158358 0
4 F -437.933952313 0
4 G -431.502228032 0
4 H -437.32632348 0
4 I -439.687809224 0
4 K -434.444415044 0
4 L -438.689812433 0
4 M -436.301708813 0
4 N -434.616826434 0
4 P -390.819922177 0
4 Q -435.314063388 0
4 R -435.347132297 0
4 S -435.193248898 0
4 T -437.794015322 0
4 V -439.490689737 1
4 W -435.213865054 0
4 Y -436.36504388 0
5 A -435.099068763 0
5 C -434.817664383 0
5 D -435.439862031 0
5 E -437.336426317 0
5 F -438.175492749 0
5 G -432.583465687 0
5 H -437.323601652 0
5 I -440.016473715 0
5 K -437.909002454 0
5 L -440.113119796 0
5 M -435.738441259 0
5 N -436.25373957 0
5 P -431.510744614 0
5 Q -436.116167695 0
5 R -437.077162162 0
5 S -435.844384112 0
5 T -437.39419948 0
5 V -439.506892609 1
5 W -439.27046702 0
5 Y -438.312470919 0
6 A -432.029810314 0
6 C -432.258671334 0
6 D -429.386934384 0
6 E -431.353451542 0
6 F -428.081873929 0
6 G -428.017637328 0
6 H -431.607996813 0
6 I -439.549194567 1
6 K -429.236617101 0
6 L -438.856791259 0
6 M -437.921613978 0
6 N -432.071005731 0
6 P -394.185053688 0
6 Q -433.231691296 0
6 R -429.346853095 0
6 S -431.70246635 0
6 T -434.420068179 0
6 V -437.280412908 0
6 W -423.231951133 0
6 Y -417.062430544 0
7 A -437.280444943 0
7 C -436.671547117 0
7 D -435.260329048 0
7 E -435.597938407 0
7 F -438.72869302 0
7 G -433.302284746 0
7 H -438.176180833 0
7 I -438.620104585 0
7 K -436.23753301 0
7 L -436.86788493 0
7 M -437.443603523 0
7 N -435.78690803 0
7 P -416.386700945 0
7 Q -435.693213679 0
7 R -437.089749856 0
7 S -436.122969986 0
7 T -439.152709154 0
7 V -439.546970472 1
7 W -433.076912386 0
7 Y -438.340972436 0
8 A -437.349558522 0
8 C -434.636323488 0
8 D -429.399814885 0
8 E -423.243064727 0
8 F -422.284027448 0
8 G -429.885449368 0
8 H -426.635572273 0
8 I -437.469250831 0
8 K -414.032967802 0
8 L -431.814684709 0
8 M -425.507469325 0
8 N -433.35236083 0
8 P -396.172456274 0
8 Q -433.161916955 0
8 R -420.23690946 0
8 S -435.413529199 0
8 T -435.006552313 0
8 V -439.567754781 1
8 W -401.621941595 0
8 Y -418.008329526 0
9 A -432.052812009 0
9 C -432.028916075 0
9 D -439.538829323 1
9 E -435.009245566 0
9 F -435.842491559 0
9 G -435.153657272 0
9 H -434.686133952 0
9 I -433.89085896 0
9 K -434.60876878 0
9 L -435.961624314 0
9 M -434.110520987 0
9 N -438.636793559 0
9 P -413.347030458 0
9 Q -432.406062741 0
9 R -433.929835923 0
9 S -436.514930539 0
9 T -437.02096845 0
9 V -433.789431412 0
9 W -435.737271028 0
9 Y -436.257262505 0
10 A -430.031558013 0
10 C -428.314077989 0
10 D -439.538211877 1
10 E -433.393759336 0
10 F -430.68710717 0
10 G -428.220769909 0
10 H -433.773715438 0
10 I -428.180963027 0
10 K -428.940097759 0
10 L -428.547472531 0
10 M -429.146698048 0
10 N -430.800346677 0
10 P -423.627882644 0
10 Q -431.635414512 0
10 R -428.033908434 0
10 S -430.327901096 0
10 T -429.416392622 0
10 V -428.345719484 0
10 W -431.467982889 0
10 Y -430.495043989 0
11 A -437.583298911 0
11 C -435.829110111 0
11 D -439.101415731 0
11 E -438.360002143 0
11 F -438.708359912 0
11 G -437.279168957 0
11 H -440.172244269 0
11 I -437.214646576 0
11 K -439.028795437 0
11 L -439.531170592 1
11 M -437.849714842 0
11 N -439.854287639 0
11 P -411.070517991 0
11 Q -437.647561364 0
11 R -439.071202881 0
11 S -438.170713041 0
11 T -438.064058398 0
11 V -437.209673934 0
11 W -437.728949031 0
11 Y -438.530153036 0
12 A -436.813731897 0
12 C -435.816846286 0
12 D -439.446845688 0
12 E -436.538691605 0
12 F -434.617132233 0
12 G -435.169491755 0
12 H -437.545618709 0
12 I -421.037942555 0
12 K -436.681807466 0
12 L -436.912596863 0
12 M -435.670342099 0
12 N -440.484526014 0
12 P -383.349121586 0
12 Q -437.589360369 0
12 R -439.566955121 1
12 S -435.666035574 0
12 T -431.055795418 0
12 V -423.287029555 0
12 W -436.967139648 0
12 Y -434.421740821 0
13 A -435.030745849 0
13 C -435.357294166 0
13 D -432.269007167 0
13 E -435.544868198 0
13 F -436.061680806 0
13 G -432.713120244 0
13 H -436.38762185 0
13 I -435.793235105 0
13 K -437.056820075 0
13 L -438.037808531 0
13 M -435.778851922 0
13 N -436.086931938 0
13 P -410.640265754 0
13 Q -435.923477039 0
13 R -439.512445653 1
13 S -434.936426017 0
13 T -434.713273236 0
13 V -435.445811264 0
13 W -436.464157069 0
13 Y -435.821145267 0
14 A -428.519244809 0
14 C -429.496401376 0
14 D -428.296159515 0
14 E -426.283784117 0
14 F -439.528171129 1
14 G -426.791090448 0
14 H -432.58015674 0
14 I -429.101947993 0
14 K -426.659591419 0
14 L -431.512205992 0
14 M -433.637889692 0
14 N -431.129091693 0
14 P -425.885373009 0
14 Q -428.705388578 0
14 R -429.961333092 0
14 S -428.311544287 0
14 T -428.906593796 0
14 V -427.864550563 0
14 W -435.164953006 0
14 Y -439.07218937 0
15 A -434.066925961 0
15 C -433.585558485 0
15 D -439.506527144 1
15 E -436.035658999 0
15 F -436.641696475 0
15 G -434.339890304 0
15 H -435.884132033 0
15 I -435.063067002 0
15 K -436.181976338 0
15 L -435.755641147 0
15 M -435.943577983 0
15 N -438.943152762 0
15 P -407.827964681 0
15 Q -434.876498201 0
15 R -434.441598277 0
15 S -435.70956549 0
15 T -436.873485309 0
15 V -434.808880203 0
15 W -437.789937049 0
15 Y -436.236812814 0
16 A -437.627508036 0
16 C -436.643054795 0
16 D -437.154211517 0
16 E -436.316944714 0
16 F -437.059411845 0
16 G -434.902204345 0
16 H -437.601572987 0
16 I -439.412443743 0
16 K -439.069654895 0
16 L -439.151065763 0
16 M -439.072442363 0
16 N -436.991494192 0
16 P -392.502518493 0
16 Q -435.911092359 0
16 R -439.411842584 0
16 S -439.517960204 1
16 T -441.961293638 0
16 V -438.278932244 0
16 W -436.614989974 0
16 Y -437.242418931 0
17 A -434.040125497 0
17 C -432.642912316 0
17 D -437.508216798 0
17 E -436.349166495 0
17 F -435.588638448 0
17 G -433.849145093 0
17 H -439.47093031 1
17 I -435.804798052 0
17 K -436.178139787 0
17 L -436.099290109 0
17 M -434.472151075 0
17 N -436.872081802 0
17 P -424.288111505 0
17 Q -434.828508973 0
17 R -436.390383575 0
17 S -436.563073966 0
17 T -437.113316414 0
17 V -435.810558085 0
17 W -436.179383142 0
17 Y -435.604768599 0
18 A -434.709944826 0
18 C -434.88657784 0
18 D -433.468531136 0
18 E -436.602668159 0
18 F -433.929029453 0
18 G -432.531062406 0
18 H -434.249547616 0
18 I -436.912683951 0
18 K -435.821307074 0
18 L -439.506690587 1
18 M -436.388879028 0
18 N -434.831809033 0
18 P -394.132647416 0
18 Q -435.201891066 0
18 R -436.596921525 0
18 S -435.893604628 0
18 T -434.416998038 0
18 V -435.817389118 0
18 W -435.502793348 0
18 Y -433.731979395 0
19 A -428.766521628 0
19 C -429.498583084 0
19 D -429.059523994 0
19 E -432.838464852 0
19 F -430.649047745 0
19 G -423.754175051 0
19 H -432.13106532 0
19 I -439.542750126 1
19 K -425.580482071 0
19 L -435.976267811 0
19 M -435.687266522 0
19 N -429.654265409 0
19 P -384.526866792 0
19 Q -433.615225351 0
19 R -422.545799154 0
19 S -429.194707929 0
19 T -432.751214662 0
19 V -436.117371506 0
19 W -428.869626514 0
19 Y -429.734083832 0
20 A -433.413310095 0
20 C -434.004415172 0
20 D -434.043557143 0
20 E -436.531245155 0
20 F -433.935869727 0
20 G -430.017346106 0
20 H -435.766200055 0
20 I -441.125061514 0
20 K -436.722533938 0
20 L -439.529579784 1
20 M -436.439352146 0
20 N -435.656734624 0
20 P -424.835691159 0
20 Q -434.968641082 0
20 R -437.00683193 0
20 S -434.278325927 0
20 T -436.453296812 0
20 V -439.201487018 0
20 W -438.74692819 0
20 Y -434.648755913 0
21 A -428.798195999 0
21 C -431.752380557 0
21 D -428.149699652 0
21 E -430.008160882 0
21 F -424.405629766 0
21 G -421.890162926 0
21 H -427.324513991 0
21 I -436.4785337 0
21 K -421.021374008 0
21 L -435.279373 0
21 M -432.294144956 0
21 N -429.215481887 0
21 P -393.50128851 0
21 Q -427.478474041 0
21 R -424.213918372 0
21 S -428.292172544 0
21 T -431.227054491 0
21 V -439.535096777 1
21 W -419.73219043 0
21 Y -423.459367228 0
22 A -431.624010664 0
22 C -430.400838671 0
22 D -439.515181033 1
22 E -435.114413207 0
22 F -430.443938192 0
22 G -429.104573494 0
22 H -432.694249831 0
22 I -433.125138574 0
22 K -431.178503469 0
22 L -433.247032668 0
22 M -432.651577975 0
22 N -434.042295084 0
22 P -431.61701385 0
22 Q -432.654558164 0
22 R -430.780217008 0
22 S -431.48293638 0
22 T -431.478119043 0
22 V -432.528839056 0
22 W -431.547690249 0
22 Y -430.631419836 0
23 A -437.553937544 0
23 C -435.801444162 0
23 D -434.499992882 0
23 E -435.81800047 0
23 F -436.851734321 0
23 G -436.007428468 0
23 H -437.805379572 0
23 I -437.506064668 0
23 K -439.4969556 0
23 L -438.150759318 0
23 M -437.653907871 0
23 N -435.098100234 0
23 P -394.419145327 0
23 Q -436.557010218 0
23 R -439.503401156 1
23 S -437.524088303 0
23 T -435.675059471 0
23 V -435.495817751 0
23 W -438.165020538 0
23 Y -436.417025481 0
24 A -434.530179293 0
24 C -433.597560095 0
24 D -434.519160914 0
24 E -434.671419248 0
24 F -433.088694839 0
24 G -434.077636669 0
24 H -435.804597632 0
24 I -433.662393873 0
24 K -436.048952869 0
24 L -434.991036245 0
24 M -434.492137839 0
24 N -435.929036565 0
24 P -416.605087064 0
24 Q -434.787143361 0
24 R -439.522518335 1
24 S -436.405160844 0
24 T -434.092728947 0
24 V -433.306679101 0
24 W -434.08575518 0
24 Y -432.483723515 0
25 A -439.515155636 1
25 C -439.515155636 1
25 D -439.515155636 1
25 E -439.515155636 1
25 F -439.515155636 1
25 G -439.515155636 1
25 H -439.515155636 1
25 I -439.515155636 1
25 K -439.515155636 1
25 L -439.515155636 1
25 M -439.515155636 1
25 N -439.515155636 1
25 P -439.515155636 1
25 Q -439.515155636 1
25 R -439.515155636 1
25 S -439.515155636 1
25 T -439.515155636 1
25 V -439.515155636 1
25 W -439.515155636 1
25 Y -439.515155636 1
26 A -437.295667289 0
26 C -434.593306385 0
26 D -438.881701624 0
26 E -439.190552417 0
26 F -436.119025043 0
26 G -435.99146956 0
26 H -437.062293821 0
26 I -437.091928804 0
26 K -438.535376452 0
26 L -438.522491228 0
26 M -437.36407991 0
26 N -437.358558588 0
26 P -434.630174826 0
26 Q -437.364399735 0
26 R -438.001121477 0
26 S -439.50549417 1
26 T -438.352010932 0
26 V -436.967366199 0
26 W -436.873533923 0
26 Y -436.260728522 0
27 A -440.144511729 0
27 C -438.058088411 0
27 D -437.943417108 0
27 E -439.18277014 0
27 F -439.190986894 0
27 G -436.651592534 0
27 H -441.437915007 0
27 I -436.272235118 0
27 K -439.545004772 0
27 L -439.033280645 0
27 M -439.462853735 0
27 N -439.504674655 1
27 P -401.012371266 0
27 Q -438.339618983 0
27 R -439.728926071 0
27 S -439.380537141 0
27 T -439.27829647 0
27 V -439.843387113 0
27 W -439.104839499 0
27 Y -438.96685619 0
28 A -428.156855869 0
28 C -427.921593317 0
28 D -427.997699262 0
28 E -427.332383852 0
28 F -439.52036254 1
28 G -422.78805454 0
28 H -434.31557023 0
28 I -432.872360247 0
28 K -425.008487028 0
28 L -430.112855468 0
28 M -431.241539721 0
28 N -430.254721556 0
28 P -386.894321564 0
28 Q -429.820887913 0
28 R -425.49540935 0
28 S -427.96287953 0
28 T -429.978238758 0
28 V -433.373965158 0
28 W -437.101728492 0
28 Y -437.703011622 0
29 A -433.672298352 0
29 C -434.045903061 0
29 D -431.543712441 0
29 E -436.784557668 0
29 F -433.491372386 0
29 G -429.521741554 0
29 H -432.964375423 0
29 I -436.480858709 0
29 K -434.799120185 0
29 L -439.534428506 1
29 M -436.859872864 0
29 N -433.350648719 0
29 P -398.38618401 0
29 Q -434.944094956 0
29 R -435.312950365 0
29 S -433.518398646 0
29 T -434.871442029 0
29 V -436.110570257 0
29 W -429.264525913 0
29 Y -427.382976789 0
30 A -431.579783547 0
30 C -432.944132989 0
30 D -432.065490122 0
30 E -427.003093107 0
30 F -432.723622351 0
30 G -424.35952562 0
30 H -434.588852925 0
30 I -437.222152344 0
30 K -412.89649961 0
30 L -433.790710487 0
30 M -430.837768557 0
30 N -433.155722471 0
30 P -404.436906802 0
30 Q -429.938449894 0
30 R -417.087067805 0
30 S -431.376779495 0
30 T -434.619888295 0
30 V -439.533828921 1
30 W -426.354293242 0
30 Y -426.934832265 0
31 A -432.863605784 0
31 C -432.346323623 0
31 D -432.081733196 0
31 E -434.122942054 0
31 F -433.104728016 0
31 G -426.546168607 0
31 H -432.802062361 0
31 I -439.543755832 1
31 K -431.648660519 0
31 L -435.350467398 0
31 M -435.03840082 0
31 N -434.016053788 0
31 P -400.846643622 0
31 Q -433.527083943 0
31 R -432.991522317 0
31 S -432.211334406 0
31 T -433.999467146 0
31 V -438.124204555 0
31 W -432.153261382 0
31 Y -432.576301029 0
32 A -429.489593193 0
32 C -430.251036915 0
32 D -426.081765137 0
32 E -428.106111387 0
32 F -429.560660219 0
32 G -424.130884228 0
32 H -429.128866718 0
32 I -435.352263234 0
32 K -421.575497691 0
32 L -439.521399187 1
32 M -434.424128768 0
32 N -430.239167211 0
32 P -400.391989716 0
32 Q -431.692520258 0
32 R -419.086718243 0
32 S -430.025286832 0
32 T -432.170999403 0
32 V -434.589260856 0
32 W -415.360229398 0
32 Y -427.23552283 0
33 A -435.497725369 0
33 C -435.106502758 0
33 D -430.151333845 0
33 E -435.884098037 0
33 F -434.433269259 0
33 G -433.486412328 0
33 H -433.644989038 0
33 I -439.513686368 1
33 K -438.013062857 0
33 L -439.510856958 0
33 M -437.499509619 0
33 N -434.897498398 0
33 P -401.188394109 0
33 Q -438.111772867 0
33 R -438.751057146 0
33 S -435.961723186 0
33 T -437.868266107 0
33 V -439.548619788 0
33 W -432.684750877 0
33 Y -433.411620212 0
34 A -433.971554595 0
34 C -434.439636576 0
34 D -435.469666975 0
34 E -425.538651596 0
34 F -433.970178071 0
34 G -425.156399009 0
34 H -439.543638004 1
34 I -435.296423222 0
34 K -426.982506518 0
34 L -426.392858247 0
34 M -434.103646377 0
34 N -439.24302274 0
34 P -382.082806259 0
34 Q -432.740393411 0
34 R -429.842609448 0
34 S -430.516845115 0
34 T -433.843245588 0
34 V -438.269744193 0
34 W -409.752425296 0
34 Y -433.209815855 0
35 A -435.745673483 0
35 C -435.429199943 0
35 D -438.627325092 0
35 E -438.721985613 0
35 F -434.865716243 0
35 G -435.126696915 0
35 H -435.258662789 0
35 I -437.494440994 0
35 K -438.289213766 0
35 L -439.520400291 1
35 M -437.786724044 0
35 N -438.408122449 0
35 P -434.202829824 0
35 Q -438.00817696 0
35 R -438.617229862 0
35 S -437.282515331 0
35 T -438.658264519 0
35 V -436.839726576 0
35 W -435.817030855 0
35 Y -434.595626725 0
36 A -423.853449033 0
36 C -414.283608005 0
36 D -418.184825134 0
36 E -405.771050317 0
36 F -399.887321366 0
36 G -439.51322454 1
36 H -404.936056323 0
36 I -398.800200138 0
36 K -392.319119713 0
36 L -410.752207451 0
36 M -406.349429216 0
36 N -409.782248729 0
36 P -383.169108553 0
36 Q -404.973901028 0
36 R -408.511152281 0
36 S -419.837968306 0
36 T -410.097155191 0
36 V -406.424775101 0
36 W -365.687357997 0
36 Y -399.813283287 0
37 A -437.100527343 0
37 C -436.274477878 0
37 D -438.780420668 0
37 E -439.406852668 0
37 F -438.605576051 0
37 G -436.812719628 0
37 H -439.504703652 1
37 I -438.306720432 0
37 K -439.902509907 0
37 L -439.65036453 0
37 M -437.49350141 0
37 N -438.933534071 0
37 P -424.257851953 0
37 Q -438.598495317 0
37 R -439.123601503 0
37 S -438.62939376 0
37 T -439.247635809 0
37 V -438.676035151 0
37 W -439.123924738 0
37 Y -438.488670542 0
38 A -440.463169224 0
38 C -438.081183849 0
38 D -438.491736989 0
38 E -440.600095311 0
38 F -439.132633435 0
38 G -438.759921375 0
38 H -439.300221505 0
38 I -434.371543327 0
38 K -440.220161098 0
38 L -441.250908308 0
38 M -440.420984217 0
38 N -439.125993482 0
38 P -418.650003902 0
38 Q -440.273568864 0
38 R -439.543062875 1
38 S -439.843874956 0
38 T -435.888402561 0
38 V -435.128220034 0
38 W -438.57010713 0
38 Y -438.588220109 0
39 A -435.525459275 0
39 C -433.661390253 0
39 D -435.845871199 0
39 E -435.837319791 0
39 F -430.029173172 0
39 G -434.907968039 0
39 H -436.581416688 0
39 I -435.233020504 0
39 K -435.845038136 0
39 L -436.411758353 0
39 M -436.153292706 0
39 N -436.096444113 0
39 P -439.543753874 1
39 Q -434.657027185 0
39 R -436.142526875 0
39 S -437.419662329 0
39 T -436.537213837 0
39 V -435.062185428 0
39 W -433.315556773 0
39 Y -430.176814844 0
40 A -434.826731677 0
40 C -432.337010398 0
40 D -438.569432155 0
40 E -440.116471879 0
40 F -437.954898715 0
40 G -432.633419104 0
40 H -438.830960057 0
40 I -434.477017252 0
40 K -433.413506832 0
40 L -439.921717251 0
40 M -439.243874538 0
40 N -436.683191731 0
40 P -434.697206042 0
40 Q -437.119123518 0
40 R -441.283517929 0
40 S -438.182461863 0
40 T -436.289982791 0
40 V -439.552833906 1
40 W -435.993092908 0
40 Y -438.443669206 0
41 A -439.861021097 0
41 C -438.030462178 0
41 D -440.822503007 0
41 E -442.749903871 0
41 F -440.701768763 0
41 G -437.682074385 0
41 H -443.067575042 0
41 I -437.627505243 0
41 K -440.974242897 0
41 L -439.546155522 1
41 M -439.810604184 0
41 N -440.687885319 0
41 P -425.35482991 0
41 Q -441.276570969 0
41 R -440.313157454 0
41 S -440.620295815 0
41 T -435.846353837 0
41 V -437.596412686 0
41 W -441.81586929 0
41 Y -440.562785767 0
42 A -434.867156321 0
42 C -435.853148615 0
42 D -438.281367105 0
42 E -437.290348928 0
42 F -437.267987263 0
42 G -434.410111691 0
42 H -437.370641515 0
42 I -436.236728806 0
42 K -439.319370304 0
42 L -439.541164442 1
42 M -435.041302511 0
42 N -437.234962135 0
42 P -398.511793969 0
42 Q -438.737730965 0
42 R -438.966300364 0
42 S -436.964537596 0
42 T -437.252855882 0
42 V -439.242650752 0
42 W -436.042934465 0
42 Y -437.93533117 0
43 A -441.039666194 0
43 C -436.365099739 0
43 D -436.925232007 0
43 E -436.608095102 0
43 F -437.744680124 0
43 G -435.023033476 0
43 H -439.08400198 0
43 I -430.7631936 0
43 K -435.016765414 0
43 L -433.578006375 0
43 M -435.456117928 0
43 N -439.545672516 1
43 P -364.080713302 0
43 Q -437.141005838 0
43 R -437.948062356 0
43 S -433.184113348 0
43 T -433.954599149 0
43 V -432.797535258 0
43 W -432.069449443 0
43 Y -432.134712425 0
44 A -432.923243115 0
44 C -412.317152775 0
44 D -406.025436972 0
44 E -405.84853159 0
44 F -378.383106604 0
44 G -439.565381163 1
44 H -388.028851869 0
44 I -399.102542481 0
44 K -396.570669688 0
44 L -400.733124251 0
44 M -411.171819581 0
44 N -413.65424949 0
44 P -418.138966855 0
44 Q -403.890118205 0
44 R -391.15789934 0
44 S -425.671252237 0
44 T -408.166778148 0
44 V -404.70740379 0
44 W -367.746803851 0
44 Y -370.952270112 0
45 A -438.767183055 0
45 C -437.382936607 0
45 D -432.399324757 0
45 E -433.28870517 0
45 F -439.501509345 0
45 G -432.535412812 0
45 H -437.0752587 0
45 I -437.173770023 0
45 K -423.455940868 0
45 L -434.501608796 0
45 M -437.155562657 0
45 N -437.885267041 0
45 P -396.013534559 0
45 Q -432.328649632 0
45 R -433.750873501 0
45 S -437.964464582 0
45 T -436.409769853 0
45 V -432.45987272 0
45 W -412.484535077 0
45 Y -433.404960747 1
46 A -427.172879875 0
46 C -427.260891963 0
46 D -434.427506894 0
46 E -431.16621061 0
46 F -414.727732005 0
46 G -424.213056083 0
46 H -422.01933248 0
46 I -427.175920784 0
46 K -418.953213854 0
46 L -428.343946983 0
46 M -429.113957963 0
46 N -433.455918474 1
46 P -417.11669978 0
46 Q -432.928943051 0
46 R -423.342099032 0
46 S -434.556009707 0
46 T -427.321825812 0
46 V -432.763022145 0
46 W -392.925240593 0
46 Y -407.253148911 0
47 A -427.169854739 0
47 C -427.213503771 0
47 D -429.123952766 0
47 E -427.767385065 0
47 F -437.605099083 0
47 G -421.202378433 0
47 H -432.586080169 0
47 I -430.8417106 0
47 K -419.920706079 0
47 L -433.608467534 0
47 M -430.775448963 0
47 N -429.898449759 0
47 P -392.369415594 0
47 Q -427.646554974 0
47 R -431.275267992 0
47 S -428.588313401 0
47 T -428.318157654 0
47 V -431.611161671 0
47 W -439.545555393 1
47 Y -436.68941752 0
48 A -428.999660239 0
48 C -430.339450022 0
48 D -425.282154032 0
48 E -423.952578152 0
48 F -411.798701057 0
48 G -422.597423654 0
48 H -421.392535187 0
48 I -434.240993282 0
48 K -416.024796926 0
48 L -430.675880608 0
48 M -423.336587808 0
48 N -429.123042498 0
48 P -365.589499085 0
48 Q -416.173969826 0
48 R -423.36271181 0
48 S -421.875834618 0
48 T -434.248541053 0
48 V -437.692630505 1
48 W -398.780896752 0
48 Y -414.270061797 0
49 A -429.143470779 0
49 C -429.581174442 0
49 D -425.561418491 0
49 E -429.319095168 0
49 F -432.677871437 0
49 G -424.179337773 0
49 H -429.338790586 0
49 I -431.154463343 0
49 K -416.204586707 0
49 L -437.601964144 1
49 M -432.168801086 0
49 N -427.417740784 0
49 P -388.79787598 0
49 Q -431.839882835 0
49 R -420.932440232 0
49 S -426.811588992 0
49 T -429.412650139 0
49 V -432.069667102 0
49 W -420.094431808 0
49 Y -427.540935875 0
50 A -437.654283043 1
50 C -435.917916997 0
50 D -430.704352932 0
50 E -415.699029199 0
50 F -391.505990451 0
50 G -433.469288489 0
50 H -408.566468133 0
50 I -420.919610151 0
50 K -398.084160274 0
50 L -423.063835509 0
50 M -415.518578666 0
50 N -430.520259192 0
50 P -395.432271026 0
50 Q -419.703123566 0
50 R -382.060602315 0
50 S -437.587712184 0
50 T -438.306042285 0
50 V -430.157321243 0
50 W -357.687925228 0
50 Y -390.018353832 0
51 A -434.852287129 0
51 C -433.937200733 0
51 D -434.619843882 0
51 E -436.439363853 0
51 F -433.343466065 0
51 G -433.480894137 0
51 H -430.388399371 0
51 I -434.021228966 0
51 K -435.200672081 0
51 L -435.632385122 0
51 M -436.114430135 0
51 N -433.459202189 0
51 P -435.516677915 0
51 Q -434.397510158 0
51 R -437.703779995 1
51 S -435.987928512 0
51 T -435.744381609 0
51 V -431.922393093 0
51 W -438.240323606 0
51 Y -433.419621209 0
52 A -440.296751202 0
52 C -436.038131076 0
52 D -437.945733918 0
52 E -440.939000841 0
52 F -437.974774085 0
52 G -434.620320574 0
52 H -439.121047911 0
52 I -439.243982596 0
52 K -437.619361309 1
52 L -439.623838492 0
52 M -439.904529407 0
52 N -437.868558059 0
52 P -386.191033902 0
52 Q -439.078538784 0
52 R -439.51346537 0
52 S -438.089600157 0
52 T -436.803781523 0
52 V -438.99290392 0
52 W -439.225298902 0
52 Y -435.883241441 0
53 A -437.023170306 0
53 C -434.550776374 0
53 D -439.037149427 0
53 E -437.616086704 1
53 F -433.42915566 0
53 G -433.257441819 0
53 H -434.146988862 0
53 I -433.006681274 0
53 K -437.457890564 0
53 L -437.215272728 0
53 M -432.878106994 0
53 N -436.493389309 0
53 P -417.313658397 0
53 Q -436.784492068 0
53 R -434.809555294 0
53 S -435.034681233 0
53 T -434.268250347 0
53 V -433.059691599 0
53 W -432.260151028 0
53 Y -433.470388166 0
54 A -433.495510476 0
54 C -430.183298326 0
54 D -436.629634065 0
54 E -431.919116893 0
54 F -435.460851571 0
54 G -431.201459296 0
54 H -433.714118038 0
54 I -428.02735476 0
54 K -431.012285717 0
54 L -433.722265657 0
54 M -431.835328473 0
54 N -433.689156287 0
54 P -408.806020611 0
54 Q -431.825555091 0
54 R -426.23705035 0
54 S -432.565615042 0
54 T -432.465471643 0
54 V -430.210148609 0
54 W -433.160352457 1
54 Y -434.670320803 0
55 A -430.586760599 0
55 C -436.832166456 0
55 D -430.818351879 0
55 E -438.833328064 0
55 F -439.639378798 0
55 G -436.178675875 0
55 H -438.275127411 0
55 I -433.490569267 0
55 K -436.475402507 0
55 L -439.222295594 0
55 M -439.101948338 0
55 N -436.146164674 0
55 P -384.841245002 0
55 Q -436.65043097 0
55 R -438.129463831 0
55 S -435.091078865 0
55 T -435.885818721 0
55 V -431.310680943 1
55 W -439.60605942 0
55 Y -436.51169583 0
56 A -432.201300894 0
56 C -435.189479854 0
56 D -439.523513459 1
56 E -440.050044528 0
56 F -437.540348605 0
56 G -434.694416755 0
56 H -438.305731926 0
56 I -440.01152086 0
56 K -433.550995904 0
56 L -439.934556467 0
56 M -440.645551319 0
56 N -438.494976214 0
56 P -424.593180035 0
56 Q -438.21045591 0
56 R -430.876192734 0
56 S -438.541625898 0
56 T -438.300807119 0
56 V -438.719233402 0
56 W -436.422970148 0
56 Y -435.7108969 0
57 A -437.446271761 0
57 C -434.056422776 0
57 D -440.50358984 0
57 E -440.811239318 0
57 F -437.959541411 0
57 G -434.932666989 0
57 H -437.115177465 0
57 I -433.958204264 0
57 K -434.093023274 0
57 L -441.519986901 0
57 M -441.260637391 0
57 N -432.818575004 0
57 P -421.294832886 0
57 Q -437.218780413 0
57 R -440.138735128 0
57 S -437.204585989 0
57 T -439.226776483 0
57 V -437.696874286 1
57 W -438.802200926 0
57 Y -437.473768297 0
58 A -431.689742186 0
58 C -425.799812873 0
58 D -427.423732506 0
58 E -419.126190652 0
58 F -410.230933434 0
58 G -422.195804151 0
58 H -423.100426025 0
58 I -438.224541062 0
58 K -415.594230679 0
58 L -427.166544587 0
58 M -427.702428766 0
58 N -424.209367349 0
58 P -376.010279709 0
58 Q -423.341628585 0
58 R -418.950405844 0
58 S -423.772541114 0
58 T -427.066087499 0
58 V -437.663338719 1
58 W -401.227275907 0
58 Y -416.875446563 0
59 A -435.165830267 0
59 C -430.175028154 0
59 D -427.622046722 0
59 E -427.262220829 0
59 F -428.551923008 0
59 G -424.647707652 0
59 H -424.920294533 0
59 I -438.184723865 0
59 K -423.847755375 0
59 L -433.497720738 1
59 M -427.599323285 0
59 N -436.117338701 0
59 P -370.786087637 0
59 Q -427.165360456 0
59 R -428.924927668 0
59 S -428.66271184 0
59 T -429.984129572 0
59 V -433.944761701 0
59 W -429.66920095 0
59 Y -422.236626781 0
60 A -431.670161191 0
60 C -435.21120316 0
60 D -431.74598344 0
60 E -431.117802685 0
60 F -431.58817232 0
60 G -428.816103553 0
60 H -439.476092328 0
60 I -433.493176742 1
60 K -436.99088518 0
60 L -439.26377596 0
60 M -436.396248978 0
60 N -437.556305125 0
60 P -376.873526128 0
60 Q -435.229028136 0
60 R -431.480522961 0
60 S -437.841352103 0
60 T -432.717476726 0
60 V -438.882257195 0
60 W -438.335043861 0
60 Y -433.652066661 0
61 A -435.416151571 0
61 C -431.412653264 0
61 D -433.509367992 0
61 E -432.236679012 0
61 F -431.253558162 0
61 G -431.036724023 0
61 H -432.245719728 0
61 I -426.669617115 0
61 K -435.901699522 0
61 L -431.659067762 1
61 M -437.00670828 0
61 N -434.241753732 0
61 P -380.101809443 0
61 Q -435.29747252 0
61 R -432.910578502 0
61 S -428.501928544 0
61 T -427.11176268 0
61 V -428.782900579 0
61 W -439.563124046 0
61 Y -430.922685613 0
62 A -427.714959588 0
62 C -419.393915587 0
62 D -414.320240749 0
62 E -397.950555519 0
62 F -403.741228361 0
62 G -437.670840436 1
62 H -401.919773007 0
62 I -384.614000178 0
62 K -399.752379704 0
62 L -396.697709537 0
62 M -402.836371619 0
62 N -414.88791109 0
62 P -351.805698941 0
62 Q -398.813092786 0
62 R -394.885138831 0
62 S -422.741223954 0
62 T -409.337778535 0
62 V -393.880094305 0
62 W -369.994757838 0
62 Y -395.210518377 0
63 A -437.280383995 0
63 C -435.365822269 0
63 D -436.536095584 0
63 E -438.840095502 0
63 F -439.537798282 1
63 G -435.342093226 0
63 H -438.263055861 0
63 I -438.361525877 0
63 K -437.295915511 0
63 L -437.810355445 0
63 M -438.436054639 0
63 N -436.527027593 0
63 P -380.245040817 0
63 Q -436.048971102 0
63 R -438.391964648 0
63 S -436.413885515 0
63 T -437.157311033 0
63 V -437.403178558 0
63 W -438.411771664 0
63 Y -432.962066392 0
64 A -437.596516904 0
64 C -436.117414643 0
64 D -437.951789196 0
64 E -438.699987074 0
64 F -436.317242394 0
64 G -436.575595832 0
64 H -432.151572423 0
64 I -435.581594044 0
64 K -437.061868953 0
64 L -439.50981945 1
64 M -437.358948536 0
64 N -438.391009668 0
64 P -394.299327462 0
64 Q -438.124027384 0
64 R -437.376219229 0
64 S -437.45614954 0
64 T -436.925153958 0
64 V -435.427101219 0
64 W -431.275579392 0
64 Y -431.393106259 0
65 A -439.532417879 1
65 C -435.448891066 0
65 D -426.576002449 0
65 E -432.810586644 0
65 F -430.845851027 0
65 G -435.403815502 0
65 H -432.196943828 0
65 I -429.540697343 0
65 K -423.271558561 0
65 L -429.487217905 0
65 M -429.542779194 0
65 N -435.144366779 0
65 P -377.833286511 0
65 Q -426.197056382 0
65 R -423.889108344 0
65 S -438.304523935 0
65 T -433.472134523 0
65 V -428.417284981 0
65 W -433.549783023 0
65 Y -428.185228022 0
66 A -422.728365962 0
66 C -421.309793605 0
66 D -428.290252004 0
66 E -424.157199026 0
66 F -422.026161035 0
66 G -439.51923815 1
66 H -423.662702589 0
66 I -418.319765747 0
66 K -421.064304347 0
66 L -423.616784567 0
66 M -422.65215454 0
66 N -424.849458674 0
66 P -362.465412873 0
66 Q -423.801845034 0
66 R -424.127335202 0
66 S -429.731535649 0
66 T -416.582138357 0
66 V -416.078949581 0
66 W -418.621026245 0
66 Y -421.479021994 0
67 A -437.541770757 0
67 C -433.640498067 0
67 D -437.373862953 0
67 E -440.134376637 0
67 F -433.728766435 0
67 G -434.848573053 0
67 H -438.323432373 0
67 I -435.625626386 0
67 K -436.563980932 0
67 L -439.543367936 1
67 M -434.51379194 0
67 N -435.958208947 0
67 P -436.454596905 0
67 Q -435.951142472 0
67 R -430.01007985 0
67 S -437.361262248 0
67 T -436.299409553 0
67 V -434.344029681 0
67 W -437.639716207 0
67 Y -438.552512109 0
68 A -437.526387973 0
68 C -436.259320164 0
68 D -439.19102844 0
68 E -440.815205602 0
68 F -437.168121743 0
68 G -437.088849342 0
68 H -441.076245554 0
68 I -437.128337451 0
68 K -439.006707406 0
68 L -438.343777282 0
68 M -437.465642925 0
68 N -438.16552121 0
68 P -433.829907975 0
68 Q -439.487046033 0
68 R -437.941806121 0
68 S -439.512838177 1
68 T -435.736584215 0
68 V -436.964596923 0
68 W -438.824537601 0
68 Y -434.685898239 0
69 A -436.239971285 0
69 C -434.87399742 0
69 D -434.372427924 0
69 E -435.402482411 0
69 F -435.956887144 0
69 G -434.592060485 0
69 H -437.115223812 0
69 I -432.528035928 0
69 K -436.683642428 0
69 L -435.462051427 0
69 M -434.958107401 0
69 N -439.519587157 1
69 P -393.923657636 0
69 Q -437.246047489 0
69 R -434.506127248 0
69 S -435.415566957 0
69 T -433.6865467 0
69 V -428.777266406 0
69 W -433.260199284 0
69 Y -435.697297163 0
70 A -432.574100167 0
70 C -434.615433043 0
70 D -438.96002199 0
70 E -437.776623876 0
70 F -432.072104684 0
70 G -428.950594432 0
70 H -439.541734271 1
70 I -421.845852863 0
70 K -435.794684463 0
70 L -436.556851461 0
70 M -432.206190721 0
70 N -438.570173193 0
70 P -382.969275821 0
70 Q -438.236265586 0
70 R -427.773851182 0
70 S -431.559383372 0
70 T -429.757176474 0
70 V -420.643711631 0
70 W -424.36220767 0
70 Y -429.21676903 0
71 A -430.179854986 0
71 C -430.336193256 0
71 D -431.272624213 0
71 E -425.977720629 0
71 F -430.403851283 1
71 G -426.797662298 0
71 H -432.5353662 0
71 I -396.172138309 0
71 K -426.439345643 0
71 L -421.808659109 0
71 M -424.363342893 0
71 N -433.902191486 0
71 P -378.39690391 0
71 Q -425.968213649 0
71 R -424.221563153 0
71 S -428.892635203 0
71 T -425.676127479 0
71 V -421.007733755 0
71 W -429.732995638 0
71 Y -433.245535574 0
72 A -426.982127561 0
72 C -425.196183938 0
72 D -421.917631443 0
72 E -424.380292014 0
72 F -426.596463327 0
72 G -424.21162046 0
72 H -428.405834984 0
72 I -430.109050869 0
72 K -424.845231088 0
72 L -431.582642863 1
72 M -432.764160433 0
72 N -427.505694009 0
72 P -366.597251362 0
72 Q -429.361954558 0
72 R -426.865667489 0
72 S -431.300783164 0
72 T -432.218041248 0
72 V -430.481811811 0
72 W -427.39442825 0
72 Y -432.035092933 0
73 A -438.013325337 0
73 C -437.014251667 0
73 D -436.716507442 0
73 E -438.305430175 0
73 F -437.45917498 0
73 G -433.699387689 0
73 H -441.600374479 0
73 I -435.586179405 0
73 K -432.389536249 0
73 L -439.546432021 1
73 M -438.126915742 0
73 N -437.209777322 0
73 P -435.983124887 0
73 Q -436.964974881 0
73 R -432.959469022 0
73 S -437.499969232 0
73 T -436.400682779 0
73 V -437.300463939 0
73 W -432.501599972 0
73 Y -431.301269134 0
74 A -435.71270722 0
74 C -433.737088368 0
74 D -435.541612967 0
74 E -436.125674887 0
74 F -434.043164407 0
74 G -432.171919537 0
74 H -436.036066041 0
74 I -436.031668406 0
74 K -437.137249678 0
74 L -437.186950749 0
74 M -434.879273039 0
74 N -435.294938027 0
74 P -439.526360716 1
74 Q -436.120962375 0
74 R -436.465790186 0
74 S -436.637395819 0
74 T -435.781907297 0
74 V -435.707616871 0
74 W -433.381314918 0
74 Y -432.721090094 0
75 A -434.010119763 0
75 C -432.428311636 0
75 D -437.648755575 1
75 E -435.90513252 0
75 F -434.307601481 0
75 G -433.872014012 0
75 H -436.431589556 0
75 I -419.154165269 0
75 K -436.519254891 0
75 L -434.593270845 0
75 M -433.906326421 0
75 N -437.779117871 0
75 P -402.312711029 0
75 Q -434.358822132 0
75 R -435.787212488 0
75 S -435.363928501 0
75 T -430.385276488 0
75 V -421.733660359 0
75 W -434.90686219 0
75 Y -433.981271894 0
76 A -431.473261014 0
76 C -433.186411357 0
76 D -437.726152977 1
76 E -433.65194936 0
76 F -428.204053743 0
76 G -428.249362659 0
76 H -435.445107028 0
76 I -435.322196665 0
76 K -425.722405695 0
76 L -438.302070351 0
76 M -435.475456428 0
76 N -437.662880097 0
76 P -425.662748281 0
76 Q -433.536295533 0
76 R -422.312749522 0
76 S -431.945186451 0
76 T -432.907142209 0
76 V -432.303524181 0
76 W -422.208340556 0
76 Y -426.749628212 0
77 A -436.98363287 0
77 C -435.405607113 0
77 D -438.122241463 0
77 E -439.284593093 0
77 F -436.97948124 0
77 G -436.6489302 0
77 H -440.195142813 0
77 I -436.886835402 0
77 K -438.960247457 0
77 L -437.658784453 0
77 M -436.884361166 0
77 N -437.054388006 0
77 P -438.209823839 0
77 Q -437.842360121 0
77 R -438.41669614 0
77 S -438.985451667 0
77 T -437.474074244 0
77 V -436.318872251 0
77 W -437.704117877 1
77 Y -437.04413104 0
78 A -436.657626716 0
78 C -435.156942263 0
78 D -432.020698078 0
78 E -434.520245753 0
78 F -437.768280331 0
78 G -432.104640848 0
78 H -438.34429315 0
78 I -430.764653429 0
78 K -432.425985449 0
78 L -437.717747665 1
78 M -438.817243232 0
78 N -437.267560763 0
78 P -408.42176505 0
78 Q -437.225213454 0
78 R -432.337125538 0
78 S -435.281896865 0
78 T -436.681009654 0
78 V -432.753048477 0
78 W -434.2764611 0
78 Y -433.641058781 0
79 A -433.066052476 0
79 C -432.495913295 0
79 D -430.71104821 0
79 E -428.609251258 0
79 F -424.677072403 0
79 G -426.966247746 0
79 H -422.744904556 0
79 I -438.168015259 0
79 K -425.582022775 0
79 L -435.061345481 0
79 M -429.633396158 0
79 N -435.129470147 0
79 P -395.981510414 0
79 Q -433.948965147 0
79 R -431.384552488 0
79 S -432.136228441 0
79 T -434.893766562 0
79 V -437.735742694 1
79 W -413.168349036 0
79 Y -415.193750252 0
80 A -429.33105155 0
80 C -428.217644373 0
80 D -432.334446878 0
80 E -429.976053898 0
80 F -432.308680657 0
80 G -426.142905447 0
80 H -434.459150043 0
80 I -439.501576648 1
80 K -428.95333828 0
80 L -435.021949652 0
80 M -429.445304329 0
80 N -432.139191622 0
80 P -400.22674987 0
80 Q -428.802133137 0
80 R -431.993678732 0
80 S -428.945394197 0
80 T -431.844966105 0
80 V -434.547811611 0
80 W -431.963431488 0
80 Y -431.767320555 0
81 A -437.591013833 1
81 C -432.209499971 0
81 D -424.290913291 0
81 E -426.575142782 0
81 F -422.368050492 0
81 G -431.075379936 0
81 H -422.345768639 0
81 I -420.604566573 0
81 K -420.096067449 0
81 L -422.593177676 0
81 M -423.201402036 0
81 N -426.500733627 0
81 P -378.001799216 0
81 Q -427.80734734 0
81 R -410.090535813 0
81 S -436.753299912 0
81 T -432.542803565 0
81 V -431.580901749 0
81 W -411.181772679 0
81 Y -421.460638925 0
82 A -436.74430794 0
82 C -434.551865206 0
82 D -433.900661192 0
82 E -435.46385956 0
82 F -439.551729397 1
82 G -432.085963632 0
82 H -440.248509775 0
82 I -428.159109422 0
82 K -427.811806833 0
82 L -433.996032351 0
82 M -433.418877501 0
82 N -437.612886265 0
82 P -408.176024219 0
82 Q -435.999927727 0
82 R -428.915309166 0
82 S -437.957679933 0
82 T -434.190644197 0
82 V -430.413205548 0
82 W -430.198165996 0
82 Y -437.104383535 0
83 A -431.005826825 0
83 C -432.197686746 0
83 D -429.180623325 0
83 E -426.651870543 0
83 F -423.941990721 0
83 G -430.75110248 0
83 H -429.147010736 0
83 I -428.223139912 0
83 K -418.444969096 0
83 L -433.493644015 0
83 M -429.112931727 0
83 N -432.424569206 0
83 P -397.319827728 0
83 Q -430.225459915 0
83 R -408.759749335 0
83 S -434.532002939 0
83 T -439.515299216 1
83 V -433.26583226 0
83 W -383.356016199 0
83 Y -413.735449556 0
84 A -436.605171242 0
84 C -435.199375755 0
84 D -435.726135587 0
84 E -436.800951503 0
84 F -435.095698445 0
84 G -436.78122637 0
84 H -437.926099993 0
84 I -434.998540475 0
84 K -438.044529995 0
84 L -437.867080652 0
84 M -436.497028141 0
84 N -437.011454111 0
84 P -424.96209998 0
84 Q -435.99145826 0
84 R -439.572482726 1
84 S -438.405203059 0
84 T -436.864095897 0
84 V -435.286992391 0
84 W -435.873048553 0
84 Y -434.42631545 0
85 A -427.939238965 0
85 C -430.579825226 0
85 D -427.019526252 0
85 E -428.119041383 0
85 F -420.183282835 0
85 G -425.854973817 0
85 H -426.402737038 0
85 I -435.087275951 0
85 K -418.777020137 0
85 L -439.560243995 1
85 M -427.296764166 0
85 N -428.185768773 0
85 P -418.007721731 0
85 Q -430.085614583 0
85 R -417.983988072 0
85 S -424.181974004 0
85 T -429.931053537 0
85 V -432.355939454 0
85 W -423.117367646 0
85 Y -418.615414603 0
86 A -430.057293756 0
86 C -430.94025449 0
86 D -427.135100106 0
86 E -426.790072711 0
86 F -416.932427973 0
86 G -429.315832217 0
86 H -429.811798 0
86 I -436.434942673 1
86 K -430.887550022 0
86 L -427.844507252 0
86 M -434.680786249 0
86 N -431.753399461 0
86 P -392.869705679 0
86 Q -425.897539658 0
86 R -425.673894422 0
86 S -430.749425 0
86 T -433.175518149 0
86 V -432.6589559 0
86 W -415.161334109 0
86 Y -412.221329384 0
87 A -428.104876013 0
87 C -423.180135009 0
87 D -425.799839145 0
87 E -429.89671267 0
87 F -423.808889644 0
87 G -439.547933546 1
87 H -424.947045525 0
87 I -406.681857818 0
87 K -427.045606958 0
87 L -424.092301794 0
87 M -426.101769188 0
87 N -421.325001391 0
87 P -421.165979621 0
87 Q -429.751848055 0
87 R -427.048358611 0
87 S -425.381643034 0
87 T -422.039696162 0
87 V -401.345769609 0
87 W -422.92449627 0
87 Y -419.926817415 0
88 A -439.514674475 1
88 C -433.549647665 0
88 D -428.269292114 0
88 E -428.911033396 0
88 F -429.814552913 0
88 G -436.127402743 0
88 H -430.21613302 0
88 I -409.682111523 0
88 K -437.388443761 0
88 L -422.353366167 0
88 M -434.058642744 0
88 N -431.404339516 0
88 P -424.478176537 0
88 Q -433.111680027 0
88 R -434.455623941 0
88 S -438.987079601 0
88 T -438.805908196 0
88 V -432.507257369 0
88 W -429.967381401 0
88 Y -431.054250584 0
89 A -433.139894738 0
89 C -431.007490082 0
89 D -435.622594508 0
89 E -434.669926341 0
89 F -436.439893509 0
89 G -439.533454613 1
89 H -436.636941271 0
89 I -420.212365475 0
89 K -435.82709471 0
89 L -434.799745496 0
89 M -433.292177534 0
89 N -436.985908542 0
89 P -383.321794256 0
89 Q -434.558010221 0
89 R -435.692969184 0
89 S -434.615304896 0
89 T -433.505057115 0
89 V -420.064069601 0
89 W -433.739871609 0
89 Y -435.845314086 0
90 A -436.615715536 0
90 C -436.085681638 0
90 D -438.656949691 0
90 E -439.525292197 1
90 F -436.563817199 0
90 G -436.281272493 0
90 H -438.892091801 0
90 I -434.607704342 0
90 K -437.17454895 0
90 L -437.967907515 0
90 M -437.874525028 0
90 N -436.386734086 0
90 P -366.375776159 0
90 Q -440.411712275 0
90 R -438.546165243 0
90 S -436.235746824 0
90 T -434.80029356 0
90 V -434.829984926 0
90 W -436.050608116 0
90 Y -436.274493166 0
91 A -433.682305967 0
91 C -432.76818621 0
91 D -430.601248444 0
91 E -439.527680848 1
91 F -432.346409855 0
91 G -431.547897048 0
91 H -432.863393114 0
91 I -433.289062593 0
91 K -434.922237779 0
91 L -435.104125827 0
91 M -434.094470661 0
91 N -431.885104872 0
91 P -410.904218738 0
91 Q -436.891858397 0
91 R -434.828926348 0
91 S -434.184176702 0
91 T -433.801592032 0
91 V -434.580660561 0
91 W -431.918299094 0
91 Y -431.961411355 0
92 A -433.418499704 0
92 C -430.680866324 0
92 D -439.539332391 1
92 E -432.722712621 0
92 F -431.720643354 0
92 G -429.091613218 0
92 H -432.255634182 0
92 I -432.036337882 0
92 K -429.850411515 0
92 L -423.875063404 0
92 M -428.726008071 0
92 N -433.068242612 0
92 P -388.709862012 0
92 Q -432.177458608 0
92 R -431.171753842 0
92 S -433.106539569 0
92 T -434.990566353 0
92 V -433.879669346 0
92 W -432.261666425 0
92 Y -431.343111462 0
93 A -435.160254921 0
93 C -433.258543733 0
93 D -431.862366457 0
93 E -435.022357848 0
93 F -434.406453358 0
93 G -431.717500501 0
93 H -434.27331131 0
93 I -435.176219361 0
93 K -435.706093881 0
93 L -433.748604889 0
93 M -435.194540302 0
93 N -433.193294622 0
93 P -408.884800938 0
93 Q -437.142702124 0
93 R -439.533710467 1
93 S -435.197134492 0
93 T -435.896184941 0
93 V -435.372659497 0
93 W -435.215981184 0
93 Y -434.278963541 0
94 A -433.244534538 0
94 C -433.447071352 0
94 D -430.083209629 0
94 E -430.986289133 0
94 F -426.423247933 0
94 G -428.796136376 0
94 H -434.502978696 0
94 I -436.831280155 0
94 K -433.707606311 0
94 L -433.402876258 0
94 M -433.194392801 0
94 N -433.198771663 0
94 P -398.270558264 0
94 Q -430.755018 0
94 R -431.420612267 0
94 S -432.662694706 0
94 T -436.230082515 0
94 V -439.538124642 1
94 W -431.759834902 0
94 Y -432.688735873 0
95 A -434.945300448 0
95 C -434.450510418 0
95 D -432.280030479 0
95 E -437.091004665 0
95 F -436.098183105 0
95 G -431.151101748 0
95 H -435.527381057 0
95 I -438.448704055 0
95 K -437.304746608 0
95 L -439.515483143 1
95 M -437.645430764 0
95 N -434.789764834 0
95 P -424.372109454 0
95 Q -435.65014048 0
95 R -436.943939386 0
95 S -435.561771368 0
95 T -436.896068401 0
95 V -438.315089712 0
95 W -433.475873604 0
95 Y -435.68907589 0
96 A -429.948379759 0
96 C -427.88733954 0
96 D -426.639014454 0
96 E -428.73987647 0
96 F -440.461837176 0
96 G -426.448937593 0
96 H -434.435394602 0
96 I -430.271198559 0
96 K -423.418165876 0
96 L -434.280589715 0
96 M -433.187160127 0
96 N -428.939209354 0
96 P -392.845976906 0
96 Q -432.238204076 0
96 R -430.17113822 0
96 S -430.039050001 0
96 T -430.814815433 0
96 V -431.550901461 0
96 W -440.522832638 0
96 Y -439.493837221 1
97 A -439.770445003 0
97 C -437.035079782 0
97 D -438.012923732 0
97 E -440.072322628 0
97 F -437.588711153 0
97 G -437.365135251 0
97 H -438.112606217 0
97 I -437.666811699 0
97 K -439.419444985 0
97 L -438.738737419 0
97 M -438.987900094 0
97 N -439.990547376 0
97 P -439.998052078 0
97 Q -438.135842814 0
97 R -439.537854016 1
97 S -440.111979171 0
97 T -437.192190679 0
97 V -437.890938245 0
97 W -439.820720965 0
97 Y -437.76755553 0
98 A -436.655575038 0
98 C -437.745708502 0
98 D -433.112792975 0
98 E -431.54938691 0
98 F -426.733298869 0
98 G -433.713033908 0
98 H -429.370009696 0
98 I -437.135669673 0
98 K -431.643008704 0
98 L -436.525084766 0
98 M -432.768399888 0
98 N -437.928023375 0
98 P -386.084104477 0
98 Q -432.151974225 0
98 R -435.748544538 0
98 S -438.474408953 0
98 T -440.230284532 0
98 V -439.533831071 1
98 W -423.347645248 0
98 Y -422.079568079 0
99 A -438.815298584 0
99 C -438.410346076 0
99 D -441.82455328 0
99 E -441.23846618 0
99 F -437.168977588 0
99 G -438.064572897 0
99 H -439.168407485 0
99 I -438.578885099 0
99 K -439.575866402 0
99 L -439.510154147 1
99 M -438.439204652 0
99 N -438.979911362 0
99 P -422.321416019 0
99 Q -438.350392918 0
99 R -438.678842632 0
99 S -440.569862428 0
99 T -439.394158698 0
99 V -438.082641091 0
99 W -437.467397698 0
99 Y -437.445126846 0
100 A -434.893211805 0
100 C -433.552521233 0
100 D -438.190762121 0
100 E -437.670361079 0
100 F -435.488883679 0
100 G -435.233339019 0
100 H -437.153659121 0
100 I -434.344145058 0
100 K -439.124347678 0
100 L -439.54156825 1
100 M -436.263291196 0
100 N -437.201398856 0
100 P -407.895887396 0
100 Q -436.329252728 0
100 R -438.305598479 0
100 S -436.866348671 0
100 T -434.541064385 0
100 V -433.912308362 0
100 W -438.184791813 0
100 Y -435.15713082 0
101 A -429.231699718 0
101 C -429.799194134 0
101 D -429.709795642 0
101 E -432.176204767 0
101 F -432.713013009 0
101 G -425.498378632 0
101 H -430.381375516 0
101 I -434.769415091 0
101 K -424.648587087 0
101 L -439.534349657 1
101 M -432.661250983 0
101 N -430.496289631 0
101 P -391.379963433 0
101 Q -431.241998291 0
101 R -424.081010526 0
101 S -428.878824354 0
101 T -429.523159572 0
101 V -431.487630387 0
101 W -427.630406885 0
101 Y -425.62996723 0
102 A -438.303641248 0
102 C -436.986701191 0
102 D -437.730670235 0
102 E -440.222810889 0
102 F -439.530734569 1
102 G -437.369531714 0
102 H -439.48872433 0
102 I -439.167183147 0
102 K -440.435194357 0
102 L -440.530624579 0
102 M -439.474445148 0
102 N -437.703784698 0
102 P -416.390137936 0
102 Q -439.970631048 0
102 R -437.729114696 0
102 S -438.587161582 0
102 T -437.987364244 0
102 V -438.884273827 0
102 W -438.865704133 0
102 Y -440.004989296 0
103 A -436.987777438 0
103 C -436.499395157 0
103 D -437.804098761 0
103 E -439.502722064 1
103 F -438.375417298 0
103 G -435.483948315 0
103 H -438.895679841 0
103 I -437.566981608 0
103 K -438.284902408 0
103 L -439.834887553 0
103 M -438.791396167 0
103 N -437.462042718 0
103 P -438.338509353 0
103 Q -436.751115556 0
103 R -438.176088549 0
103 S -437.629094157 0
103 T -437.836346999 0
103 V -437.959331582 0
103 W -437.871122401 0
103 Y -437.986957978 0
104 A -431.136382344 0
104 C -430.17851756 0
104 D -433.629027621 0
104 E -432.403720555 0
104 F -432.467322482 0
104 G -439.491009082 1
104 H -433.418939988 0
104 I -417.875364128 0
104 K -434.047144056 0
104 L -432.229692083 0
104 M -431.294547659 0
104 N -434.909661766 0
104 P -366.979886143 0
104 Q -432.165098144 0
104 R -433.646347309 0
104 S -431.934279738 0
104 T -427.368426092 0
104 V -417.196045401 0
104 W -430.75411247 0
104 Y -431.613152247 0
105 A -433.677161655 0
105 C -433.578394152 0
105 D -432.824594971 0
105 E -434.236289865 0
105 F -436.822007638 0
105 G -431.302012861 0
105 H -436.108418704 0
105 I -439.528299841 1
105 K -433.451361932 0
105 L -437.040644273 0
105 M -435.812117272 0
105 N -433.433001606 0
105 P -381.594636719 0
105 Q -434.859720675 0
105 R -435.040326184 0
105 S -433.386453663 0
105 T -436.695443357 0
105 V -439.15354604 0
105 W -434.625802191 0
105 Y -436.775085755 0
106 A -435.305696572 0
106 C -434.975929382 0
106 D -437.552690349 0
106 E -437.876735239 0
106 F -435.712865367 0
106 G -432.768386284 0
106 H -435.345315816 0
106 I -439.492823549 1
106 K -436.408858163 0
106 L -438.071894369 0
106 M -437.684326386 0
106 N -436.028441587 0
106 P -433.808142774 0
106 Q -435.729347227 0
106 R -436.434705584 0
106 S -435.783065026 0
106 T -437.883264019 0
106 V -438.769714015 0
106 W -437.88444094 0
106 Y -435.481845157 0
107 A -427.918487508 0
107 C -427.304782369 0
107 D -426.947074406 0
107 E -426.670138563 0
107 F -437.846385887 0
107 G -424.098845594 0
107 H -433.839071021 0
107 I -431.065242406 0
107 K -426.175047522 0
107 L -432.529825148 0
107 M -428.819024959 0
107 N -430.127823584 0
107 P -403.512151028 0
107 Q -427.779105332 0
107 R -423.025334703 0
107 S -426.856291497 0
107 T -427.969952673 0
107 V -429.219731685 0
107 W -430.286416792 0
107 Y -439.534168818 1
108 A -435.340318689 0
108 C -435.631738289 0
108 D -430.236268409 0
108 E -435.361479666 0
108 F -433.147094386 0
108 G -430.95518451 0
108 H -434.419160017 0
108 I -439.556462456 0
108 K -433.628908163 0
108 L -436.897765763 0
108 M -439.122471702 0
108 N -433.557144212 0
108 P -396.486103418 0
108 Q -435.252785496 0
108 R -438.513597465 0
108 S -434.081396053 0
108 T -435.40209327 0
108 V -439.558880575 1
108 W -431.809659583 0
108 Y -429.624569687 0
109 A -427.408240529 0
109 C -427.869133151 0
109 D -424.767611898 0
109 E -426.538752725 0
109 F -439.537642342 1
109 G -424.169889633 0
109 H -431.102936757 0
109 I -434.796985447 0
109 K -425.519318778 0
109 L -433.351156989 0
109 M -432.451505854 0
109 N -426.143891942 0
109 P -403.832687047 0
109 Q -426.418091782 0
109 R -422.732247264 0
109 S -426.066704065 0
109 T -429.606801762 0
109 V -432.45195414 0
109 W -434.016911778 0
109 Y -438.517863367 0
110 A -421.284244484 0
110 C -421.346016712 0
110 D -417.48513706 0
110 E -417.985988884 0
110 F -433.437024795 1
110 G -417.500687133 0
110 H -426.138572895 0
110 I -418.015417068 0
110 K -416.1297552 0
110 L -421.945319841 0
110 M -426.031273158 0
110 N -421.485799882 0
110 P -368.965204621 0
110 Q -419.744523819 0
110 R -417.356155601 0
110 S -421.074786909 0
110 T -421.771392993 0
110 V -421.012052331 0
110 W -432.28832944 0
110 Y -435.163819423 0
111 A -433.411275742 1
111 C -439.264141001 0
111 D -431.679672086 0
111 E -415.11303377 0
111 F -396.878240576 0
111 G -429.314507571 0
111 H -414.028996331 0
111 I -426.881977936 0
111 K -396.889585445 0
111 L -421.629807754 0
111 M -411.692184683 0
111 N -436.737309312 0
111 P -393.698387469 0
111 Q -422.645761099 0
111 R -399.351156734 0
111 S -432.104573791 0
111 T -432.140555975 0
111 V -434.403634783 0
111 W -359.12359006 0
111 Y -402.176059534 0
112 A -434.149516888 0
112 C -434.55958938 0
112 D -430.649414855 0
112 E -428.609955869 0
112 F -408.927321164 0
112 G -426.820123886 0
112 H -419.254770594 0
112 I -428.489213614 0
112 K -418.773731373 0
112 L -434.443500391 0
112 M -424.154638851 0
112 N -426.051422873 0
112 P -419.035162912 0
112 Q -424.881623298 0
112 R -409.777188598 0
112 S -430.150661459 0
112 T -439.527656467 1
112 V -428.676234034 0
112 W -403.587091158 0
112 Y -410.191022856 0
113 A -430.586908089 0
113 C -434.993661761 0
113 D -425.062226915 0
113 E -425.711869104 0
113 F -437.778879628 0
113 G -431.174088059 0
113 H -435.126633883 0
113 I -423.160008329 0
113 K -428.379185131 0
113 L -430.002484267 0
113 M -438.129450585 0
113 N -434.994217263 0
113 P -414.267582696 0
113 Q -431.539756333 0
113 R -433.127207358 0
113 S -436.200717958 0
113 T -431.824754432 0
113 V -427.927685076 0
113 W -426.564546952 0
113 Y -436.464574707 1
114 A -427.718563171 0
114 C -428.361257935 0
114 D -434.021861847 0
114 E -435.55894258 0
114 F -431.726043067 0
114 G -429.284210748 0
114 H -435.299186044 0
114 I -436.25844997 0
114 K -436.050494407 0
114 L -436.239704152 0
114 M -434.691080774 0
114 N -430.740308317 0
114 P -439.535305891 1
114 Q -434.089263274 0
114 R -436.324932343 0
114 S -434.281928363 0
114 T -434.137146488 0
114 V -432.930506387 0
114 W -434.464901965 0
114 Y -431.6947641 0
115 A -431.708495799 0
115 C -427.990352975 0
115 D -429.267340328 0
115 E -426.33887241 0
115 F -429.436814788 0
115 G -439.550912166 1
115 H -433.990319249 0
115 I -413.158779204 0
115 K -434.079269015 0
115 L -432.881393612 0
115 M -423.041686962 0
115 N -435.214709118 0
115 P -382.126042035 0
115 Q -425.380804727 0
115 R -433.40446048 0
115 S -432.625867918 0
115 T -425.311575829 0
115 V -419.450179358 0
115 W -425.803428349 0
115 Y -427.177149585 0
116 A -432.767648712 0
116 C -436.632778159 0
116 D -431.751112035 0
116 E -436.339026487 0
116 F -440.49054034 0
116 G -436.492282245 0
116 H -432.992039798 0
116 I -428.992324437 0
116 K -426.426263236 0
116 L -431.030935855 0
116 M -431.118523709 0
116 N -439.075889482 0
116 P -369.316420979 0
116 Q -430.961043047 0
116 R -439.549941126 1
116 S -430.704111694 0
116 T -434.892236407 0
116 V -434.257009359 0
116 W -410.774622988 0
116 Y -432.634875664 0
117 A -438.689849758 0
117 C -436.079831448 0
117 D -438.648870789 0
117 E -435.457696021 0
117 F -439.512310648 1
117 G -437.756162059 0
117 H -440.00397983 0
117 I -428.964324517 0
117 K -434.368457288 0
117 L -432.819701372 0
117 M -428.15108648 0
117 N -437.510545308 0
117 P -424.648026629 0
117 Q -429.293639763 0
117 R -431.61798278 0
117 S -438.852321416 0
117 T -427.221737108 0
117 V -431.203667283 0
117 W -439.960960789 0
117 Y -433.058659508 0
118 A -436.966638012 0
118 C -434.383345559 0
118 D -432.888760831 0
118 E -437.305499135 0
118 F -437.118862031 0
118 G -427.99325242 0
118 H -436.546652318 0
118 I -435.273126405 0
118 K -437.473936201 0
118 L -438.258153997 0
118 M -436.204009193 0
118 N -436.555569524 0
118 P -415.663887278 0
118 Q -435.034562865 0
118 R -439.48148338 1
118 S -429.465131275 0
118 T -435.621613094 0
118 V -435.9757509 0
118 W -437.660047873 0
118 Y -436.991668549 0
119 A -435.264307941 0
119 C -434.327225154 0
119 D -439.469255962 1
119 E -439.073862853 0
119 F -438.005266439 0
119 G -433.800404613 0
119 H -437.751157416 0
119 I -437.466286352 0
119 K -431.902821875 0
119 L -438.628518784 0
119 M -437.589340637 0
119 N -436.292242197 0
119 P -403.530020229 0
119 Q -437.595872309 0
119 R -431.137541703 0
119 S -436.277084771 0
119 T -437.253224476 0
119 V -437.094023464 0
119 W -435.535194139 0
119 Y -432.146456242 0
120 A -435.93639914 0
120 C -429.532975391 0
120 D -425.838307987 0
120 E -426.752336692 0
120 F -408.455113476 0
120 G -430.069368297 0
120 H -412.309259917 0
120 I -436.071097062 0
120 K -421.081662304 0
120 L -439.548136215 1
120 M -441.654755497 0
120 N -435.640492465 0
120 P -357.849351532 0
120 Q -436.694031111 0
120 R -403.729928937 0
120 S -426.750372543 0
120 T -427.677445063 0
120 V -438.012184857 0
120 W -411.827511122 0
120 Y -399.987314 0
121 A -439.551887198 1
121 C -437.383762824 0
121 D -433.314053762 0
121 E -437.202285673 0
121 F -441.326565598 0
121 G -436.356882575 0
121 H -440.146551078 0
121 I -434.148323463 0
121 K -432.894629373 0
121 L -438.821489408 0
121 M -440.79172186 0
121 N -439.888533481 0
121 P -399.4869782 0
121 Q -438.065821633 0
121 R -439.870856952 0
121 S -439.369905654 0
121 T -437.893242359 0
121 V -437.385286116 0
121 W -441.361532267 0
121 Y -434.92250533 0
122 A -424.13963972 0
122 C -399.549031797 0
122 D -395.87024429 0
122 E -392.665791504 0
122 F -401.867148211 0
122 G -439.518789771 1
122 H -399.182037247 0
122 I -386.249935231 0
122 K -394.040786436 0
122 L -407.639860367 0
122 M -402.552233067 0
122 N -399.170830135 0
122 P -364.722866228 0
122 Q -399.557689227 0
122 R -397.319885257 0
122 S -401.264806908 0
122 T -385.045264461 0
122 V -393.045572626 0
122 W -392.232583142 0
122 Y -398.543146231 0
123 A -437.507411165 0
123 C -436.081477324 0
123 D -437.886809022 0
123 E -439.236296506 0
123 F -439.518809818 1
123 G -435.588863985 0
123 H -438.472647864 0
123 I -439.20048062 0
123 K -438.686666969 0
123 L -441.50192564 0
123 M -439.286764415 0
123 N -438.355446302 0
123 P -420.466947466 0
123 Q -438.078896537 0
123 R -438.789217305 0
123 S -437.60753198 0
123 T -438.188619837 0
123 V -438.631193108 0
123 W -439.319134435 0
123 Y -439.961666091 0
124 A -430.701631342 0
124 C -430.894495622 0
124 D -429.463322481 0
124 E -435.285654377 0
124 F -433.659123434 0
124 G -425.605342867 0
124 H -431.015654325 0
124 I -433.421000224 0
124 K -428.758250337 0
124 L -439.54472879 1
124 M -437.402454652 0
124 N -431.659042305 0
124 P -389.257473039 0
124 Q -434.337348851 0
124 R -424.821728561 0
124 S -430.805916368 0
124 T -432.94460559 0
124 V -437.318126839 0
124 W -430.368357729 0
124 Y -433.555506355 0
125 A -435.03980981 0
125 C -434.638128077 0
125 D -435.078949539 0
125 E -437.651143725 0
125 F -437.952225088 0
125 G -431.183016106 0
125 H -436.661088332 0
125 I -439.181923795 0
125 K -437.565635199 0
125 L -439.529299542 1
125 M -437.144287144 0
125 N -435.636501855 0
125 P -396.969662441 0
125 Q -436.346327605 0
125 R -437.82901162 0
125 S -435.219917179 0
125 T -435.674798701 0
125 V -436.705409953 0
125 W -437.853178491 0
125 Y -436.962820257 0
126 A -429.592988797 0
126 C -428.685907751 0
126 D -427.529964091 0
126 E -429.506179192 0
126 F -434.67453732 0
126 G -426.230564495 0
126 H -431.811437986 0
126 I -436.955262335 0
126 K -433.443189589 0
126 L -439.523660417 1
126 M -434.185347743 0
126 N -430.967395159 0
126 P -426.905910591 0
126 Q -431.865271504 0
126 R -432.49359897 0
126 S -430.467765831 0
126 T -432.40092675 0
126 V -435.475681919 0
126 W -430.681346852 0
126 Y -432.913444045 0
127 A -435.759904882 0
127 C -435.283032178 0
127 D -435.207626927 0
127 E -437.804377241 0
127 F -433.72252086 0
127 G -436.037053992 0
127 H -437.560733455 0
127 I -439.519015608 1
127 K -437.687182841 0
127 L -438.629715377 0
127 M -438.037138873 0
127 N -436.623572189 0
127 P -413.207136534 0
127 Q -437.150336918 0
127 R -439.623920943 0
127 S -435.851276394 0
127 T -436.41296139 0
127 V -437.898747296 0
127 W -435.724220862 0
127 Y -433.750574006 0
