1 A -436.596097901 0
1 C -435.363970992 0
1 D -438.182746358 0
1 E -438.089514657 0
1 F -437.26601433 0
1 G -437.179512159 0
1 H -438.042848571 0
1 I -436.684009648 0
1 K -438.118773775 0
1 L -438.393772899 0
1 M -436.861034188 0
1 N -436.866019759 0
1 P -439.965312782 1
1 Q -436.846812843 0
1 R -436.650172758 0
1 S -437.937481122 0
1 T -436.710361282 0
1 V -435.919987129 0
1 W -439.195679342 0
1 Y -436.710307777 0
2 A -436.506891528 1
2 C -439.199108136 1
2 D -439.96967969 1
2 E -436.506891528 1
2 F -439.199108136 1
2 G -439.768866156 1
2 H -436.506891528 1
2 I -436.487708976 1
2 K -438.674045715 1
2 L -436.506891528 1
2 M -439.96967969 1
2 N -439.96967969 1
2 P -436.487708976 1
2 Q -439.96967969 1
2 R -436.506891528 1
2 S -439.96967969 1
2 T -439.96967969 1
2 V -436.506891528 1
2 W -436.487708976 1
2 Y -438.689508911 1
3 A -440.652008896 0
3 C -439.166322155 0
3 D -436.10873984 0
3 E -439.275383707 0
3 F -438.339704726 0
3 G -437.956211538 0
3 H -437.715407558 0
3 I -436.332543292 0
3 K -438.935415575 0
3 L -439.165627341 0
3 M -437.973584931 0
3 N -438.444258543 0
3 P -363.496287401 0
3 Q -439.346595275 0
3 R -440.886949604 0
3 S -439.972809722 1
3 T -439.221269061 0
3 V -438.485217279 0
3 W -438.456365528 0
3 Y -434.435848159 0
4 A -436.218372472 0
4 C -435.791127154 0
4 D -433.764361441 0
4 E -436.09527912 0
4 F -437.621715591 0
4 G -431.850989166 0
4 H -436.626057569 0
4 I -440.68124124 0
4 K -435.846861748 0
4 L -439.967194922 1
4 M -436.607278851 0
4 N -435.16245842 0
4 P -390.905269862 0
4 Q -436.170066561 0
4 R -435.20036276 0
4 S -435.657005966 0
4 T -438.296608291 0
4 V -440.174009711 0
4 W -435.185659146 0
4 Y -436.207739888 0
5 A -434.900623732 0
5 C -434.446237444 0
5 D -437.269495047 0
5 E -436.610757357 0
5 F -436.442667593 0
5 G -432.433282408 0
5 H -436.68466225 0
5 I -438.951753101 0
5 K -435.230662175 0
5 L -439.965907477 1
5 M -438.050935758 0
5 N -437.362813025 0
5 P -430.88451764 0
5 Q -435.963627437 0
5 R -436.378453984 0
5 S -435.670098153 0
5 T -437.173280908 0
5 V -438.537278639 0
5 W -438.04379418 0
5 Y -436.181089387 0
6 A -431.937068598 0
6 C -431.529941955 0
6 D -424.312028174 0
6 E -431.673276877 0
6 F -427.341292582 0
6 G -427.5660043 0
6 H -421.949214831 0
6 I -439.963277975 1
6 K -421.410297778 0
6 L -435.793437571 0
6 M -436.630290868 0
6 N -427.167489206 0
6 P -388.200869009 0
6 Q -433.193710534 0
6 R -421.521054595 0
6 S -431.318819323 0
6 T -434.003503302 0
6 V -437.563306699 0
6 W -402.754100965 0
6 Y -417.212460714 0
7 A -435.13662996 0
7 C -434.059423559 0
7 D -431.768951093 0
7 E -434.121349017 0
7 F -439.973788931 0
7 G -432.258692754 0
7 H -439.971613844 1
7 I -438.875022532 0
7 K -437.337942684 0
7 L -438.601783548 0
7 M -436.713806132 0
7 N -436.763487005 0
7 P -414.815989021 0
7 Q -435.274761908 0
7 R -438.95144183 0
7 S -434.887541373 0
7 T -436.925930431 0
7 V -438.253327045 0
7 W -438.986898395 0
7 Y -439.983402827 0
8 A -438.309209839 0
8 C -435.297267195 0
8 D -431.093690851 0
8 E -427.596422906 0
8 F -421.809935014 0
8 G -431.910355038 0
8 H -422.509622008 0
8 I -431.717248713 0
8 K -423.156241763 0
8 L -424.163984747 0
8 M -425.83464794 0
8 N -433.104288479 0
8 P -393.083645763 0
8 Q -430.026728138 0
8 R -420.736280966 0
8 S -437.203476012 0
8 T -436.879453085 0
8 V -440.030381395 1
8 W -413.007639778 0
8 Y -419.131073572 0
9 A -430.375071307 0
9 C -430.819527938 0
9 D -440.039067574 1
9 E -433.49299577 0
9 F -431.20535732 0
9 G -433.846793148 0
9 H -432.39124436 0
9 I -429.491792588 0
9 K -433.494844514 0
9 L -431.516227597 0
9 M -430.105286557 0
9 N -437.03602732 0
9 P -411.30915212 0
9 Q -434.283355993 0
9 R -432.046735522 0
9 S -435.043659387 0
9 T -436.024372689 0
9 V -430.370923169 0
9 W -429.814814682 0
9 Y -431.895939372 0
10 A -429.367692176 0
10 C -428.109079872 0
10 D -440.039257534 1
10 E -433.168288081 0
10 F -429.013989649 0
10 G -428.175997697 0
10 H -432.484853428 0
10 I -428.926227333 0
10 K -429.8177416 0
10 L -429.889471957 0
10 M -429.723714941 0
10 N -431.954810725 0
10 P -422.937416171 0
10 Q -430.69813373 0
10 R -428.602363034 0
10 S -430.690267617 0
10 T -430.156404912 0
10 V -428.355051134 0
10 W -430.613858019 0
10 Y -429.092474276 0
11 A -436.102487817 0
11 C -434.247583371 0
11 D -437.383924374 0
11 E -436.488108404 0
11 F -437.150173561 0
11 G -435.27839982 0
11 H -438.574143681 0
11 I -434.53762436 0
11 K -437.554708788 0
11 L -438.33245013 0
11 M -436.692923738 0
11 N -438.259844571 0
11 P -407.872450259 0
11 Q -436.045187483 0
11 R -440.031759562 1
11 S -436.48315406 0
11 T -434.875888591 0
11 V -434.388905398 0
11 W -436.165953798 0
11 Y -436.882562247 0
12 A -437.509151392 0
12 C -435.63499735 0
12 D -438.657891903 0
12 E -438.463076718 0
12 F -437.800045359 0
12 G -436.341208826 0
12 H -438.098273515 0
12 I -421.630147876 0
12 K -439.063738673 0
12 L -437.242644336 0
12 M -437.893401569 0
12 N -440.451382186 0
12 P -385.646339643 0
12 Q -439.173422309 0
12 R -440.053862424 1
12 S -436.372062137 0
12 T -433.831167264 0
12 V -426.477285073 0
12 W -437.614378551 0
12 Y -437.173587405 0
13 A -436.932176984 0
13 C -437.114157665 0
13 D -434.302881865 0
13 E -438.347580627 0
13 F -437.4724551 0
13 G -434.286770046 0
13 H -437.859229196 0
13 I -437.912799105 0
13 K -437.992631058 0
13 L -439.960033658 1
13 M -437.6575997 0
13 N -436.320735118 0
13 P -408.674469619 0
13 Q -437.184360267 0
13 R -438.706099294 0
13 S -436.456645186 0
13 T -436.138371768 0
13 V -437.111256987 0
13 W -437.978151354 0
13 Y -437.77982777 0
14 A -431.965016826 0
14 C -432.385377676 0
14 D -431.370309946 0
14 E -431.475001864 0
14 F -440.392223557 0
14 G -429.401857205 0
14 H -434.572564852 0
14 I -433.260708495 0
14 K -431.027453542 0
14 L -433.745716405 0
14 M -437.119814544 0
14 N -432.836271737 0
14 P -431.857709345 0
14 Q -432.751544362 0
14 R -432.839885089 0
14 S -431.376920717 0
14 T -434.452274822 0
14 V -432.172151739 0
14 W -437.065018691 0
14 Y -440.043279271 1
15 A -432.422369937 0
15 C -432.029843283 0
15 D -439.967957806 1
15 E -433.779773516 0
15 F -433.318276601 0
15 G -432.371830019 0
15 H -433.891125089 0
15 I -433.104265602 0
15 K -434.068526039 0
15 L -433.664427897 0
15 M -434.887201947 0
15 N -436.235105201 0
15 P -406.229681667 0
15 Q -433.597426844 0
15 R -434.327967862 0
15 S -433.484383246 0
15 T -435.443295398 0
15 V -432.815853182 0
15 W -433.338673864 0
15 Y -434.694114813 0
16 A -435.945825264 0
16 C -435.073438698 0
16 D -435.174366538 0
16 E -434.877000581 0
16 F -435.94323698 0
16 G -433.094032416 0
16 H -436.439811104 0
16 I -435.545876639 0
16 K -437.180791722 0
16 L -435.16028111 0
16 M -435.406799384 0
16 N -434.386560621 0
16 P -391.239715569 0
16 Q -434.069087067 0
16 R -437.33304526 0
16 S -437.460870461 0
16 T -439.967888245 1
16 V -436.932105055 0
16 W -436.371290731 0
16 Y -436.154434961 0
17 A -435.624129477 0
17 C -434.257153973 0
17 D -438.955347617 0
17 E -437.37612492 0
17 F -437.410812526 0
17 G -435.501347772 0
17 H -439.41789412 0
17 I -437.456921081 0
17 K -437.841973836 0
17 L -437.697166572 0
17 M -436.262387882 0
17 N -438.391178958 0
17 P -426.110698025 0
17 Q -436.35660744 0
17 R -440.053430799 1
17 S -438.079855811 0
17 T -438.71132694 0
17 V -437.508272123 0
17 W -437.745410642 0
17 Y -437.322238194 0
18 A -434.964469272 0
18 C -435.166781483 0
18 D -433.558466956 0
18 E -436.873281513 0
18 F -435.019078225 0
18 G -432.071946964 0
18 H -434.55984928 0
18 I -437.442151716 0
18 K -436.090011664 0
18 L -439.961108601 1
18 M -437.179249065 0
18 N -435.105973289 0
18 P -390.086231989 0
18 Q -435.529848701 0
18 R -436.467416285 0
18 S -436.132314943 0
18 T -434.500375156 0
18 V -436.148870599 0
18 W -433.099446613 0
18 Y -434.385830238 0
19 A -429.66888461 0
19 C -430.223657683 0
19 D -428.346286662 0
19 E -432.841459938 0
19 F -434.474898145 0
19 G -424.236467629 0
19 H -432.524745432 0
19 I -439.963381723 1
19 K -424.502583328 0
19 L -435.206560128 0
19 M -435.085307064 0
19 N -429.367709124 0
19 P -385.815307097 0
19 Q -431.89340919 0
19 R -427.797017119 0
19 S -429.810822107 0
19 T -432.798827448 0
19 V -436.418392589 0
19 W -421.840980284 0
19 Y -415.144321127 0
20 A -433.848489934 0
20 C -434.413158522 0
20 D -434.463640736 0
20 E -436.950933615 0
20 F -434.389645115 0
20 G -430.472422671 0
20 H -436.191843215 0
20 I -441.578492972 0
20 K -437.143600222 0
20 L -439.970466993 1
20 M -437.219009462 0
20 N -436.065785764 0
20 P -425.464171247 0
20 Q -435.375802091 0
20 R -436.751961206 0
20 S -434.732464831 0
20 T -436.873258365 0
20 V -439.596801299 0
20 W -439.310489176 0
20 Y -433.7162292 0
21 A -430.239616357 0
21 C -432.833482547 0
21 D -428.863145357 0
21 E -429.639091095 0
21 F -427.042762398 0
21 G -422.563291607 0
21 H -425.61776152 0
21 I -433.224845733 0
21 K -418.525859071 0
21 L -436.707289091 0
21 M -429.049384961 0
21 N -429.850698067 0
21 P -391.19416049 0
21 Q -431.022419043 0
21 R -420.7511591 0
21 S -428.765609282 0
21 T -433.851150377 0
21 V -439.964883332 1
21 W -418.050955894 0
21 Y -426.896782516 0
22 A -432.107361899 0
22 C -430.906462159 0
22 D -439.962479026 1
22 E -435.61094134 0
22 F -430.840722293 0
22 G -429.598062191 0
22 H -433.14586005 0
22 I -433.612024077 0
22 K -431.614040036 0
22 L -433.751828512 0
22 M -433.115854013 0
22 N -434.50960486 0
22 P -432.123177034 0
22 Q -432.934054961 0
22 R -431.296194071 0
22 S -431.948991735 0
22 T -431.950294019 0
22 V -433.013703439 0
22 W -428.650402614 0
22 Y -427.764271892 0
23 A -435.425199346 0
23 C -433.860829282 0
23 D -432.986284796 0
23 E -434.823814474 0
23 F -434.70131057 0
23 G -433.870642462 0
23 H -435.649357376 0
23 I -434.581775864 0
23 K -439.949551544 1
23 L -435.734101856 0
23 M -436.675958603 0
23 N -433.432634208 0
23 P -392.189746046 0
23 Q -434.405401923 0
23 R -437.619538896 0
23 S -435.389694251 0
23 T -433.317547144 0
23 V -434.164057113 0
23 W -436.05126375 0
23 Y -433.620693298 0
24 A -435.177621424 0
24 C -434.023312147 0
24 D -434.946770605 0
24 E -435.076156723 0
24 F -433.396081815 0
24 G -434.494687733 0
24 H -436.242291512 0
24 I -434.09930137 0
24 K -436.456042717 0
24 L -435.463549114 0
24 M -434.903133916 0
24 N -436.364986691 0
24 P -417.167160658 0
24 Q -435.187900309 0
24 R -439.95726526 1
24 S -436.871026888 0
24 T -434.511426453 0
24 V -433.744638976 0
24 W -434.130182988 0
24 Y -432.888453074 0
25 A -436.625441906 1
25 C -439.974118839 1
25 D -439.974118839 1
25 E -436.648202277 1
25 F -439.974118839 1
25 G -439.974118839 1
25 H -439.974118839 1
25 I -439.974118839 1
25 K -436.648202277 1
25 L -439.974118839 1
25 M -439.974118839 1
25 N -439.974118839 1
25 P -436.625441906 1
25 Q -439.974118839 1
25 R -436.625441906 1
25 S -436.625441906 1
25 T -436.648202277 1
25 V -436.625441906 1
25 W -439.974118839 1
25 Y -439.974118839 1
26 A -435.696661435 0
26 C -433.28400352 0
26 D -437.478838842 0
26 E -437.606368481 0
26 F -435.979028608 0
26 G -434.568425618 0
26 H -436.475090449 0
26 I -435.804853461 0
26 K -437.119153846 0
26 L -436.858240444 0
26 M -435.976012934 0
26 N -435.988829083 0
26 P -433.524071934 0
26 Q -435.90788158 0
26 R -436.625841065 1
26 S -437.114981746 0
26 T -436.73687169 0
26 V -435.433980972 0
26 W -436.003945505 0
26 Y -438.568412088 0
27 A -439.930907643 0
27 C -434.900225826 0
27 D -437.591733174 0
27 E -439.970975978 1
27 F -439.267660823 0
27 G -436.128304564 0
27 H -440.375093473 0
27 I -435.637796398 0
27 K -437.521498983 0
27 L -437.451237663 0
27 M -437.050888118 0
27 N -437.531316734 0
27 P -402.070470218 0
27 Q -436.201628482 0
27 R -438.344667686 0
27 S -439.467086409 0
27 T -437.053391327 0
27 V -437.723426386 0
27 W -440.457719317 0
27 Y -439.366381374 0
28 A -425.644559087 0
28 C -428.752125903 0
28 D -425.452968752 0
28 E -425.799428757 0
28 F -439.978103079 1
28 G -422.82314704 0
28 H -434.958279401 0
28 I -430.122824395 0
28 K -426.675235995 0
28 L -431.824050738 0
28 M -432.737430646 0
28 N -426.379553566 0
28 P -388.758893738 0
28 Q -428.911557093 0
28 R -422.726908531 0
28 S -427.418003084 0
28 T -427.259882339 0
28 V -429.826176746 0
28 W -437.929518228 0
28 Y -436.872551413 0
29 A -437.116253927 0
29 C -436.225003025 0
29 D -435.395553134 0
29 E -439.141554134 0
29 F -435.719897115 0
29 G -432.760690288 0
29 H -434.774946808 0
29 I -438.77135479 0
29 K -438.045265416 0
29 L -443.04311212 0
29 M -439.538000705 0
29 N -437.536010904 0
29 P -402.592556102 0
29 Q -436.495737343 1
29 R -434.928799067 0
29 S -438.982438358 0
29 T -433.681620142 0
29 V -437.745389114 0
29 W -432.915703018 0
29 Y -434.442808742 0
30 A -432.016204167 0
30 C -433.19857782 0
30 D -432.479813055 0
30 E -426.868601028 0
30 F -432.663032929 0
30 G -425.275666954 0
30 H -434.232310367 0
30 I -440.201865688 0
30 K -403.390328556 0
30 L -433.252347765 0
30 M -434.514672894 0
30 N -434.043524951 0
30 P -404.356993953 0
30 Q -430.850133926 0
30 R -418.806912843 0
30 S -432.11031564 0
30 T -435.327731722 0
30 V -439.982864731 1
30 W -420.131974576 0
30 Y -433.913593658 0
31 A -435.9947005 0
31 C -435.436133597 0
31 D -438.787960196 0
31 E -438.719440243 0
31 F -438.07082705 0
31 G -430.115386573 0
31 H -435.577824561 0
31 I -442.507228214 0
31 K -438.010036879 0
31 L -440.232199588 0
31 M -438.157150633 0
31 N -439.967766425 1
31 P -406.597850901 0
31 Q -438.296353779 0
31 R -439.858499775 0
31 S -435.655901681 0
31 T -437.403300245 0
31 V -441.439354858 0
31 W -441.43519745 0
31 Y -435.534088113 0
32 A -429.978314722 0
32 C -430.92653754 0
32 D -426.539624929 0
32 E -429.06812439 0
32 F -429.354624855 0
32 G -425.478756182 0
32 H -429.577125755 0
32 I -436.903765261 0
32 K -421.288853735 0
32 L -438.751591072 1
32 M -433.810997768 0
32 N -430.833917477 0
32 P -400.719027774 0
32 Q -431.95832927 0
32 R -420.865402427 0
32 S -430.524614067 0
32 T -432.828144603 0
32 V -435.186743918 0
32 W -408.648699188 0
32 Y -425.305796475 0
33 A -434.661466948 0
33 C -433.992484798 0
33 D -430.10942403 0
33 E -434.618160483 0
33 F -436.33953499 0
33 G -432.66265489 0
33 H -435.347904512 0
33 I -435.5010712 0
33 K -437.087316781 0
33 L -435.637340953 0
33 M -435.916940013 0
33 N -434.390856625 0
33 P -400.169041404 0
33 Q -436.298904965 0
33 R -439.976635937 1
33 S -434.358078879 0
33 T -436.145287325 0
33 V -435.577321069 0
33 W -434.392971924 0
33 Y -437.446868172 0
34 A -434.565211464 0
34 C -434.751767445 0
34 D -435.571201224 0
34 E -426.227899802 0
34 F -438.193588159 0
34 G -425.958861948 0
34 H -440.019872574 1
34 I -435.576688575 0
34 K -430.765878455 0
34 L -425.505163291 0
34 M -430.195001695 0
34 N -439.569961233 0
34 P -386.228633678 0
34 Q -433.093444669 0
34 R -432.161658553 0
34 S -434.680662927 0
34 T -434.075285226 0
34 V -437.871592786 0
34 W -424.957085483 0
34 Y -438.486081513 0
35 A -436.889310313 0
35 C -435.136338209 0
35 D -439.960144073 1
35 E -438.689191218 0
35 F -431.972362826 0
35 G -436.889115326 0
35 H -439.448624347 0
35 I -437.372692762 0
35 K -438.431860038 0
35 L -439.232770144 0
35 M -437.742962786 0
35 N -439.215073126 0
35 P -440.800974351 0
35 Q -438.70453686 0
35 R -437.794397367 0
35 S -438.780645921 0
35 T -438.643223526 0
35 V -436.718411559 0
35 W -436.731082448 0
35 Y -432.061722672 0
36 A -424.107107037 0
36 C -415.806153562 0
36 D -411.921408249 0
36 E -404.638719482 0
36 F -401.238903523 0
36 G -439.966431021 1
36 H -402.009872718 0
36 I -401.463804158 0
36 K -393.906387074 0
36 L -400.63719907 0
36 M -400.187125205 0
36 N -401.927721298 0
36 P -395.261605742 0
36 Q -411.756178797 0
36 R -399.178634882 0
36 S -419.738924996 0
36 T -417.653344838 0
36 V -407.765980746 0
36 W -374.684422873 0
36 Y -400.417486184 0
37 A -437.58772373 0
37 C -437.278557883 0
37 D -439.449382241 0
37 E -440.02103955 0
37 F -439.849971892 0
37 G -437.492951985 0
37 H -440.223367843 0
37 I -439.061661871 0
37 K -440.422365416 0
37 L -440.301682453 0
37 M -438.176620536 0
37 N -439.642591334 0
37 P -425.825686591 0
37 Q -439.27388794 0
37 R -439.962704663 1
37 S -439.271750691 0
37 T -440.036528944 0
37 V -439.27438022 0
37 W -439.567724429 0
37 Y -439.585560539 0
38 A -437.012724934 0
38 C -434.550298216 0
38 D -435.698507518 0
38 E -437.091340826 0
38 F -436.572672061 0
38 G -435.272932364 0
38 H -436.358845726 0
38 I -433.746558417 0
38 K -436.88848378 0
38 L -440.032909534 1
38 M -437.07372132 0
38 N -436.543510482 0
38 P -413.845136283 0
38 Q -438.032825605 0
38 R -436.151023096 0
38 S -435.697909896 0
38 T -433.813471799 0
38 V -433.621190088 0
38 W -435.824887012 0
38 Y -435.338338776 0
39 A -435.143575731 0
39 C -433.242219581 0
39 D -435.758518461 0
39 E -435.288608417 0
39 F -432.528765051 0
39 G -434.864336917 0
39 H -434.842206404 0
39 I -431.460065993 0
39 K -434.959524527 0
39 L -435.30138379 0
39 M -434.073254636 0
39 N -434.686625284 0
39 P -439.970917321 1
39 Q -434.022281389 0
39 R -435.898082462 0
39 S -437.827609928 0
39 T -436.689961083 0
39 V -433.865464551 0
39 W -432.839848988 0
39 Y -432.444906749 0
40 A -438.878174406 0
40 C -436.419435905 0
40 D -436.485429437 0
40 E -438.812258865 0
40 F -436.102399623 0
40 G -436.447159359 0
40 H -438.252322501 0
40 I -440.571614239 0
40 K -439.710407119 0
40 L -440.557265956 0
40 M -439.926418823 0
40 N -437.406747783 0
40 P -438.820359473 0
40 Q -438.367080586 0
40 R -441.177471524 0
40 S -438.273903696 0
40 T -440.47715617 0
40 V -440.04768964 1
40 W -433.732786192 0
40 Y -437.009476304 0
41 A -437.360488427 0
41 C -435.182380542 0
41 D -438.487306952 0
41 E -440.037236527 1
41 F -437.587657672 0
41 G -435.557850545 0
41 H -440.182664611 0
41 I -434.444148147 0
41 K -438.213047293 0
41 L -433.857286714 0
41 M -437.158572924 0
41 N -438.149098718 0
41 P -423.17489312 0
41 Q -438.639282506 0
41 R -437.504243427 0
41 S -438.694649535 0
41 T -433.986697397 0
41 V -434.449099414 0
41 W -439.013908165 0
41 Y -437.456283403 0
42 A -436.897767784 0
42 C -435.265260886 0
42 D -436.681528817 0
42 E -438.402233595 0
42 F -435.873769152 0
42 G -433.557878764 0
42 H -436.578362641 0
42 I -439.599055751 0
42 K -438.692893415 0
42 L -439.052040554 0
42 M -437.343194307 0
42 N -436.668102079 0
42 P -392.856169845 0
42 Q -437.336750987 0
42 R -438.123653911 0
42 S -436.310295919 0
42 T -438.175809615 0
42 V -440.029539091 1
42 W -435.388239968 0
42 Y -436.357036002 0
43 A -444.666711597 0
43 C -441.148657199 0
43 D -438.286563797 0
43 E -437.241868984 0
43 F -433.100141585 0
43 G -438.864782316 0
43 H -439.815553173 0
43 I -434.744687254 0
43 K -437.170687112 0
43 L -437.285275508 0
43 M -440.877645757 0
43 N -442.580444257 0
43 P -365.965854185 0
43 Q -438.606814397 0
43 R -442.46156254 0
43 S -439.961406017 1
43 T -439.62813103 0
43 V -435.270433159 0
43 W -425.422782482 0
43 Y -432.39874615 0
44 A -433.366874261 0
44 C -415.786956262 0
44 D -409.935822916 0
44 E -406.401422123 0
44 F -383.336697439 0
44 G -440.041537768 1
44 H -392.055228863 0
44 I -387.666966008 0
44 K -399.386366548 0
44 L -400.83656826 0
44 M -409.361499517 0
44 N -412.773882461 0
44 P -421.007079192 0
44 Q -414.024333329 0
44 R -403.466340676 0
44 S -425.208861197 0
44 T -412.755197359 0
44 V -405.743209043 0
44 W -372.819794976 0
44 Y -380.205592681 0
45 A -440.048346238 1
45 C -439.054102563 0
45 D -438.142844337 0
45 E -434.213511285 0
45 F -440.533065996 0
45 G -437.061775715 0
45 H -440.459258818 0
45 I -436.171297864 0
45 K -429.027465841 0
45 L -434.509407 0
45 M -433.878749934 0
45 N -442.310248054 0
45 P -396.029321414 0
45 Q -439.10729953 0
45 R -432.948187568 0
45 S -438.511865315 0
45 T -427.897935541 0
45 V -436.069785025 0
45 W -422.919947502 0
45 Y -438.776871699 0
46 A -434.485057628 0
46 C -434.238237473 0
46 D -434.817559505 0
46 E -430.328183479 0
46 F -416.489860599 0
46 G -431.46547557 0
46 H -424.278755034 0
46 I -428.203949059 0
46 K -425.727521725 0
46 L -435.311791048 0
46 M -430.46725049 0
46 N -440.066436272 1
46 P -417.164995688 0
46 Q -432.573973333 0
46 R -430.967156232 0
46 S -435.424732413 0
46 T -434.264292396 0
46 V -434.106669575 0
46 W -404.540957506 0
46 Y -414.026913329 0
47 A -427.931288633 0
47 C -427.943821618 0
47 D -429.13728544 0
47 E -428.223385581 0
47 F -437.937913594 0
47 G -421.914065612 0
47 H -432.903921375 0
47 I -431.1492634 0
47 K -427.188334542 0
47 L -434.088799401 0
47 M -431.596042986 0
47 N -430.135714992 0
47 P -393.039368907 0
47 Q -427.043109014 0
47 R -431.831234827 0
47 S -429.363514949 0
47 T -428.970878659 0
47 V -432.450028764 0
47 W -440.081317066 1
47 Y -436.870597317 0
48 A -431.26429971 0
48 C -432.585060733 0
48 D -427.639825768 0
48 E -426.387707875 0
48 F -419.460812251 0
48 G -424.957255991 0
48 H -423.609077202 0
48 I -429.818374708 0
48 K -423.816413264 0
48 L -432.34124377 0
48 M -423.520097761 0
48 N -431.229420705 0
48 P -374.578443235 0
48 Q -425.210010071 0
48 R -415.145869471 0
48 S -430.501309064 0
48 T -434.66784749 0
48 V -440.056846101 1
48 W -410.589920062 0
48 Y -415.752595803 0
49 A -429.486898949 0
49 C -429.954420395 0
49 D -425.598905109 0
49 E -429.450939031 0
49 F -433.013246885 0
49 G -424.403721957 0
49 H -430.730404967 0
49 I -431.394396046 0
49 K -415.466290522 0
49 L -440.001620398 1
49 M -434.60763699 0
49 N -429.931150751 0
49 P -390.642206255 0
49 Q -431.452741367 0
49 R -422.285886827 0
49 S -429.095873393 0
49 T -430.013988713 0
49 V -432.43101016 0
49 W -403.718465082 0
49 Y -429.262947472 0
50 A -439.685610405 0
50 C -437.798879381 0
50 D -433.050586485 0
50 E -417.664781117 0
50 F -400.5655119 0
50 G -436.236224653 0
50 H -414.393920401 0
50 I -422.22687137 0
50 K -402.166514026 0
50 L -420.19778733 0
50 M -419.27570347 0
50 N -432.553639107 0
50 P -397.838093775 0
50 Q -420.156771418 0
50 R -385.163238385 0
50 S -440.019743294 1
50 T -437.747151655 0
50 V -433.490489517 0
50 W -379.066389291 0
50 Y -399.066184213 0
51 A -438.414720033 0
51 C -439.719693824 0
51 D -438.426739158 0
51 E -440.989587818 0
51 F -442.123332131 0
51 G -436.975636411 0
51 H -433.735639359 0
51 I -438.75339781 0
51 K -439.120419428 0
51 L -440.768933735 0
51 M -442.888875732 0
51 N -440.123055808 0
51 P -434.976607382 0
51 Q -441.501744668 0
51 R -443.089493716 0
51 S -440.007870396 1
51 T -440.297877626 0
51 V -439.600946262 0
51 W -443.815983968 0
51 Y -441.74052071 0
52 A -438.684736733 0
52 C -433.548807402 0
52 D -438.134910962 0
52 E -440.002080112 1
52 F -432.957804972 0
52 G -435.236016025 0
52 H -435.909116333 0
52 I -437.362695834 0
52 K -436.707883282 0
52 L -437.482200237 0
52 M -437.078846339 0
52 N -437.129677611 0
52 P -394.728946551 0
52 Q -437.95289064 0
52 R -437.036080645 0
52 S -437.124696068 0
52 T -435.511539218 0
52 V -437.034441043 0
52 W -437.464729014 0
52 Y -434.830050256 0
53 A -439.910169883 0
53 C -436.283314653 0
53 D -440.967789847 0
53 E -441.843913613 0
53 F -439.093051228 0
53 G -438.141870413 0
53 H -439.357398985 0
53 I -439.578985667 0
53 K -440.359624824 0
53 L -439.317657342 1
53 M -439.456564232 0
53 N -438.779350068 0
53 P -422.001996256 0
53 Q -439.211688111 0
53 R -441.161457608 0
53 S -439.804064058 0
53 T -439.546067767 0
53 V -439.439663302 0
53 W -438.448982254 0
53 Y -439.778204939 0
54 A -439.844867498 0
54 C -436.444056432 0
54 D -440.184672817 0
54 E -437.736880605 0
54 F -438.62507623 0
54 G -437.913409349 0
54 H -439.062435663 0
54 I -431.676102442 0
54 K -436.577219762 0
54 L -438.814008621 0
54 M -437.245170681 0
54 N -439.882045294 0
54 P -421.943451703 0
54 Q -437.920691543 0
54 R -438.7140806 0
54 S -438.598089858 0
54 T -437.173489814 0
54 V -435.238339665 0
54 W -440.021663973 1
54 Y -438.429066864 0
55 A -436.252038634 0
55 C -434.685063768 0
55 D -431.044383555 0
55 E -436.374039478 0
55 F -437.533526455 0
55 G -432.625279429 0
55 H -435.254043323 0
55 I -435.430037197 0
55 K -435.796150117 0
55 L -440.083228501 1
55 M -438.888893416 0
55 N -432.903043076 0
55 P -382.594241311 0
55 Q -435.871226286 0
55 R -436.508743739 0
55 S -434.69340647 0
55 T -435.508886513 0
55 V -438.509168826 0
55 W -438.093059291 0
55 Y -435.920583262 0
56 A -439.044905673 0
56 C -436.01568811 0
56 D -440.322088062 0
56 E -440.782129832 0
56 F -438.720435104 0
56 G -437.388437745 0
56 H -439.240891581 0
56 I -440.087206773 0
56 K -440.075957075 1
56 L -440.34553209 0
56 M -440.483807305 0
56 N -439.293943363 0
56 P -434.060063959 0
56 Q -438.741047961 0
56 R -439.644874912 0
56 S -439.177483915 0
56 T -438.793444752 0
56 V -439.393650652 0
56 W -440.108112953 0
56 Y -437.871047647 0
57 A -436.315479704 0
57 C -434.205033779 0
57 D -437.738311514 0
57 E -437.156059216 1
57 F -437.010243046 0
57 G -432.618565537 0
57 H -437.332238316 0
57 I -437.991000251 0
57 K -439.311405904 0
57 L -440.349040917 0
57 M -436.528158188 0
57 N -435.840144289 0
57 P -418.293357993 0
57 Q -436.400948237 0
57 R -439.155967079 0
57 S -436.558748162 0
57 T -437.022004444 0
57 V -438.10988757 0
57 W -436.332159114 0
57 Y -436.10785082 0
58 A -434.347067192 0
58 C -434.131115866 0
58 D -429.984875011 0
58 E -428.87960902 0
58 F -416.89283863 0
58 G -430.937881458 0
58 H -431.717458824 0
58 I -440.535811413 0
58 K -424.47535262 0
58 L -434.492962928 0
58 M -431.206926543 0
58 N -433.140194984 0
58 P -377.265934821 0
58 Q -428.382300057 0
58 R -422.761991678 0
58 S -432.831167782 0
58 T -435.898766596 0
58 V -440.007673828 1
58 W -410.81907493 0
58 Y -423.407696532 0
59 A -436.696480193 0
59 C -436.861240209 0
59 D -431.276200357 0
59 E -434.011215431 0
59 F -426.88327868 0
59 G -432.588792287 0
59 H -430.084804836 0
59 I -438.496575489 0
59 K -428.715082947 0
59 L -438.737706992 0
59 M -431.753637004 0
59 N -436.236074034 0
59 P -377.238880735 0
59 Q -429.670914085 0
59 R -430.352168209 0
59 S -434.610686255 0
59 T -436.24114292 0
59 V -440.056433762 1
59 W -433.377288482 0
59 Y -431.818560984 0
60 A -438.683125191 0
60 C -435.72352241 0
60 D -440.571209477 0
60 E -436.336140615 0
60 F -435.636071267 0
60 G -436.880728625 0
60 H -436.715933437 0
60 I -440.006074838 1
60 K -439.285981152 0
60 L -439.549392082 0
60 M -439.110991631 0
60 N -438.069395588 0
60 P -375.770097623 0
60 Q -439.202592879 0
60 R -440.22937961 0
60 S -435.400629499 0
60 T -439.200770289 0
60 V -439.186829335 0
60 W -438.925902542 0
60 Y -437.030280499 0
61 A -435.143523738 0
61 C -432.551208753 0
61 D -434.10017237 0
61 E -434.557676974 0
61 F -434.617919011 0
61 G -432.69757042 0
61 H -435.34432093 0
61 I -432.464842302 0
61 K -437.218991783 0
61 L -437.360120119 0
61 M -436.85910244 0
61 N -436.059934147 0
61 P -377.811708736 0
61 Q -434.145481193 0
61 R -440.063318272 1
61 S -434.082514569 0
61 T -433.034431576 0
61 V -434.296365923 0
61 W -435.521841051 0
61 Y -434.122325373 0
62 A -430.024165904 0
62 C -420.890147927 0
62 D -418.164091008 0
62 E -404.863755584 0
62 F -409.955559085 0
62 G -440.078575509 1
62 H -411.485349536 0
62 I -384.657539177 0
62 K -401.587583237 0
62 L -386.953638346 0
62 M -400.179709456 0
62 N -416.653482617 0
62 P -345.519167373 0
62 Q -403.380673119 0
62 R -400.421899358 0
62 S -428.908538765 0
62 T -410.837327442 0
62 V -395.870507379 0
62 W -405.166336314 0
62 Y -406.252424365 0
63 A -438.705459945 0
63 C -437.321641058 0
63 D -438.048602926 0
63 E -440.66621371 0
63 F -440.056035037 1
63 G -436.714336622 0
63 H -439.571203542 0
63 I -440.276258961 0
63 K -438.797166113 0
63 L -437.823250115 0
63 M -439.669476403 0
63 N -438.515645007 0
63 P -379.069583416 0
63 Q -438.226577044 0
63 R -438.780349686 0
63 S -437.86851318 0
63 T -438.615200691 0
63 V -439.169740574 0
63 W -439.439975652 0
63 Y -438.045671409 0
64 A -435.895456533 0
64 C -434.362493937 0
64 D -436.257301041 0
64 E -439.972445411 1
64 F -436.203002173 0
64 G -434.911152584 0
64 H -436.011705582 0
64 I -433.619839431 0
64 K -439.061678425 0
64 L -437.714129267 0
64 M -437.394514044 0
64 N -436.541542973 0
64 P -393.013905895 0
64 Q -438.255890174 0
64 R -437.761430095 0
64 S -435.682662094 0
64 T -435.096711116 0
64 V -433.457469185 0
64 W -436.975609756 0
64 Y -434.676956019 0
65 A -441.175578995 0
65 C -437.011623632 0
65 D -430.017453204 0
65 E -435.040957619 0
65 F -434.617981755 0
65 G -437.285604934 0
65 H -432.906965166 0
65 I -432.503805574 0
65 K -432.70547122 0
65 L -430.75508857 0
65 M -435.536889663 0
65 N -436.315395125 0
65 P -374.34593265 0
65 Q -435.31048566 0
65 R -432.156080077 0
65 S -439.97704738 1
65 T -435.849075447 0
65 V -429.719955805 0
65 W -436.098073636 0
65 Y -434.329794693 0
66 A -422.264837951 0
66 C -421.656696118 0
66 D -426.959705541 0
66 E -423.217747412 0
66 F -421.93874044 0
66 G -439.97560373 1
66 H -423.352466335 0
66 I -416.484085647 0
66 K -422.99423215 0
66 L -420.806636275 0
66 M -421.55195862 0
66 N -422.406962905 0
66 P -358.699100419 0
66 Q -422.934986026 0
66 R -421.388902753 0
66 S -429.422564299 0
66 T -416.530463389 0
66 V -416.030350036 0
66 W -421.42921699 0
66 Y -421.214418164 0
67 A -435.824343294 0
67 C -432.171013046 0
67 D -435.699734307 0
67 E -438.566689148 0
67 F -436.947689682 0
67 G -433.938482668 0
67 H -436.719876454 0
67 I -437.847632008 0
67 K -435.392905024 0
67 L -439.973536525 1
67 M -437.551363381 0
67 N -434.658446254 0
67 P -435.002602812 0
67 Q -437.557978279 0
67 R -436.056833657 0
67 S -436.212142073 0
67 T -435.741981142 0
67 V -435.199723946 0
67 W -436.503463322 0
67 Y -437.959634487 0
68 A -436.486163626 0
68 C -435.217734211 0
68 D -438.116904094 0
68 E -439.758671853 0
68 F -435.977041493 0
68 G -436.036513082 0
68 H -439.964406967 1
68 I -436.09549754 0
68 K -437.973907568 0
68 L -437.279602808 0
68 M -436.403248269 0
68 N -437.099621509 0
68 P -432.767074397 0
68 Q -438.437204152 0
68 R -436.883006393 0
68 S -438.413235674 0
68 T -437.299204091 0
68 V -435.904653237 0
68 W -437.686205254 0
68 Y -435.820822275 0
69 A -436.743485827 0
69 C -435.559336657 0
69 D -435.482393078 0
69 E -435.801903292 0
69 F -435.496394159 0
69 G -435.062417509 0
69 H -438.441588893 0
69 I -432.864099645 0
69 K -436.727940211 0
69 L -437.556024397 0
69 M -437.07461048 0
69 N -439.977746698 1
69 P -393.161838699 0
69 Q -435.916451891 0
69 R -437.075210538 0
69 S -435.715404634 0
69 T -433.606324362 0
69 V -428.312795317 0
69 W -432.38546114 0
69 Y -433.006942357 0
70 A -436.314639095 0
70 C -435.113705137 0
70 D -439.519744996 0
70 E -438.398412412 0
70 F -436.290803406 0
70 G -436.480722368 0
70 H -440.05268864 1
70 I -421.643973076 0
70 K -436.288687067 0
70 L -437.035190936 0
70 M -435.91642751 0
70 N -439.105892264 0
70 P -386.785953786 0
70 Q -438.717964558 0
70 R -435.180606716 0
70 S -435.282466541 0
70 T -430.257567313 0
70 V -421.116599615 0
70 W -436.051643719 0
70 Y -435.703080748 0
71 A -431.480240787 0
71 C -431.028602064 0
71 D -432.830152359 0
71 E -429.120233085 0
71 F -440.052616348 1
71 G -428.17327679 0
71 H -436.943766204 0
71 I -396.906900651 0
71 K -429.159285837 0
71 L -430.195200731 0
71 M -432.102864751 0
71 N -434.860620552 0
71 P -379.411061591 0
71 Q -428.686150925 0
71 R -432.777126046 0
71 S -430.154040509 0
71 T -427.456782349 0
71 V -422.325276483 0
71 W -438.901143716 0
71 Y -436.459426284 0
72 A -434.473282526 0
72 C -434.780633084 0
72 D -432.447651165 0
72 E -435.910161266 0
72 F -433.368515471 0
72 G -428.740806186 0
72 H -431.191396209 0
72 I -438.278669365 0
72 K -434.984615651 0
72 L -440.060997668 1
72 M -438.254309777 0
72 N -434.705339572 0
72 P -376.100308557 0
72 Q -437.619415711 0
72 R -432.284301169 0
72 S -431.872366231 0
72 T -435.671041039 0
72 V -437.398885087 0
72 W -430.303596032 0
72 Y -433.234791898 0
73 A -438.028703715 0
73 C -436.405284025 0
73 D -436.429309392 0
73 E -438.026257843 0
73 F -438.061680839 0
73 G -435.689946917 0
73 H -440.244185848 0
73 I -433.268175756 0
73 K -438.50694212 0
73 L -440.009149517 1
73 M -436.53156369 0
73 N -436.665537186 0
73 P -436.841533027 0
73 Q -437.222566996 0
73 R -438.614451794 0
73 S -437.585504822 0
73 T -436.143727788 0
73 V -436.680568665 0
73 W -438.769538953 0
73 Y -438.106132296 0
74 A -436.564428986 0
74 C -434.668922086 0
74 D -436.534940081 0
74 E -437.080497484 0
74 F -434.948065703 0
74 G -435.079376318 0
74 H -436.99505053 0
74 I -437.036710144 0
74 K -440.008424729 1
74 L -438.115479272 0
74 M -435.93607727 0
74 N -436.193121521 0
74 P -440.576746497 0
74 Q -436.601208722 0
74 R -439.270406943 0
74 S -437.593848112 0
74 T -436.747539581 0
74 V -436.621671542 0
74 W -436.396900363 0
74 Y -435.581768199 0
75 A -434.011925332 0
75 C -432.595239881 0
75 D -439.973719225 1
75 E -435.723174762 0
75 F -434.195216074 0
75 G -433.549453786 0
75 H -436.324868513 0
75 I -419.113979923 0
75 K -436.326538531 0
75 L -434.428461975 0
75 M -433.584133159 0
75 N -437.65429451 0
75 P -401.799297589 0
75 Q -433.906935671 0
75 R -435.558510476 0
75 S -435.019822406 0
75 T -430.130894053 0
75 V -421.477667329 0
75 W -433.623628759 0
75 Y -433.887428066 0
76 A -433.948245457 0
76 C -435.16378 0
76 D -440.020160279 1
76 E -435.481670428 0
76 F -430.723007486 0
76 G -430.629098971 0
76 H -434.3403404 0
76 I -435.649040008 0
76 K -430.518985523 0
76 L -437.498219124 0
76 M -435.233901016 0
76 N -439.391792585 0
76 P -427.875638733 0
76 Q -435.178642546 0
76 R -429.983050049 0
76 S -434.59520846 0
76 T -434.820710148 0
76 V -433.159665133 0
76 W -428.209180201 0
76 Y -427.291001804 0
77 A -437.985610484 0
77 C -436.403271658 0
77 D -439.111833454 0
77 E -440.222789933 0
77 F -437.808563808 0
77 G -437.561572082 0
77 H -441.150434227 0
77 I -437.830247464 0
77 K -439.924016074 0
77 L -438.585829746 0
77 M -437.763263441 0
77 N -438.320912364 0
77 P -439.229008561 0
77 Q -438.834919395 0
77 R -439.441837767 0
77 S -439.941479403 1
77 T -438.400280518 0
77 V -437.286533871 0
77 W -440.036032072 0
77 Y -437.858438974 0
78 A -437.57553511 0
78 C -436.028957545 0
78 D -435.835671066 0
78 E -436.536202401 0
78 F -439.094620816 0
78 G -434.754244967 0
78 H -435.756328654 0
78 I -428.530966955 0
78 K -438.199943305 0
78 L -440.00868847 1
78 M -438.288208194 0
78 N -438.365986568 0
78 P -410.265140513 0
78 Q -439.87871281 0
78 R -439.138898413 0
78 S -437.072115836 0
78 T -437.67905856 0
78 V -433.537203681 0
78 W -437.362376982 0
78 Y -438.980305118 0
79 A -432.863368734 0
79 C -434.203736037 0
79 D -433.011699271 0
79 E -432.472907875 0
79 F -423.492973636 0
79 G -429.343405796 0
79 H -424.129464533 0
79 I -440.65561324 0
79 K -430.259109999 0
79 L -435.743955123 0
79 M -434.248785402 0
79 N -435.0122126 0
79 P -397.977602341 0
79 Q -434.325891706 0
79 R -430.956742914 0
79 S -432.553482126 0
79 T -435.571974758 0
79 V -439.98299083 1
79 W -421.323982579 0
79 Y -421.977519293 0
80 A -432.016970027 0
80 C -431.259002602 0
80 D -429.427996424 0
80 E -429.309375279 0
80 F -430.186132885 0
80 G -429.16105903 0
80 H -434.301888918 0
80 I -440.021075769 1
80 K -430.359916185 0
80 L -437.316410486 0
80 M -429.81539979 0
80 N -432.737181885 0
80 P -402.700199293 0
80 Q -431.647705342 0
80 R -432.851019772 0
80 S -431.279391528 0
80 T -434.695705058 0
80 V -436.606365189 0
80 W -433.422857915 0
80 Y -430.648147546 0
81 A -440.002898961 1
81 C -434.443880734 0
81 D -423.729263429 0
81 E -427.136595264 0
81 F -415.499818322 0
81 G -429.73663008 0
81 H -412.655428547 0
81 I -420.335276528 0
81 K -420.791447925 0
81 L -420.2441446 0
81 M -429.124176383 0
81 N -425.832326317 0
81 P -379.554773348 0
81 Q -427.99792908 0
81 R -403.73836839 0
81 S -437.086718119 0
81 T -435.012743396 0
81 V -434.295553836 0
81 W -410.352159455 0
81 Y -416.536196483 0
82 A -440.646856563 0
82 C -438.474459306 0
82 D -435.899513978 0
82 E -437.410607821 0
82 F -441.602121592 0
82 G -436.090825822 0
82 H -442.291307959 0
82 I -432.168980916 0
82 K -438.085872897 0
82 L -436.153206864 0
82 M -437.286003942 0
82 N -439.6886041 0
82 P -412.153474217 0
82 Q -438.041974395 0
82 R -439.242621878 0
82 S -440.031406368 1
82 T -438.182799488 0
82 V -434.91161235 0
82 W -440.444206173 0
82 Y -440.971213363 0
83 A -431.168074425 0
83 C -432.38537142 0
83 D -429.316836175 0
83 E -426.666746606 0
83 F -424.445859528 0
83 G -430.77484705 0
83 H -429.376230061 0
83 I -428.224156459 0
83 K -419.105906238 0
83 L -433.633571595 0
83 M -430.977143405 0
83 N -432.579153825 0
83 P -398.288315988 0
83 Q -430.543334863 0
83 R -410.197178115 0
83 S -434.935942081 0
83 T -439.962371241 1
83 V -433.601193596 0
83 W -384.551865696 0
83 Y -414.450052988 0
84 A -437.038731066 0
84 C -435.616751973 0
84 D -436.007306097 0
84 E -437.247820235 0
84 F -435.471015829 0
84 G -437.084092008 0
84 H -438.412662742 0
84 I -435.423445788 0
84 K -437.537049278 0
84 L -438.276428112 0
84 M -436.952034263 0
84 N -437.417699884 0
84 P -425.298542123 0
84 Q -436.345259167 0
84 R -440.054617297 1
84 S -438.821407648 0
84 T -437.301479232 0
84 V -435.730012749 0
84 W -436.056766736 0
84 Y -434.879158267 0
85 A -430.405112755 0
85 C -430.948211789 0
85 D -430.008099693 0
85 E -430.828586831 0
85 F -426.668902694 0
85 G -426.03406108 0
85 H -426.122911127 0
85 I -434.950189441 0
85 K -423.640328711 0
85 L -440.043868693 1
85 M -436.632686679 0
85 N -431.249993294 0
85 P -417.994817797 0
85 Q -429.999225726 0
85 R -424.502310851 0
85 S -429.751143759 0
85 T -430.271419351 0
85 V -432.667042492 0
85 W -426.75106057 0
85 Y -423.424971833 0
86 A -430.689744613 0
86 C -431.70793411 0
86 D -427.117433772 0
86 E -428.749436603 0
86 F -423.399892886 0
86 G -428.768701843 0
86 H -427.512682707 0
86 I -439.974737813 1
86 K -431.101306922 0
86 L -436.920308859 0
86 M -434.885468807 0
86 N -430.799731134 0
86 P -392.947876844 0
86 Q -431.348049198 0
86 R -432.532757478 0
86 S -430.654741865 0
86 T -433.376055677 0
86 V -436.38561002 0
86 W -427.520681957 0
86 Y -418.047818572 0
87 A -428.564749409 0
87 C -427.680059539 0
87 D -428.162355161 0
87 E -430.211529417 0
87 F -426.203405625 0
87 G -439.964698242 1
87 H -426.609020274 0
87 I -406.825887202 0
87 K -427.693907056 0
87 L -424.326214699 0
87 M -426.221341574 0
87 N -426.344245982 0
87 P -419.340763321 0
87 Q -429.997146116 0
87 R -425.167809238 0
87 S -429.411158963 0
87 T -425.901013415 0
87 V -401.426640401 0
87 W -423.624335756 0
87 Y -426.084337416 0
88 A -439.959170277 1
88 C -434.36410857 0
88 D -431.765705857 0
88 E -429.745862404 0
88 F -431.1901421 0
88 G -436.549582533 0
88 H -431.180031453 0
88 I -410.051522767 0
88 K -437.848925657 0
88 L -423.168552993 0
88 M -434.592211714 0
88 N -437.36333168 0
88 P -425.189099093 0
88 Q -433.832619934 0
88 R -438.900239063 0
88 S -439.518617804 0
88 T -439.374155392 0
88 V -433.167263573 0
88 W -431.366216286 0
88 Y -432.08209501 0
89 A -433.562100651 0
89 C -431.440401684 0
89 D -435.781629205 0
89 E -434.657128073 0
89 F -437.343355396 0
89 G -439.961502214 1
89 H -436.800664842 0
89 I -421.45860953 0
89 K -436.409426441 0
89 L -435.235812117 0
89 M -434.619774038 0
89 N -437.370067077 0
89 P -366.346005428 0
89 Q -434.636625285 0
89 R -436.251650973 0
89 S -435.013318975 0
89 T -433.897688073 0
89 V -420.481842066 0
89 W -435.600862661 0
89 Y -436.153657073 0
90 A -436.181409048 0
90 C -435.645477808 0
90 D -438.221459242 0
90 E -439.108373308 0
90 F -436.131108121 0
90 G -435.856620422 0
90 H -438.441937546 0
90 I -434.21738364 0
90 K -436.729724241 0
90 L -437.539727741 0
90 M -437.432181308 0
90 N -435.956533052 0
90 P -365.966095891 0
90 Q -439.972181425 1
90 R -438.119084102 0
90 S -435.829888129 0
90 T -434.373119208 0
90 V -434.399635556 0
90 W -435.190805814 0
90 Y -435.838378759 0
91 A -435.792090405 0
91 C -435.303472756 0
91 D -434.379597778 0
91 E -439.960765385 1
91 F -439.357410892 0
91 G -432.682596272 0
91 H -437.181495505 0
91 I -437.807588165 0
91 K -436.357407061 0
91 L -436.738951484 0
91 M -438.236665144 0
91 N -434.924693951 0
91 P -412.337688537 0
91 Q -437.540730737 0
91 R -436.202296182 0
91 S -436.195185913 0
91 T -436.630775732 0
91 V -437.674602328 0
91 W -436.901389791 0
91 Y -438.656246998 0
92 A -433.501296708 0
92 C -431.025890708 0
92 D -439.961487332 1
92 E -433.138123716 0
92 F -431.682250544 0
92 G -429.450302677 0
92 H -432.619246299 0
92 I -431.997184203 0
92 K -430.367627947 0
92 L -424.26597845 0
92 M -428.531752373 0
92 N -432.148749357 0
92 P -388.302879817 0
92 Q -432.25910325 0
92 R -431.601714528 0
92 S -431.858801923 0
92 T -433.962852493 0
92 V -434.271363168 0
92 W -432.655930743 0
92 Y -431.254464546 0
93 A -439.43979452 0
93 C -435.810264481 0
93 D -435.900837844 0
93 E -438.205929897 0
93 F -438.711784491 0
93 G -435.964855113 0
93 H -438.704455904 0
93 I -439.40810062 0
93 K -439.034697177 0
93 L -439.310841336 0
93 M -439.062733754 0
93 N -437.010008853 0
93 P -412.879697975 0
93 Q -438.548600614 0
93 R -438.983102648 0
93 S -439.295088927 0
93 T -439.348865601 0
93 V -439.962455346 1
93 W -440.168759589 0
93 Y -438.545043597 0
94 A -430.185209423 0
94 C -433.678773221 0
94 D -430.721424774 0
94 E -428.174894556 0
94 F -423.360736368 0
94 G -428.840878559 0
94 H -434.982214291 0
94 I -437.304087887 0
94 K -430.525064111 0
94 L -433.535777715 0
94 M -430.006413613 0
94 N -429.993106635 0
94 P -399.802613251 0
94 Q -429.943044886 0
94 R -428.953623796 0
94 S -432.991932821 0
94 T -436.515856286 0
94 V -439.981152295 1
94 W -427.688917902 0
94 Y -432.978610843 0
95 A -437.117177534 0
95 C -436.175915101 0
95 D -435.977335605 0
95 E -438.063726476 0
95 F -434.827062587 0
95 G -433.41684933 0
95 H -432.827898679 0
95 I -441.87821237 0
95 K -438.018621138 0
95 L -436.632647978 1
95 M -437.647469046 0
95 N -436.884034477 0
95 P -426.446090895 0
95 Q -438.137607895 0
95 R -441.52747982 0
95 S -436.338134232 0
95 T -438.96313172 0
95 V -442.086287203 0
95 W -431.664019807 0
95 Y -434.50595953 0
96 A -428.092961727 0
96 C -426.808049617 0
96 D -426.03464923 0
96 E -424.140035611 0
96 F -436.694833927 1
96 G -422.609142462 0
96 H -430.694010968 0
96 I -429.728028247 0
96 K -421.744141994 0
96 L -433.80639683 0
96 M -432.577867551 0
96 N -425.092572005 0
96 P -392.211449693 0
96 Q -431.304298419 0
96 R -425.923807206 0
96 S -429.471898815 0
96 T -430.255829562 0
96 V -431.036831785 0
96 W -441.466674867 0
96 Y -439.075140148 0
97 A -438.213246751 0
97 C -435.231539184 0
97 D -438.769984818 0
97 E -439.770641307 0
97 F -436.952584382 0
97 G -436.684135096 0
97 H -436.335251702 0
97 I -436.228546686 0
97 K -438.679015902 0
97 L -439.949561409 1
97 M -439.033739994 0
97 N -437.672305178 0
97 P -438.012598716 0
97 Q -438.674773008 0
97 R -437.941309317 0
97 S -439.371790805 0
97 T -437.001739598 0
97 V -436.547855224 0
97 W -439.71876963 0
97 Y -436.869487644 0
98 A -436.404399787 0
98 C -437.453915228 0
98 D -432.642512305 0
98 E -430.959510352 0
98 F -426.839337751 0
98 G -430.130312351 0
98 H -421.695341455 0
98 I -436.874884548 0
98 K -428.147989359 0
98 L -436.313030352 0
98 M -432.371051722 0
98 N -436.893637596 0
98 P -382.307073027 0
98 Q -428.394086748 0
98 R -435.516392842 0
98 S -434.891501262 0
98 T -436.62980794 1
98 V -435.929215115 0
98 W -421.461765612 0
98 Y -409.762391259 0
99 A -438.108790162 0
99 C -438.109256582 0
99 D -440.016306658 0
99 E -440.333846477 0
99 F -434.729670478 0
99 G -436.869083722 0
99 H -438.631918832 0
99 I -438.471747883 0
99 K -439.775993359 0
99 L -439.964803685 1
99 M -438.889208215 0
99 N -438.966267243 0
99 P -420.967408303 0
99 Q -438.123576507 0
99 R -439.849597837 0
99 S -440.889557213 0
99 T -439.439893101 0
99 V -438.028624746 0
99 W -438.005569814 0
99 Y -435.318731665 0
100 A -437.408101316 0
100 C -436.363569402 0
100 D -437.564965168 0
100 E -434.697457267 0
100 F -436.924574726 0
100 G -435.992265014 0
100 H -437.88169063 0
100 I -436.84247367 0
100 K -436.626816786 0
100 L -439.316401408 1
100 M -438.963103503 0
100 N -438.202470082 0
100 P -410.81313457 0
100 Q -437.510692768 0
100 R -439.25659978 0
100 S -436.973893984 0
100 T -437.174224228 0
100 V -436.492263006 0
100 W -436.888123039 0
100 Y -432.654537671 0
101 A -429.824623329 0
101 C -430.40347036 0
101 D -430.186819058 0
101 E -431.344906472 0
101 F -433.667208375 0
101 G -426.318132396 0
101 H -431.546007036 0
101 I -435.495046391 0
101 K -426.223432893 0
101 L -439.993798009 1
101 M -429.049733487 0
101 N -431.441293782 0
101 P -391.795315433 0
101 Q -430.514822078 0
101 R -424.876998189 0
101 S -429.686807728 0
101 T -430.283899852 0
101 V -432.168477602 0
101 W -426.846766298 0
101 Y -426.150280028 0
102 A -438.147758684 0
102 C -436.296357839 0
102 D -438.009208887 0
102 E -439.977071703 1
102 F -439.389449629 0
102 G -437.389946371 0
102 H -439.304576667 0
102 I -438.899732475 0
102 K -440.278478424 0
102 L -439.442962797 0
102 M -438.96039724 0
102 N -437.797613889 0
102 P -418.00764576 0
102 Q -439.347036234 0
102 R -439.540126229 0
102 S -438.083436079 0
102 T -438.464637282 0
102 V -438.926286414 0
102 W -438.781988124 0
102 Y -439.760757987 0
103 A -437.057840548 0
103 C -434.948869686 0
103 D -439.920521658 1
103 E -439.339287612 0
103 F -436.496654366 0
103 G -435.761908271 0
103 H -437.289755205 0
103 I -436.01083249 0
103 K -436.32208586 0
103 L -436.821158456 0
103 M -437.584549477 0
103 N -435.738571899 0
103 P -438.222179984 0
103 Q -436.842893495 0
103 R -436.395691437 0
103 S -436.624896657 0
103 T -435.510476817 0
103 V -436.070849503 0
103 W -436.677585499 0
103 Y -436.116782128 0
104 A -431.248826892 0
104 C -430.684180565 0
104 D -433.229024109 0
104 E -431.853708538 0
104 F -432.794183408 0
104 G -439.945187966 1
104 H -433.664538966 0
104 I -417.892491262 0
104 K -434.444087343 0
104 L -432.77438483 0
104 M -431.471145808 0
104 N -434.514379291 0
104 P -361.874885063 0
104 Q -433.061616717 0
104 R -433.693300148 0
104 S -431.150663182 0
104 T -428.01457377 0
104 V -417.30854534 0
104 W -431.072254404 0
104 Y -432.242092476 0
105 A -435.939596847 0
105 C -435.378362611 0
105 D -435.004439758 0
105 E -436.597681185 0
105 F -437.764436379 0
105 G -431.777671143 0
105 H -438.230245264 0
105 I -439.960010349 1
105 K -437.697202482 0
105 L -437.889317493 0
105 M -436.570216686 0
105 N -435.970297367 0
105 P -383.69755278 0
105 Q -436.18312066 0
105 R -439.819503861 0
105 S -436.10281532 0
105 T -438.126428993 0
105 V -440.234037764 0
105 W -437.240839681 0
105 Y -437.741994378 0
106 A -435.634333331 0
106 C -436.389630429 0
106 D -436.17237624 0
106 E -436.088360328 0
106 F -436.492214202 0
106 G -432.399342122 0
106 H -435.89118798 0
106 I -439.985577219 1
106 K -436.972097866 0
106 L -438.528870506 0
106 M -438.048914325 0
106 N -436.677425507 0
106 P -434.435115446 0
106 Q -436.214957688 0
106 R -438.998358286 0
106 S -436.505383612 0
106 T -438.304968398 0
106 V -438.997635494 0
106 W -437.58811848 0
106 Y -435.562623196 0
107 A -428.742277323 0
107 C -429.188267425 0
107 D -428.190412021 0
107 E -428.694855036 0
107 F -438.64547159 0
107 G -425.229560537 0
107 H -434.250901009 0
107 I -431.644903074 0
107 K -429.212808567 0
107 L -433.465135945 0
107 M -431.360333957 0
107 N -431.145042642 0
107 P -404.283568829 0
107 Q -430.133166654 0
107 R -429.767834208 0
107 S -427.697598799 0
107 T -428.804658888 0
107 V -430.098632657 0
107 W -432.617030172 0
107 Y -439.329429409 1
108 A -436.619671022 0
108 C -436.1982438 0
108 D -431.783913434 0
108 E -435.018336704 0
108 F -406.237912007 0
108 G -428.089897358 0
108 H -436.642791494 0
108 I -437.22613151 0
108 K -436.323280311 0
108 L -438.484227808 0
108 M -439.436100638 0
108 N -434.529323515 0
108 P -397.752626684 0
108 Q -436.300593387 0
108 R -440.061132737 1
108 S -435.572504758 0
108 T -437.488170741 0
108 V -440.002645297 0
108 W -438.759971684 0
108 Y -403.136677789 0
109 A -429.858700153 0
109 C -430.305643589 0
109 D -426.540537992 0
109 E -428.637345217 0
109 F -441.571733257 0
109 G -426.061159003 0
109 H -432.95348007 0
109 I -436.481211668 0
109 K -426.769674023 0
109 L -435.178477265 0
109 M -433.716965797 0
109 N -428.511638 0
109 P -405.426962949 0
109 Q -428.07178514 0
109 R -406.886384178 0
109 S -428.355129392 0
109 T -432.126630588 0
109 V -434.807582689 0
109 W -436.533306836 0
109 Y -439.968096224 1
110 A -429.18937002 0
110 C -429.121991642 0
110 D -424.564904158 0
110 E -423.564887379 0
110 F -440.074895123 1
110 G -425.750855616 0
110 H -433.877311012 0
110 I -425.568304695 0
110 K -424.433604329 0
110 L -431.199249942 0
110 M -432.664189597 0
110 N -428.698562767 0
110 P -375.528506426 0
110 Q -426.583872293 0
110 R -426.19643109 0
110 S -428.326544848 0
110 T -429.55686351 0
110 V -428.274815095 0
110 W -416.798506688 0
110 Y -439.812831846 0
111 A -441.448433106 0
111 C -441.046530942 0
111 D -442.089699405 0
111 E -430.605428623 0
111 F -395.788446343 0
111 G -437.062370011 0
111 H -423.908782839 0
111 I -433.847803292 0
111 K -419.476998255 0
111 L -429.343952031 0
111 M -416.721552849 0
111 N -441.905956568 0
111 P -396.921126817 0
111 Q -427.256887726 0
111 R -423.000519278 0
111 S -440.056926302 1
111 T -441.178384468 0
111 V -443.054804442 0
111 W -407.555932771 0
111 Y -388.160839829 0
112 A -434.22756674 0
112 C -434.544360858 0
112 D -432.385031411 0
112 E -428.310068864 0
112 F -417.94444419 0
112 G -430.796939389 0
112 H -419.491510059 0
112 I -429.435514776 0
112 K -419.885413938 0
112 L -434.487894561 0
112 M -431.464088031 0
112 N -432.799610533 0
112 P -425.580618874 0
112 Q -430.689441055 0
112 R -418.880579893 0
112 S -436.301231118 0
112 T -440.074281818 1
112 V -435.821847037 0
112 W -410.789293181 0
112 Y -412.847795523 0
113 A -433.624736095 0
113 C -431.913362881 0
113 D -430.562846561 0
113 E -431.12144504 0
113 F -439.948226556 1
113 G -428.74804722 0
113 H -436.977742213 0
113 I -425.936636642 0
113 K -432.954089165 0
113 L -432.024083984 0
113 M -435.141469277 0
113 N -432.548437657 0
113 P -413.911205064 0
113 Q -432.633688467 0
113 R -435.867709201 0
113 S -433.169267247 0
113 T -434.736943384 0
113 V -431.425316476 0
113 W -437.203120833 0
113 Y -439.108286725 0
114 A -434.143727562 0
114 C -434.159598912 0
114 D -434.11848403 0
114 E -435.830575166 0
114 F -435.297383997 0
114 G -429.991999324 0
114 H -436.045272359 0
114 I -436.798099159 0
114 K -436.162857056 0
114 L -435.841899258 0
114 M -434.858780967 0
114 N -434.188331325 0
114 P -439.963295203 1
114 Q -434.028020296 0
114 R -436.470183416 0
114 S -434.208527929 0
114 T -434.571324182 0
114 V -436.469696004 0
114 W -434.522577396 0
114 Y -435.071378687 0
115 A -432.790075227 0
115 C -429.517991722 0
115 D -435.846759407 0
115 E -434.067327189 0
115 F -434.461581224 0
115 G -440.047937071 1
115 H -435.638332668 0
115 I -422.098232887 0
115 K -435.474327497 0
115 L -434.036173062 0
115 M -433.300294188 0
115 N -436.895669466 0
115 P -389.552349467 0
115 Q -432.927669028 0
115 R -436.002683235 0
115 S -434.377025641 0
115 T -433.732534093 0
115 V -421.666869813 0
115 W -433.03149002 0
115 Y -433.652704221 0
116 A -439.010523208 0
116 C -436.771891747 0
116 D -437.20559364 0
116 E -431.484329597 0
116 F -439.76429431 0
116 G -432.016341368 0
116 H -439.971744313 1
116 I -423.270185768 0
116 K -432.308548538 0
116 L -438.525084639 0
116 M -439.327154417 0
116 N -437.12922703 0
116 P -368.343111985 0
116 Q -440.347363545 0
116 R -436.907904394 0
116 S -437.297339841 0
116 T -437.278870673 0
116 V -435.325719419 0
116 W -435.517363884 0
116 Y -435.633290979 0
117 A -436.289107462 0
117 C -434.35618757 0
117 D -436.949446961 0
117 E -431.93483111 0
117 F -439.579890034 0
117 G -433.298990269 0
117 H -440.043811818 1
117 I -430.917721374 0
117 K -433.051588648 0
117 L -430.459084841 0
117 M -433.250522213 0
117 N -436.680540561 0
117 P -423.452945725 0
117 Q -430.794216462 0
117 R -434.382611129 0
117 S -436.945203625 0
117 T -432.708961219 0
117 V -434.519703924 0
117 W -439.93833933 0
117 Y -439.395149623 0
118 A -438.869403709 0
118 C -435.922165644 0
118 D -439.354732536 0
118 E -439.944720207 0
118 F -438.165442024 0
118 G -436.956046736 0
118 H -438.977611978 0
118 I -438.24999821 0
118 K -439.297431764 0
118 L -440.030517659 1
118 M -438.428003742 0
118 N -439.302335964 0
118 P -417.828786933 0
118 Q -437.693271034 0
118 R -439.310676391 0
118 S -438.199544804 0
118 T -437.617737446 0
118 V -437.975487754 0
118 W -438.453454729 0
118 Y -438.132189591 0
119 A -437.508577185 0
119 C -436.224840493 0
119 D -439.531888937 0
119 E -438.88880959 0
119 F -439.248237066 0
119 G -435.915888976 0
119 H -439.771873664 0
119 I -439.311978388 0
119 K -440.25481917 0
119 L -440.651734694 0
119 M -439.481966189 0
119 N -438.77815653 0
119 P -415.965011142 0
119 Q -438.205901913 0
119 R -440.058041206 1
119 S -438.494699311 0
119 T -439.485958851 0
119 V -439.256588764 0
119 W -437.93987101 0
119 Y -439.489977129 0
120 A -433.515958759 0
120 C -433.028819465 0
120 D -430.372423036 0
120 E -434.523377337 0
120 F -411.352397914 0
120 G -428.480710249 0
120 H -424.579920352 0
120 I -432.746494285 0
120 K -428.557559345 0
120 L -438.090359425 0
120 M -440.033336852 1
120 N -432.768377594 0
120 P -355.122560834 0
120 Q -434.531922835 0
120 R -430.477834911 0
120 S -430.729412332 0
120 T -431.582477565 0
120 V -434.415077703 0
120 W -420.484408444 0
120 Y -410.455630547 0
121 A -438.251956264 0
121 C -436.436423375 0
121 D -434.14518387 0
121 E -433.733352997 0
121 F -438.248649104 0
121 G -435.20633939 0
121 H -438.380783233 0
121 I -435.657017479 0
121 K -436.38442648 0
121 L -436.331369293 0
121 M -434.933677565 0
121 N -440.066167975 1
121 P -396.12161322 0
121 Q -438.057059316 0
121 R -436.971887696 0
121 S -437.755511459 0
121 T -437.833898912 0
121 V -432.936337898 0
121 W -438.223835758 0
121 Y -437.514403565 0
122 A -422.482461072 0
122 C -398.146802191 0
122 D -394.656045503 0
122 E -391.585439379 0
122 F -400.192864967 0
122 G -440.063515919 1
122 H -399.134172238 0
122 I -385.572857579 0
122 K -391.882244996 0
122 L -409.07543278 0
122 M -402.137638713 0
122 N -397.768764143 0
122 P -359.410368938 0
122 Q -401.198865432 0
122 R -396.252383165 0
122 S -413.83662143 0
122 T -384.150590547 0
122 V -393.235232397 0
122 W -391.839377519 0
122 Y -398.004621735 0
123 A -437.035720154 0
123 C -435.865561522 0
123 D -436.367682601 0
123 E -438.404789155 0
123 F -440.217332713 0
123 G -434.966206071 0
123 H -438.452706469 0
123 I -438.276341393 0
123 K -438.599075839 0
123 L -439.990527553 1
123 M -439.646162122 0
123 N -437.15093118 0
123 P -420.13109227 0
123 Q -437.179052893 0
123 R -437.0775066 0
123 S -436.997549067 0
123 T -437.605590285 0
123 V -438.349608523 0
123 W -439.244229427 0
123 Y -440.248129495 0
124 A -430.673499911 0
124 C -430.957850379 0
124 D -429.674031107 0
124 E -433.831363778 0
124 F -434.527834413 0
124 G -425.499261094 0
124 H -433.192977981 0
124 I -433.383270616 0
124 K -425.896437338 0
124 L -439.994222742 1
124 M -438.282538702 0
124 N -431.755744146 0
124 P -389.227939815 0
124 Q -434.15555563 0
124 R -429.224088107 0
124 S -430.818391507 0
124 T -432.96702624 0
124 V -437.316719993 0
124 W -432.988282863 0
124 Y -429.80680888 0
125 A -434.392780778 0
125 C -434.391579666 0
125 D -433.85102759 0
125 E -437.076037565 0
125 F -436.717762523 0
125 G -430.501539686 0
125 H -436.093517807 0
125 I -439.147559176 0
125 K -437.489550027 0
125 L -439.949670644 1
125 M -437.03519171 0
125 N -435.108007181 0
125 P -395.65991813 0
125 Q -436.141982917 0
125 R -437.427422201 0
125 S -434.527758132 0
125 T -435.1177158 0
125 V -438.01528099 0
125 W -437.4120752 0
125 Y -434.640150867 0
126 A -431.136954564 0
126 C -430.161011019 0
126 D -430.795446564 0
126 E -430.843523105 0
126 F -436.474465893 0
126 G -426.527093738 0
126 H -433.474388573 0
126 I -437.948408247 0
126 K -433.690681668 0
126 L -439.961400453 1
126 M -435.191134295 0
126 N -431.331871492 0
126 P -428.568494688 0
126 Q -432.999262938 0
126 R -431.957297613 0
126 S -431.786732346 0
126 T -433.441703098 0
126 V -436.503088339 0
126 W -432.474905973 0
126 Y -435.670631587 0
127 A -435.536839219 0
127 C -435.733812801 0
127 D -435.676390069 0
127 E -438.257363528 0
127 F -434.155726153 0
127 G -436.536599796 0
127 H -438.024054837 0
127 I -439.958363078 1
127 K -438.373699283 0
127 L -439.152520026 0
127 M -438.526085537 0
127 N -437.088868613 0
127 P -413.698316461 0
127 Q -437.588613957 0
127 R -440.227787708 0
127 S -436.386722092 0
127 T -436.950102649 0
127 V -438.347095807 0
127 W -436.195106699 0
127 Y -434.188647077 0
