1 A -434.959046557 0
1 C -433.537059654 0
1 D -436.436444983 0
1 E -436.423821168 0
1 F -435.435150648 0
1 G -435.348464893 0
1 H -436.177008429 0
1 I -434.946381578 0
1 K -436.535883253 0
1 L -436.66320459 0
1 M -435.143977817 0
1 N -435.07101133 0
1 P -439.424601525 1
1 Q -435.088838931 0
1 R -435.308359533 0
1 S -436.092676999 0
1 T -434.871642283 0
1 V -434.184952174 0
1 W -437.520888322 0
1 Y -435.359241432 0
2 A -439.384780558 1
2 C -439.384780558 1
2 D -439.384780558 1
2 E -439.384780558 1
2 F -439.384780558 1
2 G -439.384780558 1
2 H -439.384780558 1
2 I -439.384780558 1
2 K -439.384780558 1
2 L -439.384780558 1
2 M -439.384780558 1
2 N -439.384780558 1
2 P -439.384780558 1
2 Q -439.384780558 1
2 R -439.384780558 1
2 S -439.384780558 1
2 T -439.384780558 1
2 V -439.384780558 1
2 W -439.384780558 1
2 Y -439.384780558 1
3 A -438.632929505 0
3 C -436.922965473 0
3 D -434.186039009 0
3 E -437.339602027 0
3 F -436.779327179 0
3 G -435.359233488 0
3 H -436.266012284 0
3 I -431.816341261 0
3 K -437.436194349 0
3 L -437.122031403 0
3 M -437.485964356 0
3 N -436.316232053 0
3 P -361.19290893 0
3 Q -437.716066187 0
3 R -439.388077902 1
3 S -437.777655687 0
3 T -436.92125988 0
3 V -436.167836183 0
3 W -436.977105392 0
3 Y -436.21848183 0
4 A -435.884317827 0
4 C -435.444390142 0
4 D -433.380852724 0
4 E -435.754879549 0
4 F -437.663977834 0
4 G -431.443320597 0
4 H -437.213395017 0
4 I -440.54735034 0
4 K -435.618288164 0
4 L -439.553934625 1
4 M -436.394448121 0
4 N -434.777985687 0
4 P -390.311984448 0
4 Q -435.649915008 0
4 R -435.483315647 0
4 S -435.307043131 0
4 T -437.938697891 0
4 V -439.774990565 0
4 W -434.324962369 0
4 Y -435.645636926 0
5 A -433.702423678 0
5 C -433.004693852 0
5 D -435.38916212 0
5 E -435.834116249 0
5 F -435.96582286 0
5 G -430.824514383 0
5 H -437.177429153 0
5 I -438.982985118 0
5 K -432.967043619 0
5 L -439.447193238 1
5 M -436.354428214 0
5 N -435.847058488 0
5 P -429.23377754 0
5 Q -433.502452005 0
5 R -435.196936135 0
5 S -433.641505573 0
5 T -436.12109094 0
5 V -438.260644396 0
5 W -434.453556823 0
5 Y -436.856285422 0
6 A -431.461575888 0
6 C -431.075165133 0
6 D -429.609954368 0
6 E -431.419600783 0
6 F -419.070951152 0
6 G -427.116633065 0
6 H -424.895139904 0
6 I -439.595876548 1
6 K -421.990196783 0
6 L -436.115770701 0
6 M -436.066496906 0
6 N -430.509330268 0
6 P -388.924699491 0
6 Q -432.75055974 0
6 R -414.925574135 0
6 S -431.493929425 0
6 T -433.819038757 0
6 V -437.29082958 0
6 W -406.769562807 0
6 Y -417.006432127 0
7 A -435.143001775 0
7 C -435.213780471 0
7 D -433.477660522 0
7 E -429.518226061 0
7 F -432.878962683 1
7 G -425.688376228 0
7 H -430.308480155 0
7 I -439.74308712 0
7 K -435.958030824 0
7 L -438.297184935 0
7 M -429.072350518 0
7 N -434.825629956 0
7 P -417.493277425 0
7 Q -429.611957807 0
7 R -436.256141647 0
7 S -436.1958335 0
7 T -436.871001167 0
7 V -438.991349296 0
7 W -436.733746501 0
7 Y -438.482434874 0
8 A -436.322610348 0
8 C -434.961890543 0
8 D -424.281903171 0
8 E -426.071027624 0
8 F -420.55470569 0
8 G -430.409994315 0
8 H -419.650773312 0
8 I -432.857149237 0
8 K -422.345091889 0
8 L -426.898867887 0
8 M -424.796279982 0
8 N -433.362596188 0
8 P -392.590272961 0
8 Q -431.703490715 0
8 R -417.568489577 0
8 S -435.676465411 0
8 T -436.478745745 0
8 V -439.587430764 1
8 W -408.185898324 0
8 Y -423.982158563 0
9 A -430.283532995 0
9 C -423.683217466 0
9 D -439.337412087 1
9 E -434.172623181 0
9 F -431.819208308 0
9 G -432.209528969 0
9 H -431.76488499 0
9 I -430.609321955 0
9 K -430.8692279 0
9 L -432.102541076 0
9 M -423.852554044 0
9 N -436.82706968 0
9 P -410.095239891 0
9 Q -431.939596078 0
9 R -430.078645222 0
9 S -434.621001159 0
9 T -435.049787759 0
9 V -424.331940438 0
9 W -430.759947788 0
9 Y -432.279720456 0
10 A -428.713665491 0
10 C -427.291429709 0
10 D -439.46617434 1
10 E -432.864155226 0
10 F -428.119500442 0
10 G -421.150821388 0
10 H -431.714338323 0
10 I -428.158748542 0
10 K -428.976854678 0
10 L -429.041731172 0
10 M -428.964838605 0
10 N -431.224637495 0
10 P -422.630940102 0
10 Q -430.448510637 0
10 R -427.754341407 0
10 S -429.747748433 0
10 T -429.291155532 0
10 V -427.536320633 0
10 W -429.7523833 0
10 Y -428.224676367 0
11 A -435.585286904 0
11 C -433.734099285 0
11 D -436.8200245 0
11 E -435.701963237 0
11 F -436.554366468 0
11 G -427.554537597 0
11 H -437.965226028 0
11 I -432.090811345 0
11 K -436.885783356 0
11 L -437.714463782 0
11 M -436.169682538 0
11 N -437.69006272 0
11 P -407.942316654 0
11 Q -435.459427247 0
11 R -439.447552884 1
11 S -435.725918415 0
11 T -434.629435409 0
11 V -433.786242977 0
11 W -435.654706376 0
11 Y -436.261575287 0
12 A -437.380790967 0
12 C -437.090357059 0
12 D -438.490784204 0
12 E -439.377064847 0
12 F -437.543305042 0
12 G -436.841817369 0
12 H -438.855614288 0
12 I -415.368720715 0
12 K -440.481850951 0
12 L -431.143472602 0
12 M -432.186561015 0
12 N -440.44131472 0
12 P -384.40055604 0
12 Q -439.7214188 0
12 R -439.736066137 0
12 S -430.770430312 0
12 T -434.062111142 0
12 V -420.395603797 0
12 W -439.655264629 1
12 Y -436.968997399 0
13 A -436.241240699 0
13 C -436.460354184 0
13 D -435.011474513 0
13 E -438.309246902 0
13 F -437.122670114 0
13 G -426.88248537 0
13 H -437.542367111 0
13 I -437.423735436 0
13 K -436.948146959 0
13 L -432.405552292 1
13 M -436.773806262 0
13 N -435.994715321 0
13 P -399.26617545 0
13 Q -437.146684781 0
13 R -437.751480752 0
13 S -435.683247368 0
13 T -435.866572534 0
13 V -436.789206969 0
13 W -437.393706214 0
13 Y -437.599192905 0
14 A -431.331258504 0
14 C -432.049294743 0
14 D -431.382839525 0
14 E -430.285883093 0
14 F -439.552100505 1
14 G -429.054161946 0
14 H -434.291716115 0
14 I -433.390274833 0
14 K -428.772967184 0
14 L -433.035247317 0
14 M -437.671117138 0
14 N -433.331428534 0
14 P -431.280923229 0
14 Q -432.371580257 0
14 R -432.549526435 0
14 S -431.003409657 0
14 T -434.142291335 0
14 V -431.495312527 0
14 W -437.079993136 0
14 Y -438.135451182 0
15 A -437.823618989 0
15 C -437.724745126 0
15 D -443.489151624 0
15 E -439.066485148 0
15 F -431.88140911 0
15 G -437.709279215 0
15 H -439.376522843 0
15 I -438.358499196 0
15 K -439.528685364 0
15 L -439.095850544 0
15 M -439.990665092 0
15 N -442.623681596 0
15 P -411.9378115 0
15 Q -439.982005251 0
15 R -438.163443076 0
15 S -439.486019121 1
15 T -440.858209634 0
15 V -438.547745076 0
15 W -433.519712302 0
15 Y -431.786438179 0
16 A -434.813214274 0
16 C -434.134670064 0
16 D -434.210793121 0
16 E -433.975676964 0
16 F -433.638358801 0
16 G -431.858985615 0
16 H -434.831989891 0
16 I -434.975527864 0
16 K -435.329624368 0
16 L -433.763202019 0
16 M -433.978936844 0
16 N -433.814325176 0
16 P -391.738247413 0
16 Q -432.517291177 0
16 R -428.971679974 0
16 S -436.544247475 0
16 T -439.470523799 1
16 V -435.940337446 0
16 W -427.89919703 0
16 Y -433.916620356 0
17 A -436.745546934 0
17 C -435.311573994 0
17 D -440.127957653 0
17 E -432.808622833 0
17 F -438.383645302 0
17 G -436.491540577 0
17 H -434.833573986 0
17 I -438.471311805 0
17 K -433.098333451 0
17 L -438.81343079 0
17 M -438.631023474 0
17 N -439.365709046 0
17 P -427.0744043 0
17 Q -437.44044061 0
17 R -439.423134952 1
17 S -439.182799115 0
17 T -439.754554658 0
17 V -438.528376488 0
17 W -432.029547554 0
17 Y -431.71008495 0
18 A -435.203688176 0
18 C -435.107658054 0
18 D -434.336938941 0
18 E -437.849130084 0
18 F -437.607707137 0
18 G -431.086127684 0
18 H -436.092955544 0
18 I -437.030196854 0
18 K -436.867256217 0
18 L -439.452657923 1
18 M -436.585865332 0
18 N -435.850153157 0
18 P -388.83353272 0
18 Q -435.510282415 0
18 R -436.811230691 0
18 S -436.52407679 0
18 T -434.671584673 0
18 V -436.211579492 0
18 W -435.179116754 0
18 Y -434.371818437 0
19 A -429.190043106 0
19 C -429.926787195 0
19 D -427.926969261 0
19 E -432.111563654 0
19 F -433.974204026 0
19 G -423.682826418 0
19 H -432.219227422 0
19 I -439.517230103 1
19 K -423.859972596 0
19 L -434.677632772 0
19 M -434.527872774 0
19 N -429.840051155 0
19 P -385.304437253 0
19 Q -431.580334278 0
19 R -427.442935163 0
19 S -429.232221307 0
19 T -432.227976474 0
19 V -435.820258411 0
19 W -421.695657637 0
19 Y -424.378308246 0
20 A -433.939408854 0
20 C -434.328472675 0
20 D -435.749025928 0
20 E -438.081154571 0
20 F -435.09037151 0
20 G -430.998482482 0
20 H -436.505621885 0
20 I -441.182243902 0
20 K -437.024896772 0
20 L -439.410504881 0
20 M -436.239813703 0
20 N -435.878384851 0
20 P -425.832053155 0
20 Q -436.037498422 0
20 R -436.92414614 0
20 S -434.974789001 0
20 T -437.494540063 0
20 V -439.419482921 1
20 W -434.645322591 0
20 Y -434.889168762 0
21 A -428.44910421 0
21 C -431.686282422 0
21 D -427.939114905 0
21 E -430.76012653 0
21 F -426.219991411 0
21 G -421.545374162 0
21 H -428.212135276 0
21 I -436.314330133 0
21 K -421.490843603 0
21 L -436.172643458 0
21 M -432.473880768 0
21 N -430.631152629 0
21 P -394.478722785 0
21 Q -428.985113116 0
21 R -417.511031446 0
21 S -427.978430507 0
21 T -433.418987742 0
21 V -439.702497116 1
21 W -419.620852525 0
21 Y -425.175894332 0
22 A -431.465662222 0
22 C -430.315591459 0
22 D -439.350186881 1
22 E -435.297237637 0
22 F -430.709390949 0
22 G -428.968838513 0
22 H -432.604552878 0
22 I -433.153204067 0
22 K -431.129261556 0
22 L -433.17239647 0
22 M -432.516233702 0
22 N -433.884879895 0
22 P -431.703035988 0
22 Q -432.669884584 0
22 R -430.513494035 0
22 S -431.30447568 0
22 T -431.451225628 0
22 V -432.55431653 0
22 W -431.441671261 0
22 Y -431.346053509 0
23 A -437.433628138 0
23 C -435.652764771 0
23 D -434.35561384 0
23 E -435.686973335 0
23 F -436.672094792 0
23 G -435.8038465 0
23 H -437.598775396 0
23 I -437.328983045 0
23 K -439.33708814 0
23 L -437.930181695 0
23 M -437.550571111 0
23 N -434.957161699 0
23 P -394.232440443 0
23 Q -436.401191496 0
23 R -439.411274955 1
23 S -437.358085792 0
23 T -435.4647199 0
23 V -435.30223562 0
23 W -437.991197889 0
23 Y -436.295897942 0
24 A -434.608887023 0
24 C -433.452120151 0
24 D -434.364526571 0
24 E -434.498519501 0
24 F -432.810459267 0
24 G -433.925369702 0
24 H -435.634831513 0
24 I -433.480553579 0
24 K -435.894884017 0
24 L -434.828184456 0
24 M -434.33695139 0
24 N -435.832627446 0
24 P -416.57449807 0
24 Q -434.625187882 0
24 R -439.423583253 1
24 S -436.273293888 0
24 T -433.928343802 0
24 V -433.168063284 0
24 W -433.527689306 0
24 Y -432.349600593 0
25 A -439.46833238 1
25 C -439.46833238 1
25 D -439.46833238 1
25 E -439.46833238 1
25 F -439.46833238 1
25 G -439.46833238 1
25 H -439.46833238 1
25 I -439.46833238 1
25 K -439.46833238 1
25 L -439.46833238 1
25 M -439.46833238 1
25 N -439.46833238 1
25 P -439.46833238 1
25 Q -439.46833238 1
25 R -439.46833238 1
25 S -439.46833238 1
25 T -439.46833238 1
25 V -439.46833238 1
25 W -439.46833238 1
25 Y -439.46833238 1
26 A -437.244456202 0
26 C -434.368450808 0
26 D -438.316364627 0
26 E -438.200958798 0
26 F -435.296839842 0
26 G -435.331187249 0
26 H -436.811286581 0
26 I -436.453807319 0
26 K -438.4786921 0
26 L -439.383701238 1
26 M -438.091262486 0
26 N -437.068873058 0
26 P -434.598617445 0
26 Q -437.012612071 0
26 R -438.558034094 0
26 S -437.133574337 0
26 T -437.102446509 0
26 V -435.32150265 0
26 W -436.615823419 0
26 Y -435.618559272 0
27 A -437.98356951 0
27 C -437.014506993 0
27 D -434.873936895 0
27 E -437.417519064 0
27 F -438.918978285 0
27 G -433.788390626 0
27 H -437.781431098 0
27 I -439.081838503 0
27 K -437.986248373 0
27 L -441.328698972 0
27 M -442.073143286 0
27 N -435.611762477 0
27 P -407.145645927 0
27 Q -438.416128957 0
27 R -439.818243639 0
27 S -438.181806423 0
27 T -439.797776872 0
27 V -439.101025691 0
27 W -439.424345344 1
27 Y -438.570549375 0
28 A -428.464470469 0
28 C -428.312560386 0
28 D -428.271737771 0
28 E -426.096458186 0
28 F -439.626476133 1
28 G -422.972980633 0
28 H -434.317765066 0
28 I -433.175561462 0
28 K -426.277494985 0
28 L -431.847621317 0
28 M -433.525106725 0
28 N -429.209980789 0
28 P -376.969147822 0
28 Q -425.907803334 0
28 R -425.528033217 0
28 S -428.141337179 0
28 T -430.138562464 0
28 V -433.693340951 0
28 W -434.733040288 0
28 Y -438.066030003 0
29 A -434.19723986 0
29 C -434.861750944 0
29 D -429.12508665 0
29 E -434.00954666 0
29 F -431.348440432 0
29 G -429.929991418 0
29 H -428.463752142 0
29 I -436.319580942 0
29 K -435.643145812 0
29 L -439.421390615 1
29 M -437.261733765 0
29 N -435.409075384 0
29 P -398.815962459 0
29 Q -436.520468367 0
29 R -433.714638849 0
29 S -434.204537352 0
29 T -434.997224287 0
29 V -436.509702814 0
29 W -434.218781442 0
29 Y -430.87833328 0
30 A -431.707181528 0
30 C -432.880630757 0
30 D -432.142747006 0
30 E -431.129084391 0
30 F -435.375393393 0
30 G -424.952826659 0
30 H -433.644498344 0
30 I -439.91905044 0
30 K -422.506067881 0
30 L -432.610238106 0
30 M -434.291333703 0
30 N -433.110409575 0
30 P -403.801850652 0
30 Q -430.615663353 0
30 R -411.697444584 0
30 S -431.713705998 0
30 T -434.982284801 0
30 V -439.087912471 1
30 W -416.801724778 0
30 Y -433.409807525 0
31 A -433.645680311 0
31 C -431.968888709 0
31 D -435.880641688 0
31 E -433.899106745 0
31 F -430.8970079 0
31 G -426.779343844 0
31 H -432.359888617 0
31 I -439.462611246 1
31 K -432.64329117 0
31 L -435.800904995 0
31 M -436.60361308 0
31 N -434.037226005 0
31 P -400.908691633 0
31 Q -434.074636423 0
31 R -434.769742581 0
31 S -430.981735211 0
31 T -433.871958687 0
31 V -438.457660886 0
31 W -432.289449034 0
31 Y -432.580534701 0
32 A -424.302675082 0
32 C -430.543760291 0
32 D -426.214312462 0
32 E -429.414331593 0
32 F -426.427357035 0
32 G -424.976601839 0
32 H -426.324970675 0
32 I -436.522644471 0
32 K -418.745435702 0
32 L -439.581155195 1
32 M -434.048661767 0
32 N -425.029143376 0
32 P -400.348542415 0
32 Q -431.950044126 0
32 R -420.324809093 0
32 S -430.864782777 0
32 T -432.451093207 0
32 V -434.779611339 0
32 W -403.589766072 0
32 Y -423.915497814 0
33 A -434.896069007 0
33 C -434.99704164 0
33 D -427.537777858 0
33 E -436.173104084 0
33 F -433.103691265 0
33 G -432.84032703 0
33 H -434.981759943 0
33 I -437.37576558 0
33 K -437.883737582 0
33 L -437.158587529 0
33 M -437.757393942 0
33 N -434.775831621 0
33 P -401.378961076 0
33 Q -437.867127439 0
33 R -439.483635306 1
33 S -433.813174486 0
33 T -435.961422704 0
33 V -436.945575753 0
33 W -432.633196511 0
33 Y -432.231011912 0
34 A -433.502812424 0
34 C -433.793899118 0
34 D -434.187760185 0
34 E -425.161455664 0
34 F -437.531148656 0
34 G -418.801339288 0
34 H -439.484016162 1
34 I -431.594109118 0
34 K -429.980384009 0
34 L -421.65305838 0
34 M -426.279977609 0
34 N -431.969443448 0
34 P -378.827502555 0
34 Q -424.819151411 0
34 R -428.781906884 0
34 S -433.624414116 0
34 T -432.991543367 0
34 V -436.723615144 0
34 W -420.288937004 0
34 Y -437.851335194 0
35 A -437.511340941 0
35 C -435.762383429 0
35 D -440.522644817 0
35 E -439.449104195 1
35 F -432.575407482 0
35 G -437.277699325 0
35 H -439.969489213 0
35 I -437.876608861 0
35 K -439.033834369 0
35 L -440.190687896 0
35 M -438.380746245 0
35 N -440.00762997 0
35 P -440.809356808 0
35 Q -439.553984463 0
35 R -438.980260215 0
35 S -439.313732664 0
35 T -439.008657765 0
35 V -437.177593427 0
35 W -437.078787176 0
35 Y -426.055306881 0
36 A -423.492928285 0
36 C -414.734545441 0
36 D -412.115640142 0
36 E -404.618058145 0
36 F -397.991478971 0
36 G -439.474226476 1
36 H -398.128556307 0
36 I -400.886841786 0
36 K -391.098538414 0
36 L -408.812943374 0
36 M -391.746403292 0
36 N -398.91747952 0
36 P -378.279073181 0
36 Q -394.312717318 0
36 R -407.967303797 0
36 S -419.548680182 0
36 T -412.304052415 0
36 V -407.254735899 0
36 W -370.965504121 0
36 Y -396.500226356 0
37 A -437.064033179 0
37 C -436.669166863 0
37 D -438.918091766 0
37 E -439.503067451 0
37 F -439.320830391 0
37 G -436.943427139 0
37 H -439.703133794 0
37 I -438.534684423 0
37 K -439.873495272 0
37 L -439.634668605 0
37 M -437.641899496 0
37 N -439.099306497 0
37 P -425.339485386 0
37 Q -438.738428247 0
37 R -439.440430758 1
37 S -438.744921651 0
37 T -439.504157196 0
37 V -438.740733912 0
37 W -439.04714032 0
37 Y -439.054523679 0
38 A -436.774638627 0
38 C -434.763699598 0
38 D -435.498700144 0
38 E -437.227015365 0
38 F -429.258647319 0
38 G -434.619220248 0
38 H -436.736465573 0
38 I -433.412122963 0
38 K -437.242855254 0
38 L -439.439078855 1
38 M -436.406585641 0
38 N -436.26744543 0
38 P -413.876720824 0
38 Q -437.155643981 0
38 R -436.919735208 0
38 S -436.03244808 0
38 T -433.606893521 0
38 V -433.518554308 0
38 W -435.92566389 0
38 Y -435.59247027 0
39 A -434.405666837 0
39 C -432.422578291 0
39 D -435.763128752 0
39 E -434.763476792 0
39 F -432.115998785 0
39 G -434.62690833 0
39 H -434.487247906 0
39 I -431.108533035 0
39 K -434.508241559 0
39 L -434.870418548 0
39 M -433.681235776 0
39 N -434.257997379 0
39 P -439.440652128 1
39 Q -433.523357506 0
39 R -435.570647702 0
39 S -436.621362863 0
39 T -436.456376491 0
39 V -432.678711527 0
39 W -432.214351163 0
39 Y -431.924887044 0
40 A -437.481300978 0
40 C -435.113436902 0
40 D -437.140789153 0
40 E -439.581922754 0
40 F -435.822979928 0
40 G -435.210809577 0
40 H -438.049350557 0
40 I -439.100761802 0
40 K -427.078689458 0
40 L -439.3214676 0
40 M -438.476890202 0
40 N -436.206923066 0
40 P -437.575060473 0
40 Q -437.270028578 0
40 R -433.150689574 0
40 S -437.327853313 0
40 T -439.455726882 1
40 V -438.618929076 0
40 W -426.212126552 0
40 Y -424.630325619 0
41 A -437.908842197 0
41 C -435.819753505 0
41 D -439.284234858 1
41 E -440.943809663 0
41 F -437.986872446 0
41 G -436.432114538 0
41 H -440.972439515 0
41 I -435.188805146 0
41 K -439.011125588 0
41 L -434.272096406 0
41 M -437.127785703 0
41 N -438.82521343 0
41 P -425.199242354 0
41 Q -439.181627446 0
41 R -438.35990706 0
41 S -439.374811172 0
41 T -434.901324432 0
41 V -435.173612556 0
41 W -438.871217273 0
41 Y -438.011127704 0
42 A -436.027312264 0
42 C -434.826686398 0
42 D -434.40769989 0
42 E -437.474210414 0
42 F -434.144148779 0
42 G -432.847002208 0
42 H -436.22117814 0
42 I -438.879604862 0
42 K -439.292675721 0
42 L -438.210712465 0
42 M -436.733136985 0
42 N -435.013487072 0
42 P -389.639101468 0
42 Q -438.371483761 0
42 R -437.590902182 0
42 S -435.405710212 0
42 T -438.238306608 0
42 V -439.469145648 1
42 W -434.544175917 0
42 Y -435.071183186 0
43 A -443.107803406 0
43 C -439.844406722 0
43 D -436.853881124 0
43 E -433.573715762 0
43 F -430.678236914 0
43 G -437.47624297 0
43 H -437.35304477 0
43 I -430.983768191 0
43 K -433.593193399 0
43 L -430.792501826 0
43 M -431.549825181 0
43 N -440.892077603 0
43 P -364.962190842 0
43 Q -434.401662038 0
43 R -437.577076324 0
43 S -439.496998831 1
43 T -439.006625278 0
43 V -436.055751293 0
43 W -414.848542527 0
43 Y -430.418468547 0
44 A -426.26074652 0
44 C -410.548026944 0
44 D -405.323505532 0
44 E -412.813338236 0
44 F -380.878483871 0
44 G -439.496166645 1
44 H -387.986185851 0
44 I -389.480853376 0
44 K -400.192281117 0
44 L -395.010006778 0
44 M -403.898322807 0
44 N -406.821046966 0
44 P -414.311986015 0
44 Q -414.437690418 0
44 R -402.849527963 0
44 S -418.620339156 0
44 T -406.417641574 0
44 V -395.238813626 0
44 W -343.760176386 0
44 Y -365.058070322 0
45 A -439.595787575 1
45 C -438.720565347 0
45 D -429.833578404 0
45 E -423.728856924 0
45 F -438.908516336 0
45 G -435.879999772 0
45 H -436.903643551 0
45 I -435.126373537 0
45 K -424.42112077 0
45 L -431.39782691 0
45 M -438.216448833 0
45 N -437.532053785 0
45 P -395.5442085 0
45 Q -428.683717488 0
45 R -428.452001662 0
45 S -431.130079715 0
45 T -429.131373987 0
45 V -435.385680906 0
45 W -417.43787481 0
45 Y -437.986605169 0
46 A -433.250583189 0
46 C -433.445312193 0
46 D -435.261237739 0
46 E -429.385572825 0
46 F -419.438465995 0
46 G -430.05242081 0
46 H -423.455514907 0
46 I -420.635869479 0
46 K -418.172986828 0
46 L -434.624356531 0
46 M -430.602413177 0
46 N -439.587345034 1
46 P -405.745388312 0
46 Q -421.248424404 0
46 R -430.363577591 0
46 S -434.327579565 0
46 T -433.364073552 0
46 V -433.303788698 0
46 W -404.635028308 0
46 Y -409.169203347 0
47 A -420.921786267 0
47 C -427.141279442 0
47 D -429.054067523 0
47 E -427.7518553 0
47 F -437.099457787 0
47 G -421.016366083 0
47 H -432.309768948 0
47 I -430.581603684 0
47 K -426.08045753 0
47 L -433.40650191 0
47 M -430.798367539 0
47 N -429.690547193 0
47 P -392.081259644 0
47 Q -427.679968164 0
47 R -431.655938578 0
47 S -428.431959888 0
47 T -428.159470898 0
47 V -431.710876284 0
47 W -439.701020189 1
47 Y -435.831646604 0
48 A -430.404433799 0
48 C -431.678106262 0
48 D -425.956338993 0
48 E -421.036030162 0
48 F -407.71905121 0
48 G -420.123481121 0
48 H -419.633692172 0
48 I -435.462003619 0
48 K -424.480327894 0
48 L -431.807983956 0
48 M -429.720574283 0
48 N -430.379762236 0
48 P -373.898411276 0
48 Q -423.956133413 0
48 R -423.912996481 0
48 S -429.555903526 0
48 T -434.017186495 0
48 V -435.56230311 1
48 W -404.602268061 0
48 Y -414.242083015 0
49 A -429.27893821 0
49 C -429.774204062 0
49 D -425.036527957 0
49 E -429.024668296 0
49 F -433.094637879 0
49 G -424.032837329 0
49 H -430.269289608 0
49 I -431.009655291 0
49 K -419.59014412 0
49 L -439.399910497 1
49 M -433.442903111 0
49 N -429.603588363 0
49 P -390.058132752 0
49 Q -431.355426408 0
49 R -422.182364644 0
49 S -428.664361306 0
49 T -429.89363015 0
49 V -432.065849983 0
49 W -414.755937267 0
49 Y -425.397711306 0
50 A -438.068483116 0
50 C -434.41763323 0
50 D -426.773023349 0
50 E -411.281189227 0
50 F -393.693267912 0
50 G -434.967309193 0
50 H -410.312383772 0
50 I -421.550847386 0
50 K -395.330825735 0
50 L -421.711003963 0
50 M -411.572789233 0
50 N -427.265935439 0
50 P -393.512950951 0
50 Q -421.29612001 0
50 R -396.602775138 0
50 S -439.408605151 1
50 T -437.61234138 0
50 V -429.680041928 0
50 W -371.704550609 0
50 Y -393.010194194 0
51 A -435.847722014 0
51 C -435.523303807 0
51 D -434.555905119 0
51 E -439.388944602 1
51 F -437.140973952 0
51 G -433.161123895 0
51 H -435.145111237 0
51 I -434.942604232 0
51 K -432.489738569 0
51 L -436.885671663 0
51 M -438.319136148 0
51 N -435.359665956 0
51 P -433.147734943 0
51 Q -438.728560372 0
51 R -438.127882034 0
51 S -436.918583875 0
51 T -438.107677276 0
51 V -434.961375486 0
51 W -437.806424856 0
51 Y -437.118624692 0
52 A -434.91848747 0
52 C -429.656959908 0
52 D -435.532888534 0
52 E -439.387701785 1
52 F -432.811180204 0
52 G -432.157688012 0
52 H -434.57675117 0
52 I -434.961176643 0
52 K -431.027445316 0
52 L -435.464643796 0
52 M -434.822401244 0
52 N -430.69411614 0
52 P -380.41091268 0
52 Q -436.098957165 0
52 R -434.567641918 0
52 S -434.197662587 0
52 T -432.237817917 0
52 V -434.097065401 0
52 W -428.707110399 0
52 Y -432.962884708 0
53 A -437.365546688 0
53 C -433.656885333 0
53 D -438.186493236 0
53 E -438.504411309 0
53 F -433.711603585 0
53 G -435.615741441 0
53 H -434.328576335 0
53 I -433.777278357 0
53 K -434.767882752 0
53 L -434.000907332 0
53 M -435.331846639 0
53 N -437.015133828 0
53 P -416.508689606 0
53 Q -436.223778505 0
53 R -439.378656606 1
53 S -433.958705857 0
53 T -436.760946968 0
53 V -433.726925512 0
53 W -435.283099876 0
53 Y -433.669720071 0
54 A -436.377539825 0
54 C -433.416202191 0
54 D -436.68331831 0
54 E -434.366810671 0
54 F -437.432134807 0
54 G -433.858828175 0
54 H -436.630381966 0
54 I -431.127472788 0
54 K -436.218207916 0
54 L -437.38939597 0
54 M -435.646444401 0
54 N -437.322620065 0
54 P -411.036124736 0
54 Q -434.620075109 0
54 R -435.339320162 0
54 S -435.707789376 0
54 T -435.200584938 0
54 V -433.61803167 0
54 W -439.403632293 1
54 Y -436.778508695 0
55 A -435.812082712 0
55 C -433.479775393 0
55 D -430.455572497 0
55 E -435.054288165 0
55 F -437.507589671 0
55 G -431.898162807 0
55 H -435.181902373 0
55 I -434.895257164 0
55 K -434.40928198 0
55 L -439.424071761 1
55 M -438.411288579 0
55 N -432.130831324 0
55 P -382.154380202 0
55 Q -435.595766413 0
55 R -430.988655865 0
55 S -433.943741046 0
55 T -434.434611842 0
55 V -438.101452653 0
55 W -430.94000606 0
55 Y -436.162603738 0
56 A -439.448020442 1
56 C -436.343296216 0
56 D -440.696102552 0
56 E -441.125728021 0
56 F -439.007395546 0
56 G -437.643271927 0
56 H -439.551024729 0
56 I -439.929050624 0
56 K -440.325800109 0
56 L -440.660104826 0
56 M -440.741876973 0
56 N -439.58071074 0
56 P -434.54831495 0
56 Q -438.814575021 0
56 R -435.462738033 0
56 S -439.553556211 0
56 T -435.261461176 0
56 V -439.773421252 0
56 W -440.765389266 0
56 Y -438.751339122 0
57 A -437.729878988 0
57 C -434.593595928 0
57 D -438.751991401 0
57 E -439.017177798 0
57 F -436.020974001 0
57 G -435.1845642 0
57 H -437.449093359 0
57 I -439.075129949 0
57 K -438.421998171 0
57 L -439.420560288 1
57 M -438.94208656 0
57 N -437.177553595 0
57 P -428.56647656 0
57 Q -437.297505681 0
57 R -438.672455155 0
57 S -437.326288191 0
57 T -437.931295005 0
57 V -438.3669715 0
57 W -436.756109274 0
57 Y -436.08416565 0
58 A -434.336343031 0
58 C -429.929813043 0
58 D -427.419730958 0
58 E -426.737938378 0
58 F -424.386076383 0
58 G -431.275687777 0
58 H -431.136607074 0
58 I -439.388512547 0
58 K -419.877498657 0
58 L -432.610159878 0
58 M -430.522099522 0
58 N -432.524560783 0
58 P -382.838032384 0
58 Q -428.938396204 0
58 R -422.906035461 0
58 S -432.819338454 0
58 T -435.202668866 0
58 V -439.448312907 1
58 W -408.715653718 0
58 Y -422.785786022 0
59 A -435.059389896 0
59 C -435.419009912 0
59 D -432.59829678 0
59 E -429.156094983 0
59 F -419.881580034 0
59 G -431.731099932 0
59 H -425.376040914 0
59 I -438.573710432 0
59 K -428.3408538 0
59 L -436.933056663 0
59 M -434.134247098 0
59 N -434.790015385 0
59 P -375.929382466 0
59 Q -432.965283262 0
59 R -433.20463848 0
59 S -433.406526895 0
59 T -435.541698573 0
59 V -439.635508649 1
59 W -431.684400732 0
59 Y -427.269976106 0
60 A -437.47690612 0
60 C -435.183601141 0
60 D -437.662156282 0
60 E -438.443217985 0
60 F -437.391730008 0
60 G -436.387715206 0
60 H -438.708467094 0
60 I -439.442992898 1
60 K -438.919301883 0
60 L -439.091461768 0
60 M -434.643759265 0
60 N -437.614040515 0
60 P -378.34871976 0
60 Q -438.650034617 0
60 R -439.971321311 0
60 S -437.311652011 0
60 T -438.36828557 0
60 V -438.545882243 0
60 W -439.26760528 0
60 Y -437.470439273 0
61 A -437.023967468 0
61 C -434.247501178 0
61 D -436.161751467 0
61 E -436.539855842 0
61 F -436.236289982 0
61 G -434.573199928 0
61 H -437.166119658 0
61 I -435.748234539 0
61 K -438.345819924 0
61 L -439.511229895 1
61 M -434.762530382 0
61 N -436.712995483 0
61 P -379.674916654 0
61 Q -435.927792335 0
61 R -439.487101814 0
61 S -436.121826471 0
61 T -434.534424104 0
61 V -435.511636058 0
61 W -440.470797331 0
61 Y -432.009678616 0
62 A -429.348568383 0
62 C -420.534839648 0
62 D -417.657180601 0
62 E -403.225206052 0
62 F -409.291343938 0
62 G -439.560071261 1
62 H -409.203623237 0
62 I -383.636163527 0
62 K -400.397888306 0
62 L -400.928915389 0
62 M -400.423698342 0
62 N -416.214418249 0
62 P -353.14935278 0
62 Q -402.068772934 0
62 R -354.839263726 0
62 S -428.327415651 0
62 T -410.26686375 0
62 V -395.013985683 0
62 W -405.191646239 0
62 Y -405.401282999 0
63 A -437.9424864 0
63 C -436.544472559 0
63 D -437.198994055 0
63 E -439.84885828 0
63 F -439.376189341 0
63 G -435.965877089 0
63 H -438.723392289 0
63 I -439.474909825 1
63 K -438.078215686 0
63 L -436.974040707 0
63 M -439.019086999 0
63 N -437.651728334 0
63 P -381.154051939 0
63 Q -437.485462066 0
63 R -438.05752687 0
63 S -437.024718688 0
63 T -437.873072571 0
63 V -438.387221161 0
63 W -438.728868254 0
63 Y -437.308458855 0
64 A -438.329532394 0
64 C -436.896478528 0
64 D -438.566575127 0
64 E -439.429235349 1
64 F -437.113263749 0
64 G -437.228507959 0
64 H -438.496676718 0
64 I -436.376316096 0
64 K -439.69428698 0
64 L -440.329611361 0
64 M -438.14779145 0
64 N -439.191662629 0
64 P -398.832607164 0
64 Q -438.856833305 0
64 R -439.97638649 0
64 S -438.177027155 0
64 T -437.583333382 0
64 V -436.173928775 0
64 W -439.619489666 0
64 Y -436.874431035 0
65 A -440.55422463 0
65 C -436.66800498 0
65 D -430.008217777 0
65 E -433.949190729 0
65 F -433.700859119 0
65 G -436.606664901 0
65 H -433.375743717 0
65 I -431.154888355 0
65 K -430.159377925 0
65 L -430.321183884 0
65 M -433.105431568 0
65 N -431.432043655 0
65 P -373.798446478 0
65 Q -435.19744138 0
65 R -432.94220333 0
65 S -439.439091565 1
65 T -433.998271757 0
65 V -429.310911223 0
65 W -434.524028953 0
65 Y -432.624968389 0
66 A -421.688786252 0
66 C -421.086582193 0
66 D -426.366885031 0
66 E -422.661723212 0
66 F -421.373010596 0
66 G -439.422162241 1
66 H -422.800923137 0
66 I -415.954762946 0
66 K -422.4403625 0
66 L -420.273140209 0
66 M -420.987587808 0
66 N -422.546094404 0
66 P -358.133952584 0
66 Q -422.372789721 0
66 R -421.90894919 0
66 S -428.849716824 0
66 T -416.010778898 0
66 V -415.498151196 0
66 W -420.84430887 0
66 Y -420.654933882 0
67 A -435.835661151 0
67 C -432.2403914 0
67 D -435.773804572 0
67 E -437.268734139 0
67 F -437.800055665 0
67 G -433.894874634 0
67 H -436.749908497 0
67 I -437.623679447 0
67 K -436.156929312 0
67 L -439.435636936 1
67 M -436.612630275 0
67 N -434.564790705 0
67 P -435.01141302 0
67 Q -437.152177956 0
67 R -435.842751725 0
67 S -436.234645034 0
67 T -435.709325973 0
67 V -435.197334563 0
67 W -436.449889909 0
67 Y -437.010497277 0
68 A -435.941663921 0
68 C -434.647966249 0
68 D -437.588534733 0
68 E -439.230927992 0
68 F -435.456421516 0
68 G -435.50647716 0
68 H -439.409015581 1
68 I -435.551514076 0
68 K -437.422624726 0
68 L -436.740823095 0
68 M -435.879619818 0
68 N -436.573989898 0
68 P -432.193333763 0
68 Q -437.872637027 0
68 R -436.346019654 0
68 S -437.911095395 0
68 T -436.790473309 0
68 V -435.365012332 0
68 W -437.195532813 0
68 Y -435.329007612 0
69 A -436.106772235 0
69 C -435.114262529 0
69 D -434.901990468 0
69 E -435.233441142 0
69 F -435.540620404 0
69 G -434.142710406 0
69 H -438.009491385 0
69 I -432.156494222 0
69 K -436.190821461 0
69 L -437.376821208 0
69 M -436.087360796 0
69 N -439.423696882 1
69 P -392.395433598 0
69 Q -435.36767992 0
69 R -436.265078783 0
69 S -434.923880555 0
69 T -432.917715926 0
69 V -428.043643877 0
69 W -431.232079389 0
69 Y -435.125403174 0
70 A -437.041613027 0
70 C -435.852919902 0
70 D -440.251100475 0
70 E -439.155252021 0
70 F -437.120701543 0
70 G -437.273903823 0
70 H -440.784020969 0
70 I -422.400599227 0
70 K -437.058617782 0
70 L -437.797369346 0
70 M -436.651671549 0
70 N -439.830537872 0
70 P -387.504213362 0
70 Q -439.452005225 1
70 R -436.143453844 0
70 S -436.051430921 0
70 T -430.994667231 0
70 V -421.854974469 0
70 W -436.810611571 0
70 Y -436.541966942 0
71 A -430.914414537 0
71 C -430.499315336 0
71 D -432.454715599 0
71 E -429.289684979 0
71 F -439.55385081 1
71 G -427.701684371 0
71 H -436.371898608 0
71 I -396.22359905 0
71 K -422.658548532 0
71 L -429.66714257 0
71 M -432.21001355 0
71 N -434.337229814 0
71 P -388.309668376 0
71 Q -427.655765201 0
71 R -432.48870421 0
71 S -429.651008405 0
71 T -426.742681025 0
71 V -421.491020882 0
71 W -438.584088956 0
71 Y -438.889989418 0
72 A -433.550002318 0
72 C -433.871288049 0
72 D -431.350813221 0
72 E -434.820677751 0
72 F -432.430371868 0
72 G -430.740270227 0
72 H -433.447905899 0
72 I -437.657571272 0
72 K -434.715226856 0
72 L -439.559098266 1
72 M -437.872524042 0
72 N -433.939209755 0
72 P -375.316813918 0
72 Q -436.189552049 0
72 R -435.099643837 0
72 S -433.995272144 0
72 T -434.696143323 0
72 V -436.566895687 0
72 W -432.610797339 0
72 Y -432.669684059 0
73 A -435.672603789 0
73 C -434.710611881 0
73 D -433.341320183 0
73 E -435.317134106 0
73 F -437.079278089 0
73 G -431.661129445 0
73 H -439.427906656 1
73 I -431.61863547 0
73 K -437.193242689 0
73 L -437.896858483 0
73 M -437.455706013 0
73 N -434.987725235 0
73 P -433.723276861 0
73 Q -434.579922207 0
73 R -436.953928506 0
73 S -435.201083566 0
73 T -434.019297819 0
73 V -434.900575396 0
73 W -438.432386444 0
73 Y -436.915492885 0
74 A -434.661150719 0
74 C -432.656474556 0
74 D -434.565287317 0
74 E -435.125667403 0
74 F -432.939723344 0
74 G -433.212387592 0
74 H -434.990523214 0
74 I -435.085826696 0
74 K -438.003028316 0
74 L -436.17122836 0
74 M -433.880123124 0
74 N -434.216611846 0
74 P -439.429859714 1
74 Q -434.617559871 0
74 R -437.048308952 0
74 S -435.603944623 0
74 T -434.774645413 0
74 V -434.669065106 0
74 W -434.466341673 0
74 Y -433.597206545 0
75 A -435.810436176 0
75 C -434.180788705 0
75 D -439.43242596 1
75 E -437.680107474 0
75 F -436.042073049 0
75 G -435.635510646 0
75 H -438.20063107 0
75 I -420.933744869 0
75 K -438.257401276 0
75 L -436.365423703 0
75 M -435.680879505 0
75 N -439.565973159 0
75 P -404.132615877 0
75 Q -436.10938994 0
75 R -437.526490996 0
75 S -437.126012647 0
75 T -432.120659234 0
75 V -423.490219355 0
75 W -434.852905064 0
75 Y -435.715491862 0
76 A -433.791079247 0
76 C -435.037129241 0
76 D -439.541875358 1
76 E -435.880199008 0
76 F -433.395488554 0
76 G -430.92036714 0
76 H -433.141172366 0
76 I -435.782784471 0
76 K -431.714481611 0
76 L -439.302204971 0
76 M -435.763584923 0
76 N -439.170233718 0
76 P -428.309165651 0
76 Q -433.468700306 0
76 R -431.064261573 0
76 S -434.391207729 0
76 T -435.087537761 0
76 V -433.000933175 0
76 W -431.37390497 0
76 Y -427.854876611 0
77 A -437.283753323 0
77 C -435.669901405 0
77 D -438.278846891 0
77 E -439.401624336 1
77 F -433.340048383 0
77 G -437.036272119 0
77 H -440.439043675 0
77 I -437.153656888 0
77 K -439.447637817 0
77 L -437.928921119 0
77 M -437.154245473 0
77 N -437.500323396 0
77 P -438.400751106 0
77 Q -437.947417213 0
77 R -438.918614177 0
77 S -439.266849725 0
77 T -437.745413313 0
77 V -436.582213112 0
77 W -435.672479951 0
77 Y -437.642042427 0
78 A -434.759255844 0
78 C -433.802643253 0
78 D -433.453777753 0
78 E -433.92643626 0
78 F -437.488781753 0
78 G -431.07551268 0
78 H -437.582201325 0
78 I -424.134058606 0
78 K -434.959761113 0
78 L -439.423413103 1
78 M -437.089694363 0
78 N -435.782615805 0
78 P -407.389435255 0
78 Q -435.477794537 0
78 R -437.064276981 0
78 S -433.424962226 0
78 T -434.950152325 0
78 V -430.323562752 0
78 W -437.921088927 0
78 Y -437.295713421 0
79 A -432.263719656 0
79 C -433.547620817 0
79 D -431.600419741 0
79 E -432.702506436 0
79 F -420.659953933 0
79 G -428.761136975 0
79 H -421.004545013 0
79 I -440.27829682 0
79 K -428.523888471 0
79 L -435.294805904 0
79 M -434.650819576 0
79 N -434.022315787 0
79 P -393.249502186 0
79 Q -433.587509271 0
79 R -432.1218306 0
79 S -432.133620438 0
79 T -435.237122231 0
79 V -439.572463711 1
79 W -418.733923858 0
79 Y -418.89318665 0
80 A -431.453176513 0
80 C -430.236622747 0
80 D -432.422782124 0
80 E -432.458707416 0
80 F -429.472768206 0
80 G -428.366852231 0
80 H -433.53105434 0
80 I -439.488454996 1
80 K -433.727466431 0
80 L -437.20380723 0
80 M -433.00012273 0
80 N -432.416742591 0
80 P -402.115226856 0
80 Q -431.56830447 0
80 R -433.344359722 0
80 S -431.405547457 0
80 T -433.445283352 0
80 V -436.284227616 0
80 W -429.301693193 0
80 Y -429.391908129 0
81 A -439.542650683 1
81 C -434.122110797 0
81 D -427.035520913 0
81 E -427.456847848 0
81 F -415.070234583 0
81 G -432.922814496 0
81 H -414.511108438 0
81 I -422.494835483 0
81 K -423.707219494 0
81 L -423.367129669 0
81 M -428.53314444 0
81 N -426.687150537 0
81 P -379.72690695 0
81 Q -427.857028535 0
81 R -407.449936282 0
81 S -436.189669171 0
81 T -434.084991191 0
81 V -433.305244179 0
81 W -391.798380186 0
81 Y -404.960471193 0
82 A -439.664585808 1
82 C -437.490477072 0
82 D -434.961547439 0
82 E -436.452783571 0
82 F -440.648377443 0
82 G -435.17321651 0
82 H -441.359439593 0
82 I -431.273605412 0
82 K -437.064955138 0
82 L -435.192157101 0
82 M -436.226133387 0
82 N -438.705082623 0
82 P -411.149485756 0
82 Q -437.117243622 0
82 R -438.233739751 0
82 S -439.051308146 0
82 T -437.229863585 0
82 V -433.858192402 0
82 W -439.30665974 0
82 Y -439.974913338 0
83 A -430.745511077 0
83 C -431.96205501 0
83 D -428.878095582 0
83 E -426.249062049 0
83 F -424.074429478 0
83 G -430.526738669 0
83 H -429.098261607 0
83 I -427.973406017 0
83 K -418.603859893 0
83 L -433.267419012 0
83 M -430.590904929 0
83 N -432.128247497 0
83 P -398.423266706 0
83 Q -430.119738865 0
83 R -409.839308816 0
83 S -434.511199814 0
83 T -439.56569263 1
83 V -433.19133099 0
83 W -385.763783805 0
83 Y -414.286314643 0
84 A -436.609663521 0
84 C -435.326397561 0
84 D -434.912439871 0
84 E -436.107303368 0
84 F -434.0471342 0
84 G -436.815302495 0
84 H -437.367719775 0
84 I -434.552354326 0
84 K -437.712229486 0
84 L -437.20298818 0
84 M -436.134813773 0
84 N -437.839228767 0
84 P -419.071061919 0
84 Q -436.98071182 0
84 R -439.469305015 1
84 S -438.072222543 0
84 T -436.224935404 0
84 V -434.775108541 0
84 W -433.517629778 0
84 Y -433.678347873 0
85 A -422.445959887 0
85 C -430.194779712 0
85 D -422.115147414 0
85 E -423.253804046 0
85 F -420.328628092 0
85 G -425.464256472 0
85 H -421.119553946 0
85 I -435.066365436 0
85 K -423.55489736 0
85 L -439.46075971 1
85 M -436.365161039 0
85 N -430.696763587 0
85 P -413.351242425 0
85 Q -429.903576304 0
85 R -428.712716214 0
85 S -429.167789922 0
85 T -422.753125352 0
85 V -421.09301309 0
85 W -419.68150629 0
85 Y -425.124724642 0
86 A -430.07036558 0
86 C -425.276570525 0
86 D -426.846234372 0
86 E -426.755452019 0
86 F -422.642583186 0
86 G -427.857236305 0
86 H -425.691707996 0
86 I -439.349377483 1
86 K -428.550197155 0
86 L -436.23545914 0
86 M -434.102333163 0
86 N -430.556503168 0
86 P -392.302588238 0
86 Q -431.192798799 0
86 R -430.813085927 0
86 S -429.792768034 0
86 T -432.700836187 0
86 V -429.580685161 0
86 W -424.86947425 0
86 Y -414.907145015 0
87 A -426.125848977 0
87 C -424.249648701 0
87 D -423.196129525 0
87 E -427.815853455 0
87 F -421.610487585 0
87 G -432.203201354 1
87 H -422.248624664 0
87 I -401.111397641 0
87 K -424.38225835 0
87 L -418.216032024 0
87 M -422.846118291 0
87 N -423.529716535 0
87 P -416.247711476 0
87 Q -425.590047766 0
87 R -422.330889424 0
87 S -422.426451657 0
87 T -422.90884954 0
87 V -395.977183019 0
87 W -418.267063968 0
87 Y -421.664695304 0
88 A -439.436792517 1
88 C -433.633026063 0
88 D -431.258297386 0
88 E -429.263982033 0
88 F -430.674097914 0
88 G -436.020516225 0
88 H -430.54134734 0
88 I -409.543877714 0
88 K -437.353950979 0
88 L -422.689166521 0
88 M -434.146406306 0
88 N -436.917480543 0
88 P -424.806849212 0
88 Q -433.347282324 0
88 R -438.425911891 0
88 S -438.997177171 0
88 T -438.907247613 0
88 V -432.764037315 0
88 W -430.803067814 0
88 Y -424.465671594 0
89 A -433.244286508 0
89 C -430.985346734 0
89 D -435.344429615 0
89 E -434.25216633 0
89 F -436.91409632 0
89 G -439.431061 1
89 H -436.455079039 0
89 I -420.576421291 0
89 K -435.977634954 0
89 L -434.794183494 0
89 M -434.178905857 0
89 N -436.919293335 0
89 P -383.338977846 0
89 Q -434.203372199 0
89 R -435.821508618 0
89 S -434.58887058 0
89 T -433.461801917 0
89 V -420.051508559 0
89 W -434.836905467 0
89 Y -435.755339261 0
90 A -437.944167201 0
90 C -437.428263091 0
90 D -439.894016555 0
90 E -440.631038148 0
90 F -437.962081118 0
90 G -437.619053352 0
90 H -440.104340667 0
90 I -436.066955353 0
90 K -438.522047 0
90 L -439.436888125 1
90 M -439.262635163 0
90 N -437.731903187 0
90 P -367.734535756 0
90 Q -441.528752175 0
90 R -439.896630985 0
90 S -437.581903733 0
90 T -436.135088803 0
90 V -436.148503307 0
90 W -437.102432812 0
90 Y -437.673294624 0
91 A -434.140839796 0
91 C -433.545556893 0
91 D -434.752830645 0
91 E -439.443547093 1
91 F -432.932618068 0
91 G -430.966245222 0
91 H -433.228213032 0
91 I -435.473201575 0
91 K -434.599795957 0
91 L -434.823264726 0
91 M -434.306418351 0
91 N -431.906728365 0
91 P -410.397583505 0
91 Q -435.649230689 0
91 R -434.003399955 0
91 S -434.508839567 0
91 T -434.65645099 0
91 V -435.53377366 0
91 W -432.461728571 0
91 Y -432.536046665 0
92 A -433.52997096 0
92 C -431.013075741 0
92 D -439.445139818 1
92 E -432.600233831 0
92 F -431.430587462 0
92 G -429.433436702 0
92 H -432.878095613 0
92 I -431.999258068 0
92 K -429.209341955 0
92 L -423.448718115 0
92 M -429.082228254 0
92 N -431.760348886 0
92 P -389.143688884 0
92 Q -432.325324057 0
92 R -429.842971483 0
92 S -431.77573821 0
92 T -433.966379265 0
92 V -433.608183519 0
92 W -428.743371653 0
92 Y -431.216730573 0
93 A -438.088247761 0
93 C -436.861937959 0
93 D -434.843432326 0
93 E -438.67261514 0
93 F -437.62015381 0
93 G -435.583136631 0
93 H -437.587297153 0
93 I -438.157036928 0
93 K -438.670216128 0
93 L -438.197949441 0
93 M -438.595713121 0
93 N -436.122169541 0
93 P -410.799360076 0
93 Q -439.540538238 1
93 R -440.072755437 0
93 S -438.135198933 0
93 T -439.445281984 0
93 V -438.345723692 0
93 W -438.362527265 0
93 Y -437.528878863 0
94 A -433.373414594 0
94 C -433.449842665 0
94 D -430.457795627 0
94 E -431.399009211 0
94 F -426.341745726 0
94 G -428.709657065 0
94 H -433.888770296 0
94 I -437.00589108 0
94 K -433.007331499 0
94 L -433.146729578 0
94 M -432.666365051 0
94 N -432.798690954 0
94 P -398.785174505 0
94 Q -430.348560819 0
94 R -432.377424133 0
94 S -432.764191113 0
94 T -436.422132767 0
94 V -439.717822298 1
94 W -430.755239535 0
94 Y -432.177321549 0
95 A -435.730252307 0
95 C -434.709672356 0
95 D -433.06506179 0
95 E -437.14868751 0
95 F -436.856430193 0
95 G -431.587964453 0
95 H -435.395666982 0
95 I -439.390546283 1
95 K -435.764663928 0
95 L -439.796151125 0
95 M -438.563715611 0
95 N -435.670942356 0
95 P -424.485590234 0
95 Q -436.426136375 0
95 R -437.651897806 0
95 S -435.34690998 0
95 T -437.550646527 0
95 V -438.945442958 0
95 W -437.160665488 0
95 Y -436.687650181 0
96 A -429.223580351 0
96 C -427.265253292 0
96 D -426.174988351 0
96 E -428.102520523 0
96 F -439.498619134 1
96 G -425.775765073 0
96 H -433.349479937 0
96 I -428.64215229 0
96 K -426.892550933 0
96 L -433.258493687 0
96 M -432.129177513 0
96 N -428.017040752 0
96 P -392.476057167 0
96 Q -431.616967465 0
96 R -429.622090633 0
96 S -429.265642851 0
96 T -429.845736596 0
96 V -431.897096398 0
96 W -440.748117043 0
96 Y -438.770169908 0
97 A -437.211283442 0
97 C -433.08958081 0
97 D -439.455573209 0
97 E -438.830156561 0
97 F -436.193594405 0
97 G -435.767610858 0
97 H -436.698701476 0
97 I -435.590297388 0
97 K -436.527429022 0
97 L -438.397401675 0
97 M -437.998624622 0
97 N -436.103305118 0
97 P -436.736368257 0
97 Q -436.709758982 0
97 R -435.750709704 0
97 S -437.501937277 0
97 T -435.252426399 0
97 V -437.298072046 0
97 W -439.381846119 1
97 Y -436.296700189 0
98 A -436.52072646 0
98 C -437.578003402 0
98 D -432.781451851 0
98 E -431.367353257 0
98 F -427.1795594 0
98 G -433.598939679 0
98 H -430.463580415 0
98 I -436.868010945 0
98 K -431.603336452 0
98 L -436.624866823 0
98 M -434.920365743 0
98 N -437.823369422 0
98 P -386.378582334 0
98 Q -432.13620236 0
98 R -435.458023504 0
98 S -438.418814212 0
98 T -440.138674976 0
98 V -439.491420783 1
98 W -423.48793273 0
98 Y -410.661978219 0
99 A -438.006896433 0
99 C -436.441183554 0
99 D -439.56758055 0
99 E -439.577290909 0
99 F -438.364497788 0
99 G -437.365498953 0
99 H -438.105741938 0
99 I -436.713167716 0
99 K -439.476363169 0
99 L -439.104819145 0
99 M -438.56367907 0
99 N -438.453605255 0
99 P -422.215123704 0
99 Q -438.081974206 0
99 R -439.362335484 1
99 S -440.182167362 0
99 T -438.586264624 0
99 V -436.31029213 0
99 W -439.920964393 0
99 Y -438.189013681 0
100 A -437.804420767 0
100 C -436.799512156 0
100 D -439.36099396 0
100 E -438.337396017 0
100 F -437.14490772 0
100 G -436.598244576 0
100 H -438.596299522 0
100 I -437.310367918 0
100 K -440.132122175 0
100 L -440.514532881 0
100 M -439.304369464 0
100 N -439.043951394 0
100 P -404.847133436 0
100 Q -437.827714919 0
100 R -439.381824695 1
100 S -438.198308068 0
100 T -437.485846574 0
100 V -436.972151191 0
100 W -439.825126906 0
100 Y -438.765660997 0
101 A -429.094208681 0
101 C -429.655635116 0
101 D -429.512319368 0
101 E -430.474491742 0
101 F -433.584478984 0
101 G -425.429558468 0
101 H -430.965030232 0
101 I -434.74535327 0
101 K -426.035613831 0
101 L -439.578337812 1
101 M -434.804921434 0
101 N -430.713566355 0
101 P -388.195937569 0
101 Q -429.837083972 0
101 R -424.414882258 0
101 S -428.694114106 0
101 T -429.344785913 0
101 V -431.100945441 0
101 W -427.973161277 0
101 Y -429.308129988 0
102 A -437.681962055 0
102 C -436.367034036 0
102 D -436.789660251 0
102 E -439.329106983 0
102 F -439.001969525 0
102 G -435.715021616 0
102 H -438.755645419 0
102 I -438.186962633 0
102 K -440.120754141 0
102 L -439.52783958 1
102 M -438.392358271 0
102 N -437.403161587 0
102 P -416.780522027 0
102 Q -438.788423842 0
102 R -439.038192034 0
102 S -438.153455904 0
102 T -438.769110829 0
102 V -439.397131101 0
102 W -437.799495578 0
102 Y -439.116560191 0
103 A -436.960490351 0
103 C -436.041153053 0
103 D -437.752096356 0
103 E -439.540148428 1
103 F -438.416973539 0
103 G -435.487829307 0
103 H -438.559384077 0
103 I -437.558258527 0
103 K -437.404907014 0
103 L -439.873983258 0
103 M -438.87742861 0
103 N -437.410268952 0
103 P -438.95410095 0
103 Q -436.706361392 0
103 R -437.996818343 0
103 S -437.410835564 0
103 T -437.842512632 0
103 V -437.919253394 0
103 W -437.866326646 0
103 Y -438.181598761 0
104 A -431.20167203 0
104 C -430.135120831 0
104 D -433.591458061 0
104 E -432.365810395 0
104 F -432.451336224 0
104 G -439.398177852 1
104 H -433.411283227 0
104 I -417.808372944 0
104 K -434.024035228 0
104 L -432.193361954 0
104 M -431.249135865 0
104 N -434.895981516 0
104 P -366.957867205 0
104 Q -432.11498774 0
104 R -433.608306066 0
104 S -431.904386303 0
104 T -427.337612874 0
104 V -417.146563408 0
104 W -430.748800074 0
104 Y -431.594952188 0
105 A -434.251698176 0
105 C -433.663128758 0
105 D -431.669832147 0
105 E -433.81885259 0
105 F -437.791803553 0
105 G -429.864457681 0
105 H -436.81234057 0
105 I -439.302175616 0
105 K -436.187905341 0
105 L -437.390800445 0
105 M -435.540879131 0
105 N -433.660304851 0
105 P -382.175657814 0
105 Q -434.426226153 0
105 R -438.206932362 0
105 S -434.13105824 0
105 T -436.811131685 0
105 V -439.400732022 1
105 W -436.623399826 0
105 Y -437.595379592 0
106 A -435.555114338 0
106 C -435.364109388 0
106 D -436.086114327 0
106 E -435.914268909 0
106 F -436.166827087 0
106 G -433.4270876 0
106 H -435.737520995 0
106 I -439.388260427 1
106 K -436.606822594 0
106 L -437.984950279 0
106 M -437.911127956 0
106 N -436.600866418 0
106 P -434.60493368 0
106 Q -435.942350839 0
106 R -438.00029953 0
106 S -437.249350853 0
106 T -437.731353039 0
106 V -438.645041464 0
106 W -437.92543849 0
106 Y -435.94011923 0
107 A -427.94622102 0
107 C -428.124806021 0
107 D -426.375312113 0
107 E -426.191909678 0
107 F -437.971819235 0
107 G -424.019483608 0
107 H -433.196264617 0
107 I -431.152826258 0
107 K -428.275864732 0
107 L -432.806798649 0
107 M -431.271972145 0
107 N -429.808936905 0
107 P -403.290947047 0
107 Q -428.719834898 0
107 R -426.147992312 0
107 S -426.79057547 0
107 T -427.792548324 0
107 V -429.382335368 0
107 W -434.988907815 0
107 Y -439.55097657 1
108 A -435.702955454 0
108 C -435.843825014 0
108 D -429.332818249 0
108 E -433.781372803 0
108 F -429.550966609 0
108 G -431.188233229 0
108 H -429.953524091 0
108 I -432.815452091 0
108 K -433.774705492 0
108 L -438.296311312 0
108 M -439.152171078 0
108 N -433.606280038 0
108 P -396.85253791 0
108 Q -435.668587458 0
108 R -439.483170807 1
108 S -434.492939986 0
108 T -437.492208981 0
108 V -439.70195432 0
108 W -432.275033426 0
108 Y -397.499027015 0
109 A -427.515766848 0
109 C -428.01246052 0
109 D -424.254345186 0
109 E -421.66350332 0
109 F -439.463096269 1
109 G -423.743428876 0
109 H -430.873688151 0
109 I -434.245278691 0
109 K -423.923733434 0
109 L -432.83805507 0
109 M -431.47226751 0
109 N -426.236325812 0
109 P -403.373432576 0
109 Q -426.016410011 0
109 R -422.939096704 0
109 S -426.142279378 0
109 T -429.812050095 0
109 V -432.588645652 0
109 W -433.735877929 0
109 Y -437.979075828 0
110 A -424.962822993 0
110 C -425.62003116 0
110 D -420.680633272 0
110 E -424.69926287 0
110 F -440.021411066 0
110 G -425.510219187 0
110 H -433.918630104 0
110 I -422.191361644 0
110 K -420.179188844 0
110 L -431.195137895 0
110 M -428.745438992 0
110 N -428.610113313 0
110 P -375.754112551 0
110 Q -426.313130355 0
110 R -422.282468775 0
110 S -427.842424778 0
110 T -425.66904094 0
110 V -428.450670074 0
110 W -422.35834507 0
110 Y -439.438098116 1
111 A -430.836813878 0
111 C -440.203612031 0
111 D -437.874706441 0
111 E -422.215247067 0
111 F -399.551373309 0
111 G -430.508856465 0
111 H -416.955294313 0
111 I -431.327695911 0
111 K -413.209606772 0
111 L -430.467621681 0
111 M -417.446461307 0
111 N -439.410016205 0
111 P -395.487260809 0
111 Q -424.731974914 0
111 R -419.79568253 0
111 S -438.897221146 0
111 T -439.575925113 1
111 V -436.490495316 0
111 W -406.256086401 0
111 Y -397.707609237 0
112 A -433.013100779 0
112 C -433.96673772 0
112 D -431.219457302 0
112 E -427.073734411 0
112 F -410.60011242 0
112 G -429.935709566 0
112 H -418.673544131 0
112 I -427.818189445 0
112 K -419.467525981 0
112 L -434.325404955 0
112 M -430.792218642 0
112 N -432.203274111 0
112 P -420.98414029 0
112 Q -430.045656306 0
112 R -417.246165082 0
112 S -435.413354983 0
112 T -439.634382824 1
112 V -435.397532391 0
112 W -407.644220185 0
112 Y -403.240429641 0
113 A -429.2482545 0
113 C -427.0773899 0
113 D -430.352611777 0
113 E -426.38425848 0
113 F -432.972935728 1
113 G -427.440575359 0
113 H -431.491178378 0
113 I -425.324927443 0
113 K -425.243373523 0
113 L -428.020304769 0
113 M -427.357489223 0
113 N -431.423030131 0
113 P -406.536106916 0
113 Q -427.891018927 0
113 R -430.88607692 0
113 S -428.79307248 0
113 T -430.324226983 0
113 V -426.555618421 0
113 W -431.221286266 0
113 Y -438.657857268 0
114 A -433.64613977 0
114 C -431.988168156 0
114 D -434.421581105 0
114 E -435.948175767 0
114 F -433.971708945 0
114 G -431.02439353 0
114 H -434.031611801 0
114 I -434.282078896 0
114 K -435.529643006 0
114 L -434.291311534 0
114 M -433.007722398 0
114 N -434.034089805 0
114 P -439.519712112 1
114 Q -433.657545088 0
114 R -434.555205113 0
114 S -434.029648442 0
114 T -434.097681883 0
114 V -433.796501343 0
114 W -420.801302779 0
114 Y -428.039890857 0
115 A -432.563273947 0
115 C -428.991966435 0
115 D -435.459448506 0
115 E -433.704767904 0
115 F -434.256453318 0
115 G -439.546680168 1
115 H -435.266009379 0
115 I -421.062415103 0
115 K -435.292215595 0
115 L -434.043666296 0
115 M -432.961216027 0
115 N -436.437634705 0
115 P -388.945487372 0
115 Q -432.429348822 0
115 R -436.321105279 0
115 S -433.849138649 0
115 T -432.016570739 0
115 V -420.440710957 0
115 W -432.872430407 0
115 Y -433.540416898 0
116 A -439.441744776 0
116 C -433.760228408 0
116 D -433.171058865 0
116 E -431.341366687 0
116 F -439.74963452 0
116 G -435.046591405 0
116 H -437.67423871 0
116 I -425.737340063 0
116 K -432.576230826 0
116 L -438.6589126 0
116 M -439.602711422 1
116 N -435.712950662 0
116 P -369.815936281 0
116 Q -433.616276928 0
116 R -435.502152402 0
116 S -436.678265579 0
116 T -433.602468618 0
116 V -423.919585438 0
116 W -434.519210949 0
116 Y -436.905574749 0
117 A -435.795424895 0
117 C -433.496683676 0
117 D -435.966411723 0
117 E -436.523869285 0
117 F -438.868891166 0
117 G -433.084962153 0
117 H -439.471201499 1
117 I -431.449616029 0
117 K -425.520954428 0
117 L -429.541487175 0
117 M -433.04349369 0
117 N -435.76092052 0
117 P -422.488116549 0
117 Q -435.557104649 0
117 R -432.986012838 0
117 S -436.585665288 0
117 T -432.708636973 0
117 V -434.142182294 0
117 W -439.82514327 0
117 Y -438.591970488 0
118 A -438.273912654 0
118 C -435.578862541 0
118 D -439.041499781 0
118 E -439.329770366 0
118 F -437.708589275 0
118 G -436.358827499 0
118 H -438.351359814 0
118 I -437.775534597 0
118 K -438.824117418 0
118 L -439.441604181 1
118 M -437.878625539 0
118 N -438.917325557 0
118 P -416.730146107 0
118 Q -436.929278497 0
118 R -438.710175392 0
118 S -437.723765981 0
118 T -437.438846552 0
118 V -437.530342754 0
118 W -437.887668694 0
118 Y -437.768587933 0
119 A -429.855404651 0
119 C -435.529134121 0
119 D -438.720733427 0
119 E -438.320787847 0
119 F -439.224314862 0
119 G -434.991921061 0
119 H -439.308839098 0
119 I -439.134682952 0
119 K -439.594703937 0
119 L -440.404730006 0
119 M -439.243173619 0
119 N -437.932543838 0
119 P -410.631483644 0
119 Q -430.666211626 0
119 R -439.312980674 1
119 S -437.677807301 0
119 T -438.688046688 0
119 V -438.565801129 0
119 W -438.246484667 0
119 Y -439.43984889 0
120 A -434.077772495 0
120 C -433.794357128 0
120 D -429.49012678 0
120 E -433.166174537 0
120 F -430.787859601 0
120 G -427.794284381 0
120 H -424.391609359 0
120 I -433.283261736 0
120 K -428.698643189 0
120 L -437.843117178 0
120 M -439.578669633 1
120 N -433.589093472 0
120 P -355.82679032 0
120 Q -435.128117667 0
120 R -423.967616994 0
120 S -431.22193014 0
120 T -431.56744862 0
120 V -435.680057478 0
120 W -414.918249454 0
120 Y -396.152629199 0
121 A -431.854110003 0
121 C -436.760342495 0
121 D -432.157079868 0
121 E -428.541300123 0
121 F -439.593725244 0
121 G -435.966272689 0
121 H -438.934789867 0
121 I -435.623936184 0
121 K -437.525391286 0
121 L -433.564874773 0
121 M -435.830443084 0
121 N -439.141150648 0
121 P -396.568301498 0
121 Q -438.95306147 0
121 R -437.174318251 0
121 S -438.14089987 0
121 T -438.323137966 0
121 V -433.088244351 0
121 W -440.256264458 0
121 Y -439.432289397 1
122 A -417.316608458 0
122 C -397.190848386 0
122 D -395.505581603 0
122 E -386.439341662 0
122 F -402.191690669 0
122 G -439.43221063 1
122 H -399.491322361 0
122 I -380.784726601 0
122 K -387.226320293 0
122 L -402.148594419 0
122 M -396.415107672 0
122 N -398.624568791 0
122 P -362.706713295 0
122 Q -401.821616883 0
122 R -395.916184032 0
122 S -396.043232282 0
122 T -384.857386602 0
122 V -391.454947952 0
122 W -393.652879302 0
122 Y -398.419152419 0
123 A -436.159714405 0
123 C -434.332863306 0
123 D -435.123571509 0
123 E -436.461887198 0
123 F -438.047204598 0
123 G -433.860656039 0
123 H -437.121250554 0
123 I -436.454033132 0
123 K -436.659502247 0
123 L -437.784584508 0
123 M -438.540796284 0
123 N -435.513526446 0
123 P -418.079615796 0
123 Q -436.10562624 0
123 R -436.389122934 0
123 S -435.504892921 0
123 T -435.789278622 0
123 V -436.298207312 0
123 W -438.023317733 0
123 Y -439.440981242 1
124 A -430.157109117 0
124 C -430.588943152 0
124 D -429.440322306 0
124 E -433.429725942 0
124 F -434.421053008 0
124 G -424.897121677 0
124 H -430.949599781 0
124 I -433.113349892 0
124 K -425.665412255 0
124 L -439.737460187 1
124 M -437.790294497 0
124 N -431.232081554 0
124 P -388.511298272 0
124 Q -433.69591713 0
124 R -429.172751374 0
124 S -430.511476417 0
124 T -432.631620444 0
124 V -437.188456395 0
124 W -433.037899308 0
124 Y -432.285746795 0
125 A -434.979619533 0
125 C -434.364511342 0
125 D -435.141476069 0
125 E -437.848755345 0
125 F -437.687439076 0
125 G -431.030198035 0
125 H -436.612188786 0
125 I -438.844028014 0
125 K -437.050514973 0
125 L -439.41405766 1
125 M -437.205294318 0
125 N -435.321645395 0
125 P -397.548143477 0
125 Q -436.742591261 0
125 R -437.39422007 0
125 S -435.023709596 0
125 T -436.375386511 0
125 V -438.393988595 0
125 W -437.663063921 0
125 Y -437.417583102 0
126 A -429.677481738 0
126 C -428.770096742 0
126 D -427.713689372 0
126 E -429.666910688 0
126 F -434.786072295 0
126 G -426.376418213 0
126 H -431.687311391 0
126 I -437.153895179 0
126 K -432.859543869 0
126 L -439.716409369 1
126 M -432.570052622 0
126 N -430.083602014 0
126 P -427.003697267 0
126 Q -431.955426854 0
126 R -431.609930313 0
126 S -430.545918887 0
126 T -432.582018161 0
126 V -435.533963725 0
126 W -430.978414773 0
126 Y -432.708591974 0
127 A -437.643274455 0
127 C -437.065728644 0
127 D -436.678905598 0
127 E -439.610774891 0
127 F -435.549969566 0
127 G -437.33509627 0
127 H -438.660594868 0
127 I -440.940486615 0
127 K -439.439694697 1
127 L -439.295180597 0
127 M -439.828015617 0
127 N -437.878848466 0
127 P -412.153148828 0
127 Q -438.762915811 0
127 R -441.302666662 0
127 S -437.467707741 0
127 T -437.91408826 0
127 V -439.866027573 0
127 W -435.404980393 0
127 Y -435.62887573 0
