1 A -437.588273979 0
1 C -436.363808671 0
1 D -439.174165299 0
1 E -439.086088104 0
1 F -438.383848013 0
1 G -438.270634219 0
1 H -439.029376517 0
1 I -437.680894636 0
1 K -439.214262232 0
1 L -439.378138621 0
1 M -437.990265139 0
1 N -437.862638436 0
1 P -440.968744589 1
1 Q -437.828776287 0
1 R -438.529210129 0
1 S -438.929434058 0
1 T -437.717012339 0
1 V -436.912710414 0
1 W -440.284913899 0
1 Y -438.5742647 0
2 A -441.073315474 1
2 C -441.073315474 1
2 D -441.073315474 1
2 E -441.073315474 1
2 F -441.073315474 1
2 G -441.073315474 1
2 H -441.073315474 1
2 I -441.073315474 1
2 K -441.073315474 1
2 L -441.073315474 1
2 M -441.073315474 1
2 N -441.073315474 1
2 P -441.073315474 1
2 Q -441.073315474 1
2 R -441.073315474 1
2 S -441.073315474 1
2 T -441.073315474 1
2 V -441.073315474 1
2 W -441.073315474 1
2 Y -441.073315474 1
3 A -441.62558819 0
3 C -440.201963717 0
3 D -437.496664887 0
3 E -440.615172747 0
3 F -440.602685131 0
3 G -438.716150173 0
3 H -439.822737309 0
3 I -438.921226267 0
3 K -440.368829815 0
3 L -441.258953381 0
3 M -441.620563218 0
3 N -439.503652842 0
3 P -364.537519259 0
3 Q -440.933300781 0
3 R -442.550805162 0
3 S -441.083148251 1
3 T -440.668987511 0
3 V -440.282401984 0
3 W -438.100416163 0
3 Y -440.05385689 0
4 A -435.873233341 0
4 C -435.415045646 0
4 D -433.460584647 0
4 E -435.695765965 0
4 F -437.437200086 0
4 G -431.428956362 0
4 H -437.127212164 0
4 I -441.115774599 1
4 K -435.484053247 0
4 L -439.307681228 0
4 M -435.682551873 0
4 N -434.771326673 0
4 P -390.51915442 0
4 Q -435.643840408 0
4 R -434.760494145 0
4 S -435.314020165 0
4 T -437.926889666 0
4 V -440.476583577 0
4 W -434.865928598 0
4 Y -435.837400493 0
5 A -435.487214388 0
5 C -435.509262814 0
5 D -435.837615504 0
5 E -439.188927457 0
5 F -438.40345151 0
5 G -432.400717936 0
5 H -436.95875454 0
5 I -440.981497272 1
5 K -437.772781904 0
5 L -439.166973941 0
5 M -438.827487348 0
5 N -436.511907101 0
5 P -430.653970518 0
5 Q -438.249309704 0
5 R -437.974872588 0
5 S -435.932277739 0
5 T -438.357384699 0
5 V -440.072227326 0
5 W -422.3836377 0
5 Y -433.543394584 0
6 A -428.016707805 0
6 C -428.788622642 0
6 D -426.092690484 0
6 E -432.031485443 0
6 F -420.413572884 0
6 G -430.148365409 0
6 H -429.259025507 0
6 I -436.159794127 0
6 K -430.295771767 0
6 L -434.16713811 0
6 M -441.482225186 0
6 N -427.742110717 0
6 P -389.687737695 0
6 Q -432.53499038 0
6 R -422.821415491 0
6 S -428.099241377 0
6 T -437.106514504 0
6 V -441.042868759 1
6 W -409.33542202 0
6 Y -419.621910136 0
7 A -435.741053417 0
7 C -435.035271719 0
7 D -427.844725902 0
7 E -429.934710172 0
7 F -434.358951479 0
7 G -433.344406898 0
7 H -438.492707089 0
7 I -439.505000364 0
7 K -430.688797144 0
7 L -433.279697976 0
7 M -429.612397775 0
7 N -428.570111522 0
7 P -408.593536648 0
7 Q -430.510961693 0
7 R -430.895495236 0
7 S -435.429641143 0
7 T -429.59856422 0
7 V -432.033990899 0
7 W -436.328062554 0
7 Y -441.006174968 1
8 A -440.554437528 0
8 C -437.877078348 0
8 D -433.843791448 0
8 E -429.639186726 0
8 F -419.948005831 0
8 G -435.942136331 0
8 H -432.37970292 0
8 I -431.761450087 0
8 K -424.371099812 0
8 L -433.21968431 0
8 M -432.203536511 0
8 N -436.000216862 0
8 P -395.012729361 0
8 Q -436.715827582 0
8 R -422.952808539 0
8 S -438.926873163 0
8 T -440.431171735 0
8 V -434.323687604 1
8 W -409.657771842 0
8 Y -427.663595531 0
9 A -433.442859242 0
9 C -426.364585777 0
9 D -434.135734119 1
9 E -434.69213829 0
9 F -426.562358358 0
9 G -428.020491517 0
9 H -432.864249561 0
9 I -421.00161679 0
9 K -431.855573513 0
9 L -426.19512587 0
9 M -424.846733593 0
9 N -432.683357403 0
9 P -397.795987667 0
9 Q -432.241830237 0
9 R -422.845558614 0
9 S -431.30128436 0
9 T -430.587981665 0
9 V -431.562666299 0
9 W -424.739155066 0
9 Y -426.844450676 0
10 A -433.038654057 0
10 C -431.296481453 0
10 D -440.982225412 1
10 E -436.049792259 0
10 F -431.743204636 0
10 G -430.795071341 0
10 H -429.042003607 0
10 I -424.689903799 0
10 K -431.118713156 0
10 L -423.807246709 0
10 M -431.775171136 0
10 N -426.353277866 0
10 P -426.924202575 0
10 Q -427.889064792 0
10 R -426.562573135 0
10 S -433.438612926 0
10 T -432.205040699 0
10 V -424.625140517 0
10 W -426.790829217 0
10 Y -432.113189328 0
11 A -438.494196465 0
11 C -429.456689609 0
11 D -432.666324647 0
11 E -432.106718127 0
11 F -439.478270544 0
11 G -438.132961106 0
11 H -433.824760529 1
11 I -438.194243295 0
11 K -432.645508859 0
11 L -440.310120113 0
11 M -431.42372497 0
11 N -433.49438436 0
11 P -410.237874548 0
11 Q -438.485328826 0
11 R -432.715991046 0
11 S -438.891077479 0
11 T -439.12462535 0
11 V -438.161103417 0
11 W -431.429734606 0
11 Y -432.138360226 0
12 A -439.288229001 0
12 C -428.854290231 0
12 D -433.797555939 0
12 E -430.992139907 0
12 F -440.172131814 0
12 G -440.324491394 0
12 H -440.633367881 0
12 I -421.423900451 0
12 K -440.302062083 0
12 L -432.592279344 0
12 M -432.264272666 0
12 N -443.808244799 0
12 P -387.901749208 0
12 Q -433.835103555 1
12 R -440.67117129 0
12 S -429.278581141 0
12 T -432.49925844 0
12 V -424.833586854 0
12 W -437.908991642 0
12 Y -432.609864241 0
13 A -428.668603382 0
13 C -430.821024433 0
13 D -435.161710154 0
13 E -430.917808933 0
13 F -430.165479488 0
13 G -435.481904465 0
13 H -430.020719359 0
13 I -428.6859788 0
13 K -432.254876342 0
13 L -431.114789944 0
13 M -431.990176972 0
13 N -431.609294841 0
13 P -403.713469202 0
13 Q -438.434784651 0
13 R -434.129338592 1
13 S -430.527171837 0
13 T -437.330893563 0
13 V -428.656817836 0
13 W -439.853878149 0
13 Y -430.099156274 0
14 A -432.303518838 0
14 C -425.615300571 0
14 D -424.690605015 0
14 E -424.928710392 0
14 F -436.921347811 1
14 G -430.637030345 0
14 H -435.274361541 0
14 I -436.342316305 0
14 K -431.609397384 0
14 L -434.472024904 0
14 M -437.633014321 0
14 N -426.088782611 0
14 P -432.170889566 0
14 Q -426.130209019 0
14 R -427.44004666 0
14 S -432.270323611 0
14 T -427.637097869 0
14 V -434.115773889 0
14 W -435.658182303 0
14 Y -434.164916503 0
15 A -432.254763912 0
15 C -439.254865245 0
15 D -437.119906501 0
15 E -441.131150646 0
15 F -427.826551556 0
15 G -432.03660406 0
15 H -433.719575144 0
15 I -433.022174528 0
15 K -440.650180397 0
15 L -434.489599112 0
15 M -441.708647913 0
15 N -444.182273266 0
15 P -404.725095059 0
15 Q -433.235470098 0
15 R -432.744252546 0
15 S -433.96775071 1
15 T -442.537517455 0
15 V -440.493068259 0
15 W -442.076479182 0
15 Y -430.618340967 0
16 A -436.616756842 0
16 C -436.756945514 0
16 D -433.081501783 0
16 E -433.73810682 0
16 F -429.403995001 0
16 G -433.759007907 0
16 H -434.892201835 0
16 I -438.719299181 0
16 K -429.612027433 0
16 L -438.410749746 0
16 M -437.99665047 0
16 N -435.884657846 0
16 P -394.08177834 0
16 Q -435.604137646 0
16 R -437.664106649 0
16 S -437.351411551 0
16 T -440.987030432 1
16 V -438.485736058 0
16 W -436.489433168 0
16 Y -429.948634505 0
17 A -437.582180604 0
17 C -436.151447852 0
17 D -440.968134641 1
17 E -439.325128378 0
17 F -438.973804916 0
17 G -437.324326904 0
17 H -442.530553423 0
17 I -439.333889947 0
17 K -439.586443264 0
17 L -439.73021481 0
17 M -439.553985552 0
17 N -440.344004453 0
17 P -427.96689833 0
17 Q -438.308663909 0
17 R -440.344191991 0
17 S -440.036852165 0
17 T -440.581320907 0
17 V -439.361112092 0
17 W -430.26760071 0
17 Y -431.638267293 0
18 A -436.258104375 0
18 C -436.438525576 0
18 D -434.847453565 0
18 E -437.759957073 0
18 F -439.676627868 0
18 G -433.358149188 0
18 H -437.708061264 0
18 I -438.615478164 0
18 K -437.240978265 0
18 L -440.975152712 1
18 M -437.790208876 0
18 N -436.29089836 0
18 P -387.242462475 0
18 Q -436.65627325 0
18 R -437.982426387 0
18 S -437.521870325 0
18 T -437.018540766 0
18 V -437.641467549 0
18 W -437.096010821 0
18 Y -436.926495679 0
19 A -429.143449652 0
19 C -429.304553777 0
19 D -429.091749051 0
19 E -434.272018637 0
19 F -436.116616327 0
19 G -425.063672739 0
19 H -434.020918546 0
19 I -441.095155372 1
19 K -426.323285295 0
19 L -432.322959191 0
19 M -437.232051826 0
19 N -429.57480186 0
19 P -386.671414032 0
19 Q -433.621139092 0
19 R -427.147975816 0
19 S -430.75762712 0
19 T -433.999852264 0
19 V -436.276844741 0
19 W -427.25034212 0
19 Y -428.18932601 0
20 A -435.726465854 0
20 C -436.075618401 0
20 D -436.313010035 0
20 E -438.418135881 0
20 F -436.561539746 0
20 G -432.803867866 0
20 H -438.290668775 0
20 I -442.850300245 0
20 K -438.706234338 0
20 L -441.087465193 1
20 M -437.870379808 0
20 N -437.62700199 0
20 P -427.529555281 0
20 Q -436.451519864 0
20 R -438.376763483 0
20 S -436.768157839 0
20 T -438.767170115 0
20 V -441.155318828 0
20 W -436.270430776 0
20 Y -436.370346473 0
21 A -430.280998121 0
21 C -433.32504121 0
21 D -429.888383986 0
21 E -430.574539487 0
21 F -426.023194152 0
21 G -423.412328662 0
21 H -428.886799176 0
21 I -437.833137768 0
21 K -420.73800887 0
21 L -437.55943093 0
21 M -433.626870976 0
21 N -430.746264097 0
21 P -395.831980694 0
21 Q -427.980474078 0
21 R -425.765984923 0
21 S -429.829705176 0
21 T -432.729717193 0
21 V -441.074776405 1
21 W -421.001226361 0
21 Y -425.112609863 0
22 A -433.227685245 0
22 C -432.025378738 0
22 D -441.090136788 1
22 E -436.710873793 0
22 F -432.538354156 0
22 G -430.709371984 0
22 H -434.287904075 0
22 I -434.746322673 0
22 K -432.775758633 0
22 L -434.889035166 0
22 M -434.248242148 0
22 N -435.646195828 0
22 P -433.187833577 0
22 Q -434.258192177 0
22 R -432.374682651 0
22 S -433.08570876 0
22 T -433.080024507 0
22 V -434.147593453 0
22 W -434.668960067 0
22 Y -432.221054358 0
23 A -436.560116304 0
23 C -434.951503423 0
23 D -434.200258544 0
23 E -435.995082922 0
23 F -435.828794078 0
23 G -434.971511131 0
23 H -436.753980797 0
23 I -436.516093723 0
23 K -441.103505079 1
23 L -437.221438046 0
23 M -437.76525754 0
23 N -434.798426514 0
23 P -393.275141226 0
23 Q -436.410675101 0
23 R -438.664807936 0
23 S -436.448704937 0
23 T -434.422339871 0
23 V -435.282208642 0
23 W -437.145407712 0
23 Y -435.399729973 0
24 A -436.196849819 0
24 C -435.024808161 0
24 D -435.949045819 0
24 E -436.096687141 0
24 F -434.517209061 0
24 G -435.624137978 0
24 H -437.243053266 0
24 I -435.08753786 0
24 K -437.575148693 0
24 L -436.450156841 0
24 M -436.032360659 0
24 N -437.385446333 0
24 P -418.12730243 0
24 Q -436.215016958 0
24 R -441.056777595 1
24 S -437.894757626 0
24 T -435.518292082 0
24 V -434.718423528 0
24 W -435.227657266 0
24 Y -434.024332016 0
25 A -441.084280948 1
25 C -441.084280948 1
25 D -441.084280948 1
25 E -441.084280948 1
25 F -441.084280948 1
25 G -441.084280948 1
25 H -441.084280948 1
25 I -441.084280948 1
25 K -441.084280948 1
25 L -441.084280948 1
25 M -441.084280948 1
25 N -441.084280948 1
25 P -441.084280948 1
25 Q -441.084280948 1
25 R -441.084280948 1
25 S -441.084280948 1
25 T -441.084280948 1
25 V -441.084280948 1
25 W -441.084280948 1
25 Y -441.084280948 1
26 A -439.73218392 0
26 C -436.834867271 0
26 D -441.246235708 0
26 E -441.640075876 0
26 F -437.675493096 0
26 G -438.116732297 0
26 H -440.751019015 0
26 I -439.245929862 0
26 K -440.955248734 0
26 L -441.06843708 1
26 M -439.846939115 0
26 N -439.709861409 0
26 P -437.03859753 0
26 Q -439.69830109 0
26 R -440.4054157 0
26 S -441.169604699 0
26 T -440.119756798 0
26 V -438.851134775 0
26 W -438.47368073 0
26 Y -438.048672569 0
27 A -437.817481417 0
27 C -435.848264036 0
27 D -433.910712917 0
27 E -436.657407761 0
27 F -438.114741985 0
27 G -433.372338396 0
27 H -437.612146283 0
27 I -436.122463443 0
27 K -437.664430289 0
27 L -440.127930007 0
27 M -441.077447525 1
27 N -435.917978406 0
27 P -406.281321422 0
27 Q -437.934760124 0
27 R -438.695128117 0
27 S -437.035166603 0
27 T -438.330076174 0
27 V -438.630307385 0
27 W -437.529104634 0
27 Y -437.754615587 0
28 A -429.682429717 0
28 C -429.451731467 0
28 D -429.459919423 0
28 E -430.478595761 0
28 F -441.095576825 1
28 G -424.412881052 0
28 H -435.826584368 0
28 I -432.012081262 0
28 K -427.656992321 0
28 L -432.891704049 0
28 M -432.679214566 0
28 N -431.71295747 0
28 P -389.19902015 0
28 Q -431.202306855 0
28 R -427.157874962 0
28 S -429.494654161 0
28 T -431.379852366 0
28 V -434.81706186 0
28 W -434.122852173 0
28 Y -439.310406408 0
29 A -435.310825126 0
29 C -435.532420322 0
29 D -431.348602338 0
29 E -435.960275168 0
29 F -433.00938728 0
29 G -431.245940138 0
29 H -436.453107738 0
29 I -437.634010714 0
29 K -437.401735012 0
29 L -441.077528703 1
29 M -438.14670856 0
29 N -436.516866378 0
29 P -396.985838016 0
29 Q -436.633780111 0
29 R -438.902317779 0
29 S -435.233492563 0
29 T -436.028319545 0
29 V -437.398795469 0
29 W -428.303369097 0
29 Y -431.101937972 0
30 A -432.835245824 0
30 C -434.631784582 0
30 D -428.071311165 0
30 E -420.988758479 0
30 F -432.794247484 0
30 G -425.799978342 0
30 H -434.215800897 0
30 I -431.191540213 0
30 K -418.8150674 0
30 L -425.281399071 0
30 M -429.859671213 0
30 N -434.495896563 0
30 P -405.657534396 0
30 Q -425.357594842 0
30 R -424.694868969 0
30 S -428.462103788 0
30 T -436.138332212 0
30 V -441.053949583 1
30 W -425.262720205 0
30 Y -423.989930939 0
31 A -435.325648884 0
31 C -434.852109065 0
31 D -435.745573486 0
31 E -436.200377604 0
31 F -437.123510516 0
31 G -429.434375991 0
31 H -437.537528458 0
31 I -441.619568352 0
31 K -435.118446686 0
31 L -437.407936636 0
31 M -433.619009008 0
31 N -436.988204411 0
31 P -403.418164228 0
31 Q -435.265895613 0
31 R -435.313022524 0
31 S -434.746016407 0
31 T -435.891314356 0
31 V -441.093429216 1
31 W -437.526932601 0
31 Y -437.570960487 0
32 A -426.982968861 0
32 C -425.380074152 0
32 D -422.512586009 0
32 E -422.785321297 0
32 F -419.882217323 0
32 G -420.557571416 0
32 H -427.073628966 0
32 I -431.063436472 0
32 K -414.162964585 0
32 L -434.279316157 1
32 M -435.232358716 0
32 N -425.143680559 0
32 P -395.854056636 0
32 Q -427.026955961 0
32 R -418.898295947 0
32 S -425.353636334 0
32 T -427.408032862 0
32 V -432.846620101 0
32 W -410.047210798 0
32 Y -416.306156729 0
33 A -435.717942289 0
33 C -435.569069063 0
33 D -430.34253262 0
33 E -437.317791888 0
33 F -433.897942892 0
33 G -427.088028207 0
33 H -431.066157626 0
33 I -438.373240018 0
33 K -434.315687662 0
33 L -440.985169328 1
33 M -437.467593653 0
33 N -435.462633744 0
33 P -402.060183629 0
33 Q -438.969698021 0
33 R -432.253219161 0
33 S -434.794383689 0
33 T -437.100097706 0
33 V -437.538539713 0
33 W -430.641543848 0
33 Y -436.544646928 0
34 A -431.220431061 0
34 C -431.286592703 0
34 D -429.795930576 0
34 E -423.008282081 0
34 F -431.089450605 0
34 G -422.712947089 0
34 H -434.151611794 1
34 I -423.319901203 0
34 K -425.552024065 0
34 L -418.154723079 0
34 M -430.317499359 0
34 N -436.224437339 0
34 P -383.367157027 0
34 Q -427.039147642 0
34 R -429.338405127 0
34 S -431.357192675 0
34 T -428.1409932 0
34 V -432.083858431 0
34 W -422.68336211 0
34 Y -430.982171353 0
35 A -438.450026882 0
35 C -436.805721689 0
35 D -441.324491915 0
35 E -439.760413258 0
35 F -426.595244385 0
35 G -438.292076533 0
35 H -440.972687801 1
35 I -438.738845295 0
35 K -433.325002402 0
35 L -441.176651101 0
35 M -433.091341951 0
35 N -440.882494489 0
35 P -441.914511539 0
35 Q -440.376691831 0
35 R -439.931875536 0
35 S -440.277369124 0
35 T -439.913246503 0
35 V -438.03468905 0
35 W -431.388393377 0
35 Y -433.647300323 0
36 A -425.933883519 0
36 C -409.585784526 0
36 D -405.977182314 0
36 E -404.64175053 0
36 F -403.870670117 0
36 G -440.975464686 1
36 H -401.829315179 0
36 I -400.654790929 0
36 K -392.865636536 0
36 L -409.123344765 0
36 M -411.830112433 0
36 N -411.682622367 0
36 P -389.952265893 0
36 Q -397.142957959 0
36 R -410.869332183 0
36 S -414.719171086 0
36 T -414.93111176 0
36 V -396.892190759 0
36 W -382.701625181 0
36 Y -399.641844716 0
37 A -438.378335362 0
37 C -438.044995094 0
37 D -440.229203551 0
37 E -440.828361819 0
37 F -440.680248111 0
37 G -438.37960948 0
37 H -440.98219794 1
37 I -439.803332682 0
37 K -441.20766851 0
37 L -441.033991191 0
37 M -438.968348467 0
37 N -440.402468959 0
37 P -426.453752956 0
37 Q -440.045345297 0
37 R -440.743686263 0
37 S -440.044026712 0
37 T -440.589494759 0
37 V -440.022303312 0
37 W -440.386920963 0
37 Y -440.439645177 0
38 A -437.001534842 0
38 C -435.21103791 0
38 D -436.136639155 0
38 E -437.687547848 0
38 F -437.49974032 0
38 G -434.963096597 0
38 H -437.379303657 0
38 I -435.236349703 0
38 K -438.684198223 0
38 L -440.981929962 1
38 M -438.195800459 0
38 N -437.395054998 0
38 P -415.427728449 0
38 Q -437.75109708 0
38 R -431.135690237 0
38 S -436.542569544 0
38 T -435.2177355 0
38 V -435.106859255 0
38 W -428.951723092 0
38 Y -436.785027996 0
39 A -436.367945756 0
39 C -434.123444709 0
39 D -435.603111443 0
39 E -436.405099065 0
39 F -433.007075551 0
39 G -435.204092198 0
39 H -436.822122142 0
39 I -432.320306904 0
39 K -435.244046074 0
39 L -436.619694169 0
39 M -435.756455233 0
39 N -435.240792783 0
39 P -440.977722575 1
39 Q -434.330416601 0
39 R -434.799108749 0
39 S -436.052869733 0
39 T -436.201815731 0
39 V -432.804662237 0
39 W -429.40041005 0
39 Y -428.279120519 0
40 A -441.285744607 0
40 C -438.60380783 0
40 D -440.872076173 0
40 E -442.393206612 0
40 F -431.70567309 0
40 G -438.619736222 0
40 H -441.678338737 0
40 I -442.923632639 0
40 K -442.066036225 0
40 L -443.059669335 0
40 M -442.294179802 0
40 N -439.762291949 0
40 P -441.313550236 0
40 Q -440.752467022 0
40 R -444.908802561 0
40 S -440.994308726 1
40 T -442.735862691 0
40 V -442.425314815 0
40 W -429.796862471 0
40 Y -436.81962355 0
41 A -438.029442224 0
41 C -435.959882288 0
41 D -438.460413197 0
41 E -440.07918942 0
41 F -438.458941867 0
41 G -436.711345754 0
41 H -440.979571945 1
41 I -435.409671935 0
41 K -438.9760152 0
41 L -434.823320667 0
41 M -437.400295648 0
41 N -438.421203932 0
41 P -423.997430947 0
41 Q -438.475327782 0
41 R -438.427597007 0
41 S -439.45888884 0
41 T -434.465118613 0
41 V -435.533431186 0
41 W -438.849366515 0
41 Y -438.410766998 0
42 A -437.272663807 0
42 C -436.144429651 0
42 D -437.77973794 0
42 E -439.16834119 0
42 F -433.648438296 0
42 G -433.652225286 0
42 H -436.994142938 0
42 I -440.991708514 1
42 K -438.963067695 0
42 L -440.09414172 0
42 M -438.011781518 0
42 N -437.289378648 0
42 P -392.712230616 0
42 Q -437.912849699 0
42 R -438.733821597 0
42 S -436.441944152 0
42 T -438.278864237 0
42 V -441.029976326 0
42 W -428.89503143 0
42 Y -429.514970981 0
43 A -440.994216268 1
43 C -437.43065993 0
43 D -438.567095017 0
43 E -429.548420854 0
43 F -426.716529064 0
43 G -429.033047544 0
43 H -438.548191716 0
43 I -433.785421037 0
43 K -433.344009345 0
43 L -423.311304871 0
43 M -431.833697005 0
43 N -434.635207233 0
43 P -363.684413371 0
43 Q -439.338603861 0
43 R -435.877985104 0
43 S -430.893222345 0
43 T -436.649109606 0
43 V -426.10666882 0
43 W -422.603244818 0
43 Y -433.311013591 0
44 A -436.006607233 0
44 C -413.25116645 0
44 D -417.921775646 0
44 E -410.758892381 0
44 F -377.385698997 0
44 G -441.025437196 1
44 H -386.988317836 0
44 I -395.015388043 0
44 K -397.71577454 0
44 L -399.586693674 0
44 M -411.581312297 0
44 N -416.956114566 0
44 P -421.31080991 0
44 Q -412.302269844 0
44 R -407.307040069 0
44 S -428.288750578 0
44 T -413.007064897 0
44 V -408.0756559 0
44 W -371.33933357 0
44 Y -368.689059623 0
45 A -444.313578457 0
45 C -442.92712363 0
45 D -436.040918259 0
45 E -432.592035233 0
45 F -442.635741335 0
45 G -440.540925037 0
45 H -444.885277204 0
45 I -437.928968635 0
45 K -433.944874058 0
45 L -436.716608216 0
45 M -441.517224332 0
45 N -442.505614837 0
45 P -400.299791887 0
45 Q -430.943730355 0
45 R -438.861065562 0
45 S -441.674073069 0
45 T -434.151974716 1
45 V -430.563940069 0
45 W -423.653806823 0
45 Y -442.861374872 0
46 A -431.66339759 0
46 C -435.706047089 0
46 D -427.992836873 0
46 E -418.11122538 0
46 F -404.582054017 0
46 G -432.603545195 0
46 H -414.281018477 0
46 I -429.565127246 0
46 K -420.070821794 0
46 L -436.500450426 0
46 M -426.776976153 0
46 N -441.10215795 1
46 P -411.264429635 0
46 Q -430.339754373 0
46 R -420.719870103 0
46 S -436.501212862 0
46 T -429.047881522 0
46 V -428.274915716 0
46 W -409.408377519 0
46 Y -407.476804991 0
47 A -428.972555798 0
47 C -422.098988368 0
47 D -430.823407521 0
47 E -429.407871614 0
47 F -438.784783029 0
47 G -419.795271471 0
47 H -427.488026992 0
47 I -424.86713303 0
47 K -419.455591594 0
47 L -427.555988014 0
47 M -426.861502303 0
47 N -424.901783108 0
47 P -388.411175601 0
47 Q -425.720793121 0
47 R -426.107348695 0
47 S -423.677803796 0
47 T -426.102257271 0
47 V -428.254011516 0
47 W -434.490027281 1
47 Y -431.070883218 0
48 A -425.71964964 0
48 C -426.782070009 0
48 D -417.319003518 0
48 E -426.163663438 0
48 F -420.927946204 0
48 G -415.48136723 0
48 H -420.472157779 0
48 I -431.344535346 0
48 K -422.883188207 0
48 L -422.554839951 0
48 M -414.205767072 0
48 N -425.16608934 0
48 P -376.186995565 0
48 Q -424.129192394 0
48 R -425.180236804 0
48 S -432.026834014 0
48 T -432.113027853 0
48 V -433.980865137 1
48 W -402.801470054 0
48 Y -425.423156021 0
49 A -430.457175526 0
49 C -430.746999299 0
49 D -424.244986701 0
49 E -427.322645945 0
49 F -434.005437301 0
49 G -425.513172566 0
49 H -431.703976902 0
49 I -431.531826068 0
49 K -412.353875053 0
49 L -441.092725286 1
49 M -435.231498051 0
49 N -430.656536412 0
49 P -390.234349905 0
49 Q -428.663840176 0
49 R -418.228385192 0
49 S -430.075537463 0
49 T -430.462762132 0
49 V -425.302483259 0
49 W -417.445960224 0
49 Y -430.821069932 0
50 A -441.118716166 0
50 C -440.208918296 0
50 D -429.964347187 0
50 E -420.119341488 0
50 F -401.889857339 0
50 G -437.050981066 0
50 H -403.534113487 0
50 I -423.410400265 0
50 K -402.908013271 0
50 L -424.88701379 0
50 M -418.971534725 0
50 N -434.804634254 0
50 P -397.109783524 0
50 Q -421.854128398 0
50 R -385.047291637 0
50 S -441.079707715 1
50 T -435.79515898 0
50 V -435.280136786 0
50 W -361.202269259 0
50 Y -396.766599074 0
51 A -437.559642393 0
51 C -437.206456895 0
51 D -436.271679865 0
51 E -441.104780694 1
51 F -438.776778004 0
51 G -434.777573167 0
51 H -432.365055638 0
51 I -437.142195509 0
51 K -438.131965707 0
51 L -439.131741595 0
51 M -439.979078842 0
51 N -437.090292706 0
51 P -434.978587094 0
51 Q -440.839835549 0
51 R -439.77835432 0
51 S -435.95922079 0
51 T -439.732633147 0
51 V -436.622436365 0
51 W -439.25671206 0
51 Y -438.606803431 0
52 A -438.175047505 0
52 C -433.99109798 0
52 D -436.905603907 0
52 E -441.37268515 1
52 F -432.018017891 0
52 G -435.305233687 0
52 H -436.867755095 0
52 I -437.009339516 0
52 K -438.246611636 0
52 L -439.476914635 0
52 M -436.962264288 0
52 N -436.059078557 0
52 P -384.103245759 0
52 Q -437.190692305 0
52 R -438.329012384 0
52 S -437.118625068 0
52 T -435.300014801 0
52 V -436.932725136 0
52 W -436.72744519 0
52 Y -435.879541658 0
53 A -439.147825255 0
53 C -435.490182803 0
53 D -439.836142122 0
53 E -440.124068673 0
53 F -435.27322348 0
53 G -437.345714283 0
53 H -436.181951502 0
53 I -435.503983969 0
53 K -439.572797504 0
53 L -435.560903047 0
53 M -435.195299159 0
53 N -438.668951882 0
53 P -421.338769565 0
53 Q -438.00007236 0
53 R -440.974604349 1
53 S -439.127929036 0
53 T -438.795476289 0
53 V -435.563553016 0
53 W -434.69947077 0
53 Y -435.171750046 0
54 A -438.459609126 0
54 C -435.018238492 0
54 D -438.386313793 0
54 E -435.747185047 0
54 F -439.147176591 0
54 G -435.531262758 0
54 H -438.720849563 0
54 I -432.542391324 0
54 K -437.847652335 0
54 L -438.924222971 0
54 M -437.063168478 0
54 N -439.28520854 0
54 P -412.645469048 0
54 Q -436.237532808 0
54 R -437.398430586 0
54 S -437.287274293 0
54 T -436.857392921 0
54 V -435.111599357 0
54 W -441.113406617 1
54 Y -438.610140722 0
55 A -440.258632045 0
55 C -439.052523274 0
55 D -435.909872413 0
55 E -441.256593299 0
55 F -442.053812957 0
55 G -438.172485895 0
55 H -440.946608032 0
55 I -435.686765847 0
55 K -440.711511065 0
55 L -440.98358211 1
55 M -442.919886447 0
55 N -437.550981351 0
55 P -386.424287979 0
55 Q -440.201011044 0
55 R -438.446651502 0
55 S -438.57737885 0
55 T -438.798419038 0
55 V -442.098752148 0
55 W -443.767679465 0
55 Y -439.701540894 0
56 A -440.946007188 1
56 C -438.122371044 0
56 D -442.602624305 0
56 E -443.440382398 0
56 F -441.317775365 0
56 G -439.702851385 0
56 H -441.302228229 0
56 I -441.964248785 0
56 K -441.950818329 0
56 L -442.339018681 0
56 M -440.93871984 0
56 N -441.407488665 0
56 P -435.350717895 0
56 Q -437.047239401 0
56 R -441.484792034 0
56 S -441.453653402 0
56 T -440.789873312 0
56 V -441.087284523 0
56 W -444.049968835 0
56 Y -440.61336018 0
57 A -438.967257507 0
57 C -436.163983536 0
57 D -440.153259507 0
57 E -440.583820917 0
57 F -438.139889738 0
57 G -436.465804479 0
57 H -438.839532894 0
57 I -440.407760669 0
57 K -440.410430654 0
57 L -440.982896228 1
57 M -440.569754475 0
57 N -438.749003579 0
57 P -430.042666899 0
57 Q -438.896864246 0
57 R -440.264652304 0
57 S -438.917970935 0
57 T -439.302548822 0
57 V -439.723757194 0
57 W -438.742077693 0
57 Y -437.501358244 0
58 A -435.068667324 0
58 C -435.054699135 0
58 D -430.053293478 0
58 E -428.313434428 0
58 F -420.181806683 0
58 G -431.753637075 0
58 H -427.380717169 0
58 I -441.690674886 0
58 K -423.238205655 0
58 L -436.006796695 0
58 M -431.024600167 0
58 N -432.461608951 0
58 P -386.281852437 0
58 Q -429.449359849 0
58 R -418.634245216 0
58 S -433.478081083 0
58 T -436.770233453 0
58 V -436.875862692 1
58 W -409.651118257 0
58 Y -416.630469328 0
59 A -437.385546365 0
59 C -437.814622681 0
59 D -435.74157739 0
59 E -437.421768948 0
59 F -424.218399146 0
59 G -433.743689371 0
59 H -431.331093168 0
59 I -440.431240051 0
59 K -431.309798442 0
59 L -441.680422432 0
59 M -432.617935748 0
59 N -438.143017472 0
59 P -378.251353861 0
59 Q -430.732267265 0
59 R -430.062037281 0
59 S -435.848450746 0
59 T -437.397505578 0
59 V -437.073359175 1
59 W -434.700035879 0
59 Y -423.70563376 0
60 A -440.458830553 0
60 C -438.02007921 0
60 D -441.747509936 0
60 E -443.291327106 0
60 F -440.976590824 1
60 G -439.255647981 0
60 H -443.334630257 0
60 I -443.004119682 0
60 K -441.687913623 0
60 L -442.273915202 0
60 M -441.547619516 0
60 N -440.364660987 0
60 P -381.074455085 0
60 Q -440.236233102 0
60 R -441.774981195 0
60 S -440.608315131 0
60 T -441.967242175 0
60 V -442.018484253 0
60 W -442.375449498 0
60 Y -440.656196402 0
61 A -439.163073232 0
61 C -435.536083751 0
61 D -438.502739373 0
61 E -439.251518837 0
61 F -439.053937319 0
61 G -436.663931927 0
61 H -434.810049556 0
61 I -436.408222419 0
61 K -439.279060952 0
61 L -441.001648173 1
61 M -439.882879206 0
61 N -438.730923984 0
61 P -381.52634657 0
61 Q -437.794651568 0
61 R -440.331228863 0
61 S -439.192154076 0
61 T -437.584029058 0
61 V -437.463644216 0
61 W -440.342043456 0
61 Y -438.712423143 0
62 A -431.000507789 0
62 C -422.531945495 0
62 D -419.860405358 0
62 E -401.97391969 0
62 F -406.804007013 0
62 G -440.975364234 1
62 H -406.639052055 0
62 I -384.921971375 0
62 K -398.960664323 0
62 L -401.932691139 0
62 M -403.255696085 0
62 N -418.601796621 0
62 P -354.792085519 0
62 Q -405.626444685 0
62 R -356.780449004 0
62 S -430.017981386 0
62 T -410.958553209 0
62 V -397.143706734 0
62 W -392.299577472 0
62 Y -404.159698104 0
63 A -439.708479135 0
63 C -438.346243486 0
63 D -439.028667929 0
63 E -441.603550738 0
63 F -440.75677404 1
63 G -437.519245968 0
63 H -440.464071695 0
63 I -441.270514405 0
63 K -439.733637739 0
63 L -438.817234505 0
63 M -440.685108247 0
63 N -439.452451029 0
63 P -382.743039361 0
63 Q -439.218440668 0
63 R -439.723597668 0
63 S -438.632030383 0
63 T -439.615077549 0
63 V -440.225584619 0
63 W -440.329327241 0
63 Y -438.736937298 0
64 A -439.869091528 0
64 C -439.38436067 0
64 D -438.974578143 0
64 E -440.378716667 0
64 F -436.928168847 0
64 G -438.674564575 0
64 H -439.375749021 0
64 I -439.630855037 0
64 K -440.824069117 0
64 L -442.644796019 0
64 M -441.66395371 0
64 N -440.774905206 0
64 P -397.186162433 0
64 Q -440.438024606 0
64 R -440.946341879 1
64 S -439.536765847 0
64 T -440.037354578 0
64 V -439.032474894 0
64 W -439.880213978 0
64 Y -436.882388821 0
65 A -440.780212808 1
65 C -437.053843366 0
65 D -430.462717632 0
65 E -434.28619004 0
65 F -434.197909476 0
65 G -437.055611563 0
65 H -433.985991522 0
65 I -431.747210556 0
65 K -429.907424741 0
65 L -431.029138853 0
65 M -433.526182152 0
65 N -431.865949949 0
65 P -374.087985297 0
65 Q -435.481171469 0
65 R -433.124879243 0
65 S -439.674146828 0
65 T -434.556191309 0
65 V -429.808325042 0
65 W -435.391796996 0
65 Y -433.190910653 0
66 A -425.20887583 0
66 C -423.264210629 0
66 D -433.208604913 0
66 E -426.003981253 0
66 F -424.617256666 0
66 G -440.958866261 1
66 H -425.089046524 0
66 I -421.039102964 0
66 K -425.609652747 0
66 L -425.948050563 0
66 M -424.728582603 0
66 N -427.529907844 0
66 P -367.455531298 0
66 Q -425.519894979 0
66 R -425.847956639 0
66 S -431.4454909 0
66 T -421.234813184 0
66 V -420.829923042 0
66 W -423.958239395 0
66 Y -423.86977527 0
67 A -437.575412059 0
67 C -433.99450073 0
67 D -437.651344082 0
67 E -438.774267504 0
67 F -439.136102795 0
67 G -435.637147592 0
67 H -438.522406855 0
67 I -439.18421134 0
67 K -437.10957937 0
67 L -440.993982114 1
67 M -439.445287609 0
67 N -436.32152251 0
67 P -436.726223142 0
67 Q -438.810408175 0
67 R -437.348854655 0
67 S -438.2401711 0
67 T -437.391653672 0
67 V -436.945933774 0
67 W -437.567124659 0
67 Y -438.603013273 0
68 A -440.562755642 0
68 C -439.267832153 0
68 D -442.219900456 0
68 E -443.861970161 0
68 F -440.245893789 0
68 G -440.15759274 0
68 H -444.079209972 0
68 I -440.167022713 0
68 K -442.07079705 0
68 L -441.378006815 0
68 M -440.514246875 0
68 N -441.203711427 0
68 P -436.767695695 0
68 Q -442.515849893 0
68 R -440.982557841 1
68 S -442.551806979 0
68 T -441.433223657 0
68 V -439.996241932 0
68 W -441.887132497 0
68 Y -440.087171211 0
69 A -437.422391471 0
69 C -436.764136819 0
69 D -436.537173007 0
69 E -436.915558051 0
69 F -437.417363008 0
69 G -435.641114379 0
69 H -440.052336469 0
69 I -433.976207961 0
69 K -437.867200166 0
69 L -439.172989952 0
69 M -437.811286547 0
69 N -440.985279026 1
69 P -396.027100754 0
69 Q -437.237010391 0
69 R -439.233212306 0
69 S -436.85047643 0
69 T -435.070540755 0
69 V -430.152193334 0
69 W -435.789900312 0
69 Y -438.170737847 0
70 A -437.281595967 0
70 C -436.074952202 0
70 D -440.404303795 0
70 E -439.389499597 0
70 F -437.341343494 0
70 G -437.451735101 0
70 H -441.006238964 1
70 I -423.100546869 0
70 K -437.28715116 0
70 L -437.942487162 0
70 M -436.896613734 0
70 N -439.977977126 0
70 P -387.726514757 0
70 Q -439.67351112 0
70 R -436.166376787 0
70 S -436.280007972 0
70 T -431.189626191 0
70 V -422.173429508 0
70 W -436.819290563 0
70 Y -429.921101138 0
71 A -432.576679063 0
71 C -432.672679673 0
71 D -433.736149898 0
71 E -430.291189401 0
71 F -433.584630574 1
71 G -429.230954283 0
71 H -438.015578236 0
71 I -398.995707231 0
71 K -422.924980167 0
71 L -431.460102864 0
71 M -433.792238857 0
71 N -435.849320246 0
71 P -380.443869195 0
71 Q -430.002564085 0
71 R -433.945703888 0
71 S -431.200029768 0
71 T -428.510525982 0
71 V -424.019338192 0
71 W -439.83854206 0
71 Y -429.091133152 0
72 A -435.037987746 0
72 C -435.391780299 0
72 D -432.282046823 0
72 E -434.076590613 0
72 F -435.246695638 0
72 G -431.488340732 0
72 H -435.77373518 0
72 I -438.799362467 0
72 K -434.406742234 0
72 L -441.059929778 1
72 M -439.539260808 0
72 N -435.410075818 0
72 P -376.481740855 0
72 Q -437.089039288 0
72 R -435.923501052 0
72 S -434.960659474 0
72 T -435.073846449 0
72 V -437.519662691 0
72 W -431.129317001 0
72 Y -430.719857651 0
73 A -437.346730835 0
73 C -436.380863486 0
73 D -436.16379793 0
73 E -437.634046877 0
73 F -438.440369723 0
73 G -433.209803752 0
73 H -440.986922569 1
73 I -435.276878002 0
73 K -438.499442403 0
73 L -439.606920792 0
73 M -438.914527016 0
73 N -436.68776721 0
73 P -435.656534925 0
73 Q -436.783441771 0
73 R -438.421132012 0
73 S -436.794025833 0
73 T -435.953937005 0
73 V -436.825642626 0
73 W -440.273681089 0
73 Y -438.303473997 0
74 A -436.11729801 0
74 C -434.100858781 0
74 D -436.02929825 0
74 E -436.553723613 0
74 F -434.879446016 0
74 G -434.690305089 0
74 H -436.841271021 0
74 I -436.517281609 0
74 K -439.441386436 0
74 L -437.588771211 0
74 M -435.275740506 0
74 N -435.678563385 0
74 P -440.966856786 1
74 Q -436.037913695 0
74 R -438.707118096 0
74 S -437.052454736 0
74 T -436.239154606 0
74 V -436.12271455 0
74 W -435.864308679 0
74 Y -435.004079539 0
75 A -437.281157729 0
75 C -435.651761195 0
75 D -440.964841764 1
75 E -439.141983644 0
75 F -437.619945983 0
75 G -437.240166741 0
75 H -439.678953127 0
75 I -422.393692153 0
75 K -439.833120359 0
75 L -437.812480642 0
75 M -437.292355614 0
75 N -441.060428372 0
75 P -405.7167056 0
75 Q -437.585299548 0
75 R -439.077200341 0
75 S -438.599477504 0
75 T -433.588030574 0
75 V -424.957555558 0
75 W -436.47420551 0
75 Y -437.295880137 0
76 A -435.348532017 0
76 C -436.524429152 0
76 D -441.074039147 1
76 E -437.17055859 0
76 F -435.951768317 0
76 G -433.325987089 0
76 H -435.452829756 0
76 I -424.628022854 0
76 K -433.427601105 0
76 L -441.107413952 0
76 M -433.753831054 0
76 N -440.848343966 0
76 P -427.916610794 0
76 Q -434.88667725 0
76 R -433.212320271 0
76 S -431.957515217 0
76 T -436.718645147 0
76 V -430.421393437 0
76 W -434.752789318 0
76 Y -430.31729831 0
77 A -438.978652546 0
77 C -437.383254717 0
77 D -439.926125127 0
77 E -437.175987609 1
77 F -439.06316899 0
77 G -438.639938043 0
77 H -442.13427349 0
77 I -438.839265159 0
77 K -440.960430951 0
77 L -439.641332535 0
77 M -438.862281266 0
77 N -439.029610324 0
77 P -440.007814681 0
77 Q -435.746695494 0
77 R -440.364816722 0
77 S -440.960796988 0
77 T -439.435249483 0
77 V -438.292100334 0
77 W -436.172542134 0
77 Y -439.118387296 0
78 A -435.332565204 0
78 C -435.523108887 0
78 D -435.02652625 0
78 E -435.340209763 0
78 F -438.916284488 0
78 G -432.896067999 0
78 H -438.114005789 0
78 I -430.024377941 0
78 K -437.385072869 0
78 L -441.08708942 1
78 M -438.344973255 0
78 N -437.852871614 0
78 P -408.747954566 0
78 Q -437.110602346 0
78 R -439.064919797 0
78 S -435.061911375 0
78 T -436.942451333 0
78 V -432.257636362 0
78 W -439.427063367 0
78 Y -439.584491355 0
79 A -435.710149456 0
79 C -432.29396067 0
79 D -434.39971587 0
79 E -432.617531246 0
79 F -426.541237651 0
79 G -431.143234491 0
79 H -426.833304248 0
79 I -440.849969151 1
79 K -423.704227632 0
79 L -439.453677024 0
79 M -432.485285974 0
79 N -437.175061152 0
79 P -399.962887672 0
79 Q -436.701053869 0
79 R -430.905116078 0
79 S -434.102014201 0
79 T -435.673334981 0
79 V -436.304298654 0
79 W -425.772510988 0
79 Y -424.736647998 0
80 A -433.314960027 0
80 C -431.827924694 0
80 D -433.293318536 0
80 E -433.205101072 0
80 F -431.479070073 0
80 G -429.674627642 0
80 H -435.834616929 0
80 I -441.487567314 1
80 K -430.968906896 0
80 L -438.594998954 0
80 M -434.387249471 0
80 N -433.704568169 0
80 P -403.448050867 0
80 Q -432.252778702 0
80 R -434.953555205 0
80 S -432.569482406 0
80 T -435.250028189 0
80 V -438.102129326 0
80 W -436.030098471 0
80 Y -435.944721204 0
81 A -440.931040476 1
81 C -435.307112525 0
81 D -427.455613826 0
81 E -426.328061682 0
81 F -428.733729019 0
81 G -434.270216113 0
81 H -427.358327047 0
81 I -423.778136218 0
81 K -411.903636895 0
81 L -426.271535345 0
81 M -431.074053082 0
81 N -429.932948626 0
81 P -381.771917966 0
81 Q -429.219811617 0
81 R -422.701687026 0
81 S -437.962310165 0
81 T -435.6614571 0
81 V -434.70026537 0
81 W -422.7108492 0
81 Y -430.09140419 0
82 A -441.055229517 0
82 C -438.955699583 0
82 D -436.20784195 0
82 E -438.034063858 0
82 F -442.075299915 0
82 G -429.197868438 0
82 H -442.898580372 0
82 I -432.072581317 0
82 K -431.349546263 0
82 L -437.202574336 0
82 M -438.140256822 0
82 N -440.459338579 0
82 P -412.832501182 0
82 Q -431.702124236 0
82 R -439.605672261 0
82 S -440.418348919 0
82 T -438.821408786 0
82 V -436.055144189 0
82 W -430.146313708 1
82 Y -434.622175143 0
83 A -432.298702125 0
83 C -426.790968555 0
83 D -424.172627351 0
83 E -428.034470982 0
83 F -418.647176552 0
83 G -425.291112391 0
83 H -430.579178095 0
83 I -422.651961044 0
83 K -413.491793487 0
83 L -428.359931759 0
83 M -431.453202858 0
83 N -433.735844208 0
83 P -388.682118322 0
83 Q -424.794877146 0
83 R -405.97165342 0
83 S -436.176795486 0
83 T -434.239708871 1
83 V -434.814161398 0
83 W -385.682280377 0
83 Y -408.315306262 0
84 A -438.171250895 0
84 C -436.703807588 0
84 D -432.880061609 0
84 E -438.365477113 0
84 F -436.543391567 0
84 G -438.223904065 0
84 H -439.536701166 0
84 I -432.091293766 0
84 K -438.675271626 0
84 L -439.40605336 0
84 M -438.093605993 0
84 N -433.76512945 0
84 P -421.000382763 0
84 Q -437.674685546 0
84 R -441.098272807 1
84 S -423.227564072 0
84 T -433.545077837 0
84 V -432.403227037 0
84 W -431.272566883 0
84 Y -435.939381459 0
85 A -432.11106843 0
85 C -425.410869589 0
85 D -432.532415495 0
85 E -425.829523951 0
85 F -431.948802423 0
85 G -421.285481647 0
85 H -418.451302147 0
85 I -436.908568407 0
85 K -420.182890842 0
85 L -434.048038607 1
85 M -431.674135142 0
85 N -433.243364902 0
85 P -412.903902689 0
85 Q -433.191007959 0
85 R -421.285906501 0
85 S -431.711311135 0
85 T -425.255111849 0
85 V -428.371611109 0
85 W -429.401128842 0
85 Y -420.861667545 0
86 A -431.90100934 0
86 C -432.905755289 0
86 D -421.53461198 0
86 E -425.788234804 0
86 F -416.805106107 0
86 G -423.231978079 0
86 H -422.321660696 0
86 I -441.013901954 1
86 K -425.469888373 0
86 L -437.999349254 0
86 M -429.397998696 0
86 N -431.905065886 0
86 P -387.644824335 0
86 Q -425.940638799 0
86 R -433.799611181 0
86 S -424.964241788 0
86 T -427.475993555 0
86 V -437.143567969 0
86 W -421.936033992 0
86 Y -413.634869723 0
87 A -429.840755381 0
87 C -424.5697748 0
87 D -429.170551434 0
87 E -430.917007622 0
87 F -417.545202887 0
87 G -440.988592153 1
87 H -424.964564558 0
87 I -409.661531281 0
87 K -421.379314111 0
87 L -407.767229181 0
87 M -428.042747019 0
87 N -411.311352858 0
87 P -415.812854092 0
87 Q -430.817967836 0
87 R -420.930801939 0
87 S -430.746793258 0
87 T -422.787856246 0
87 V -404.34299925 0
87 W -414.230590126 0
87 Y -417.2931463 0
88 A -442.134773391 0
88 C -436.612619851 0
88 D -431.316179645 0
88 E -431.97781606 0
88 F -432.553537892 0
88 G -438.757949811 0
88 H -433.245588443 0
88 I -412.288042894 0
88 K -440.018820907 0
88 L -425.251848162 0
88 M -436.97522199 0
88 N -439.532779124 0
88 P -427.339021815 0
88 Q -437.723691465 0
88 R -434.131578756 1
88 S -441.759948444 0
88 T -441.617590144 0
88 V -435.447821577 0
88 W -432.670214453 0
88 Y -433.87597766 0
89 A -434.555213882 0
89 C -432.320437022 0
89 D -437.012411312 0
89 E -435.950863292 0
89 F -437.429445533 0
89 G -440.978612444 1
89 H -437.612650433 0
89 I -421.733754409 0
89 K -437.10184627 0
89 L -436.106162371 0
89 M -434.46078703 0
89 N -438.111042183 0
89 P -385.049854454 0
89 Q -435.364215107 0
89 R -436.549944151 0
89 S -435.901717397 0
89 T -434.590480978 0
89 V -421.386402851 0
89 W -436.041192523 0
89 Y -438.551079638 0
90 A -437.239531751 0
90 C -436.710552403 0
90 D -439.257382255 0
90 E -440.113436945 0
90 F -437.236449491 0
90 G -436.917062425 0
90 H -439.512828979 0
90 I -435.251233899 0
90 K -437.805520937 0
90 L -438.666279576 0
90 M -438.451267173 0
90 N -437.032302445 0
90 P -367.088497984 0
90 Q -440.996603819 1
90 R -431.865484538 0
90 S -436.878114388 0
90 T -435.387662803 0
90 V -418.651769517 0
90 W -436.292979457 0
90 Y -436.973894584 0
91 A -436.678844845 0
91 C -436.147774104 0
91 D -433.576514098 0
91 E -440.984946016 1
91 F -435.354315473 0
91 G -433.421073937 0
91 H -435.799650252 0
91 I -439.08454241 0
91 K -438.346145767 0
91 L -438.614834245 0
91 M -436.875978861 0
91 N -435.048912278 0
91 P -413.106809507 0
91 Q -437.512065517 0
91 R -434.481257693 0
91 S -437.129313286 0
91 T -437.457928823 0
91 V -439.243306644 0
91 W -434.870507978 0
91 Y -417.904650256 0
92 A -434.636495683 0
92 C -432.27532743 0
92 D -441.101254454 1
92 E -434.267324436 0
92 F -433.326982334 0
92 G -430.696215839 0
92 H -429.435153173 0
92 I -433.618711618 0
92 K -431.451363553 0
92 L -421.013976368 0
92 M -430.316479628 0
92 N -433.369616085 0
92 P -390.033864421 0
92 Q -434.041460251 0
92 R -432.653594461 0
92 S -428.652859861 0
92 T -435.121053092 0
92 V -435.504111805 0
92 W -433.854327937 0
92 Y -426.073376471 0
93 A -439.291253996 0
93 C -437.026050238 0
93 D -435.927845394 0
93 E -439.432666537 0
93 F -438.452738428 0
93 G -435.804962743 0
93 H -438.714704051 0
93 I -438.940057225 0
93 K -439.875054761 0
93 L -438.120653807 0
93 M -438.798044148 0
93 N -436.712680735 0
93 P -412.034902134 0
93 Q -441.095107905 1
93 R -443.223631385 0
93 S -439.29312372 0
93 T -439.688110861 0
93 V -439.148963767 0
93 W -439.366570251 0
93 Y -438.297276803 0
94 A -434.592394345 0
94 C -434.77486901 0
94 D -431.383196495 0
94 E -432.224519058 0
94 F -411.798204475 0
94 G -430.122923484 0
94 H -435.765758535 0
94 I -438.396557983 0
94 K -435.007886544 0
94 L -435.160038356 0
94 M -434.571573314 0
94 N -434.490988273 0
94 P -399.832797637 0
94 Q -432.128224466 0
94 R -435.221660486 0
94 S -433.880723982 0
94 T -437.612000245 0
94 V -441.095631712 1
94 W -433.765212584 0
94 Y -429.276270109 0
95 A -436.662888487 0
95 C -436.0759202 0
95 D -433.870812085 0
95 E -438.056921831 0
95 F -429.946929582 0
95 G -432.224410235 0
95 H -437.593913167 0
95 I -440.132603712 0
95 K -437.956699179 0
95 L -441.057574572 1
95 M -438.599531107 0
95 N -436.842110735 0
95 P -425.881709809 0
95 Q -437.130511574 0
95 R -438.703718897 0
95 S -436.665702134 0
95 T -437.770789996 0
95 V -440.044174176 0
95 W -432.644272193 0
95 Y -437.483510573 0
96 A -431.302221442 0
96 C -429.411688952 0
96 D -427.93515907 0
96 E -430.069836043 0
96 F -441.89616283 0
96 G -427.837763681 0
96 H -435.746403183 0
96 I -431.574917093 0
96 K -426.57106497 0
96 L -435.627095788 0
96 M -434.531842119 0
96 N -430.255736189 0
96 P -394.25729276 0
96 Q -433.464414076 0
96 R -431.017440811 0
96 S -431.358424839 0
96 T -432.087808726 0
96 V -432.830750375 0
96 W -442.293303621 0
96 Y -441.106921604 1
97 A -438.543981955 0
97 C -435.48103615 0
97 D -436.202625701 0
97 E -439.391397536 0
97 F -438.615315915 0
97 G -434.751618177 0
97 H -438.119218236 0
97 I -432.957353631 0
97 K -437.926408966 0
97 L -438.538265203 0
97 M -437.521844949 0
97 N -437.340856043 0
97 P -439.115009407 0
97 Q -437.372564933 0
97 R -436.138205668 0
97 S -437.411322972 0
97 T -434.389679899 0
97 V -433.573109314 0
97 W -441.09050143 1
97 Y -438.455863155 0
98 A -438.255213221 0
98 C -439.318226203 0
98 D -434.595153369 0
98 E -433.019921107 0
98 F -428.30276732 0
98 G -435.309769038 0
98 H -426.773432562 0
98 I -438.239459805 0
98 K -432.960434214 0
98 L -438.165872492 0
98 M -436.855717123 0
98 N -439.467910574 0
98 P -387.822107072 0
98 Q -433.805610505 0
98 R -437.128626847 0
98 S -440.140678191 0
98 T -441.920745277 0
98 V -441.104124461 1
98 W -421.912338376 0
98 Y -426.315015434 0
99 A -438.991489594 0
99 C -437.887623277 0
99 D -440.471681096 0
99 E -440.499147792 0
99 F -439.370516894 0
99 G -438.287620987 0
99 H -439.078337089 0
99 I -438.007775542 0
99 K -440.734059402 0
99 L -440.067636407 0
99 M -439.706664415 0
99 N -439.423282479 0
99 P -423.030942964 0
99 Q -439.112631504 0
99 R -440.342205851 0
99 S -441.077494775 1
99 T -439.697596831 0
99 V -437.546267381 0
99 W -441.054731765 0
99 Y -439.21181569 0
100 A -438.678886977 0
100 C -437.677231749 0
100 D -438.915722216 0
100 E -438.750970439 0
100 F -437.662540367 0
100 G -437.19366498 0
100 H -439.123150607 0
100 I -438.140553551 0
100 K -441.09410394 0
100 L -441.037603508 1
100 M -440.20325234 0
100 N -439.064228468 0
100 P -404.235795271 0
100 Q -438.58412986 0
100 R -440.382694788 0
100 S -438.658559872 0
100 T -438.153007278 0
100 V -437.799156733 0
100 W -440.539807845 0
100 Y -437.47642053 0
101 A -430.689738658 0
101 C -431.231597153 0
101 D -431.151366923 0
101 E -433.613176825 0
101 F -434.131861402 0
101 G -426.95227186 0
101 H -431.756211228 0
101 I -436.259914294 0
101 K -425.973286815 0
101 L -441.061764152 1
101 M -434.039943205 0
101 N -432.158967773 0
101 P -392.827366288 0
101 Q -430.814028428 0
101 R -425.927356372 0
101 S -430.353627327 0
101 T -431.129923891 0
101 V -432.955199773 0
101 W -429.184619567 0
101 Y -423.26296848 0
102 A -439.744599143 0
102 C -438.423954856 0
102 D -439.189618311 0
102 E -441.400638057 0
102 F -440.863305981 0
102 G -437.748185807 0
102 H -440.821002991 0
102 I -440.187541427 0
102 K -441.988615079 0
102 L -441.594350759 0
102 M -440.527173327 0
102 N -439.460334824 0
102 P -418.855393107 0
102 Q -440.855287606 0
102 R -441.09664096 1
102 S -440.228919346 0
102 T -440.847992499 0
102 V -441.452713844 0
102 W -439.868000218 0
102 Y -441.176087116 0
103 A -437.932510627 0
103 C -435.866757027 0
103 D -440.971818056 1
103 E -439.709255448 0
103 F -437.734138789 0
103 G -436.672654438 0
103 H -438.057348059 0
103 I -436.899392031 0
103 K -437.357451929 0
103 L -439.30971626 0
103 M -438.478153543 0
103 N -436.6451932 0
103 P -439.175579652 0
103 Q -437.736938503 0
103 R -437.675820943 0
103 S -437.509981693 0
103 T -437.104273981 0
103 V -436.958183279 0
103 W -437.616186542 0
103 Y -437.540958543 0
104 A -432.908562335 0
104 C -431.779574511 0
104 D -434.32152505 0
104 E -433.560545058 0
104 F -433.892662238 0
104 G -440.980898835 1
104 H -434.998548294 0
104 I -419.51453843 0
104 K -435.510795053 0
104 L -433.896052637 0
104 M -432.564377976 0
104 N -435.597818094 0
104 P -363.881308939 0
104 Q -434.149496351 0
104 R -434.743553047 0
104 S -432.872176894 0
104 T -428.117843385 0
104 V -418.893673025 0
104 W -432.124095225 0
104 Y -433.311724612 0
105 A -438.074950035 0
105 C -436.600618197 0
105 D -435.575461883 0
105 E -436.298463441 0
105 F -439.861940614 0
105 G -432.471251253 0
105 H -438.483757137 0
105 I -440.590707876 0
105 K -437.247424555 0
105 L -438.934221601 0
105 M -437.328556523 0
105 N -435.287935095 0
105 P -383.425759567 0
105 Q -436.869234667 0
105 R -439.397885801 0
105 S -436.799464478 0
105 T -439.151344251 0
105 V -440.85859161 1
105 W -439.28301238 0
105 Y -439.239041858 0
106 A -438.376618808 0
106 C -438.576438468 0
106 D -438.998029393 0
106 E -438.689528035 0
106 F -438.860983392 0
106 G -436.299673746 0
106 H -438.401998921 0
106 I -442.399045889 0
106 K -439.144617266 0
106 L -440.310709318 0
106 M -440.265206893 0
106 N -439.119609852 0
106 P -437.352426719 0
106 Q -438.793165772 0
106 R -441.137270096 0
106 S -440.296813745 0
106 T -440.973790368 1
106 V -441.656011046 0
106 W -440.61542171 0
106 Y -438.759237341 0
107 A -429.83399203 0
107 C -430.43509117 0
107 D -428.298608655 0
107 E -428.721165757 0
107 F -439.303469797 0
107 G -426.359033533 0
107 H -435.414254792 0
107 I -432.688270332 0
107 K -429.870404314 0
107 L -435.391232829 0
107 M -432.838189549 0
107 N -431.475834101 0
107 P -404.801362189 0
107 Q -430.570877691 0
107 R -427.038563508 0
107 S -428.714977128 0
107 T -429.941124722 0
107 V -430.734376605 0
107 W -436.639306856 0
107 Y -441.110650804 1
108 A -438.990285154 0
108 C -439.011758643 0
108 D -432.406637023 0
108 E -437.014898451 0
108 F -432.451284152 0
108 G -430.427143459 0
108 H -437.458924561 0
108 I -439.948341095 0
108 K -438.500284109 0
108 L -441.341605656 0
108 M -442.142760903 0
108 N -436.604171427 0
108 P -396.307638895 0
108 Q -438.872115494 0
108 R -435.150053843 0
108 S -437.670363113 0
108 T -440.582385008 0
108 V -437.245223282 1
108 W -435.221059705 0
108 Y -403.826362725 0
109 A -425.985093948 0
109 C -426.539903154 0
109 D -422.937129015 0
109 E -424.542190638 0
109 F -436.957837883 1
109 G -422.192564412 0
109 H -425.649511503 0
109 I -429.043779571 0
109 K -423.924488094 0
109 L -427.441832981 0
109 M -425.980583714 0
109 N -424.735408291 0
109 P -401.973208131 0
109 Q -420.54844572 0
109 R -419.267666948 0
109 S -421.391521956 0
109 T -425.093230151 0
109 V -430.980665493 0
109 W -432.522929056 0
109 Y -439.377733963 0
110 A -425.453829802 0
110 C -431.504963191 0
110 D -419.294421603 0
110 E -424.401256247 0
110 F -433.797633245 1
110 G -422.120904268 0
110 H -424.14049918 0
110 I -418.042726845 0
110 K -425.595657923 0
110 L -432.351729468 0
110 M -433.806673921 0
110 N -425.242693038 0
110 P -369.839695383 0
110 Q -427.906796897 0
110 R -420.635547543 0
110 S -431.753451499 0
110 T -427.323408468 0
110 V -422.73253838 0
110 W -410.95427004 0
110 Y -427.352669128 0
111 A -439.894130227 0
111 C -431.915600207 0
111 D -432.135591205 0
111 E -429.099003934 0
111 F -397.327955371 0
111 G -427.388593221 0
111 H -415.726287305 0
111 I -425.118322117 0
111 K -412.984075701 0
111 L -431.139683424 0
111 M -408.205785193 0
111 N -440.98063277 1
111 P -384.993631095 0
111 Q -427.988301675 0
111 R -414.554935856 0
111 S -430.201886417 0
111 T -430.790602273 0
111 V -433.725060224 0
111 W -395.010484584 0
111 Y -389.745104401 0
112 A -436.094270702 0
112 C -429.073749337 0
112 D -426.659991398 0
112 E -425.521769915 0
112 F -412.145526363 0
112 G -425.735149074 0
112 H -413.380324816 0
112 I -422.148477651 0
112 K -410.155414909 0
112 L -426.249047576 0
112 M -425.991426461 0
112 N -432.320599757 0
112 P -426.604182068 0
112 Q -420.868994182 0
112 R -406.720337688 0
112 S -437.604545352 0
112 T -433.687177857 1
112 V -429.211798599 0
112 W -406.793852457 0
112 Y -413.883547496 0
113 A -429.811075084 0
113 C -428.246857662 0
113 D -426.841187547 0
113 E -434.014681051 0
113 F -434.138766444 1
113 G -423.92643407 0
113 H -437.996588908 0
113 I -425.005906302 0
113 K -433.56056124 0
113 L -435.723028621 0
113 M -437.655961531 0
113 N -434.955087641 0
113 P -413.013858526 0
113 Q -427.909752935 0
113 R -432.499033494 0
113 S -435.146399372 0
113 T -429.797443393 0
113 V -433.929314972 0
113 W -432.031843337 0
113 Y -432.866625917 0
114 A -435.391637145 0
114 C -435.028486003 0
114 D -435.208527088 0
114 E -436.938532914 0
114 F -436.322036076 0
114 G -430.996675673 0
114 H -437.027567802 0
114 I -437.771890319 0
114 K -437.232775837 0
114 L -436.965954898 0
114 M -435.950663884 0
114 N -435.08271225 0
114 P -440.79523899 1
114 Q -435.121696496 0
114 R -437.587201909 0
114 S -435.291157366 0
114 T -435.571340667 0
114 V -437.507365907 0
114 W -435.657890229 0
114 Y -436.133809368 0
115 A -433.704350892 0
115 C -430.220997531 0
115 D -436.607658656 0
115 E -434.966519853 0
115 F -435.153839872 0
115 G -440.97369473 1
115 H -436.221231438 0
115 I -422.59661185 0
115 K -436.275690421 0
115 L -434.638768721 0
115 M -433.319531442 0
115 N -437.333312754 0
115 P -390.528208758 0
115 Q -433.470480752 0
115 R -435.710773481 0
115 S -435.007814694 0
115 T -431.84710968 0
115 V -422.159048305 0
115 W -425.842839839 0
115 Y -427.019673693 0
116 A -440.978146677 0
116 C -432.147809924 0
116 D -437.286842671 0
116 E -426.562888715 0
116 F -435.468139463 0
116 G -437.378077217 0
116 H -435.046028644 0
116 I -424.302677611 0
116 K -427.976922623 0
116 L -440.573655918 0
116 M -441.21449742 0
116 N -432.008356928 0
116 P -361.392195197 0
116 Q -437.309197273 0
116 R -434.151542569 1
116 S -439.370041247 0
116 T -429.758390457 0
116 V -434.433603356 0
116 W -433.349402372 0
116 Y -434.642958945 0
117 A -430.440740345 0
117 C -428.856464162 0
117 D -437.759760774 0
117 E -425.883034112 0
117 F -426.685454014 0
117 G -427.636278196 0
117 H -433.597672635 1
117 I -430.272709301 0
117 K -427.864930975 0
117 L -431.726458225 0
117 M -435.941302026 0
117 N -430.950271206 0
117 P -417.63810589 0
117 Q -434.457541527 0
117 R -426.243549431 0
117 S -431.087679106 0
117 T -426.700872018 0
117 V -436.389215576 0
117 W -428.550037769 0
117 Y -436.13424159 0
118 A -440.486076076 0
118 C -437.672268449 0
118 D -440.925593083 0
118 E -441.463250128 0
118 F -439.822340416 0
118 G -438.401552535 0
118 H -440.559638537 0
118 I -440.160800272 0
118 K -433.47975633 0
118 L -441.580349512 0
118 M -440.02882734 0
118 N -440.972687444 1
118 P -419.35235767 0
118 Q -439.616586111 0
118 R -433.949258866 0
118 S -439.711269726 0
118 T -439.170967042 0
118 V -439.846456392 0
118 W -430.543405377 0
118 Y -439.468887801 0
119 A -437.732394487 0
119 C -426.969536074 0
119 D -429.055661113 0
119 E -438.559127024 0
119 F -430.383596005 0
119 G -435.841579953 0
119 H -430.516628209 0
119 I -439.370647441 0
119 K -431.653928918 0
119 L -433.593917456 1
119 M -437.337577357 0
119 N -439.134906842 0
119 P -403.471297787 0
119 Q -437.947253739 0
119 R -439.506637455 0
119 S -437.525513948 0
119 T -429.135670412 0
119 V -430.211308216 0
119 W -429.838691229 0
119 Y -439.761919202 0
120 A -434.13887143 0
120 C -433.777157697 0
120 D -432.188528122 0
120 E -434.539928184 0
120 F -417.992639063 0
120 G -428.628287398 0
120 H -421.084029229 0
120 I -434.837494581 0
120 K -424.711369629 0
120 L -438.436759653 0
120 M -434.133760573 1
120 N -433.298055722 0
120 P -356.461419414 0
120 Q -432.358357684 0
120 R -423.476054401 0
120 S -431.42809914 0
120 T -431.785935849 0
120 V -436.043814552 0
120 W -413.759466238 0
120 Y -414.803649412 0
121 A -432.580292809 0
121 C -437.473152408 0
121 D -434.018780823 0
121 E -436.951034843 0
121 F -433.850485516 0
121 G -429.278190247 0
121 H -432.722798834 0
121 I -427.435218876 0
121 K -432.007805483 0
121 L -439.019022121 0
121 M -440.229179911 0
121 N -439.866495278 0
121 P -398.266492179 0
121 Q -431.430072596 0
121 R -440.239666563 0
121 S -431.961391587 0
121 T -431.033077061 0
121 V -431.344422678 0
121 W -433.478123329 0
121 Y -441.001475755 1
122 A -425.124926307 0
122 C -400.391351026 0
122 D -397.044200096 0
122 E -394.010878158 0
122 F -397.444080601 0
122 G -440.974641798 1
122 H -401.285268323 0
122 I -386.743240067 0
122 K -393.01387691 0
122 L -405.682412709 0
122 M -400.202979994 0
122 N -400.72816627 0
122 P -351.932763582 0
122 Q -403.068795391 0
122 R -397.360113283 0
122 S -404.122113676 0
122 T -387.468142418 0
122 V -388.43862253 0
122 W -392.941528725 0
122 Y -396.096354086 0
123 A -435.960386722 0
123 C -434.453044512 0
123 D -436.110827341 0
123 E -437.290680517 0
123 F -439.775366371 0
123 G -434.024205754 0
123 H -438.177961075 0
123 I -437.175959567 0
123 K -438.454662877 0
123 L -439.743647182 0
123 M -437.356636747 0
123 N -436.70675186 0
123 P -418.934532284 0
123 Q -436.213840526 0
123 R -438.130316811 0
123 S -436.042013885 0
123 T -436.525190067 0
123 V -436.921116989 0
123 W -439.306563132 0
123 Y -441.432210251 1
124 A -431.926430133 0
124 C -432.289735515 0
124 D -430.621257018 0
124 E -433.840913944 0
124 F -434.704165191 0
124 G -426.765937177 0
124 H -433.926829163 0
124 I -434.637242714 0
124 K -420.476901821 0
124 L -441.058675619 1
124 M -438.277538537 0
124 N -432.992147682 0
124 P -390.283002579 0
124 Q -435.70152582 0
124 R -425.820775288 0
124 S -432.313303569 0
124 T -434.252252358 0
124 V -439.200335912 0
124 W -424.534910393 0
124 Y -434.238935553 0
125 A -436.660756546 0
125 C -436.310142291 0
125 D -436.822765236 0
125 E -439.012071418 0
125 F -439.372734179 0
125 G -433.26157234 0
125 H -438.122982475 0
125 I -439.827175711 0
125 K -438.20858874 0
125 L -441.063160907 1
125 M -438.317425816 0
125 N -437.469170106 0
125 P -398.185517103 0
125 Q -439.875127845 0
125 R -438.69888762 0
125 S -436.131970799 0
125 T -436.283129153 0
125 V -439.761554461 0
125 W -439.9444491 0
125 Y -438.950535948 0
126 A -431.321749739 0
126 C -430.417136235 0
126 D -430.877286725 0
126 E -431.464578659 0
126 F -435.13092843 0
126 G -427.891396656 0
126 H -433.309294931 0
126 I -438.88291188 0
126 K -434.13326294 0
126 L -441.080094539 1
126 M -435.506312602 0
126 N -431.609116424 0
126 P -429.020092295 0
126 Q -433.521013949 0
126 R -434.048504111 0
126 S -431.96013519 0
126 T -433.898472703 0
126 V -437.043879299 0
126 W -429.270962474 0
126 Y -434.44087988 0
127 A -436.902360301 0
127 C -436.410084127 0
127 D -436.354381998 0
127 E -438.936897438 0
127 F -434.840752456 0
127 G -437.230955704 0
127 H -438.710334362 0
127 I -440.67571303 0
127 K -439.182682793 0
127 L -439.889239203 0
127 M -439.166201149 0
127 N -437.772305236 0
127 P -414.37413421 0
127 Q -438.295798135 0
127 R -441.091569771 1
127 S -437.077360694 0
127 T -437.658271555 0
127 V -438.99544514 0
127 W -436.948699538 0
127 Y -434.995346613 0
