1 A -435.529668986 0
1 C -434.327789849 0
1 D -437.139607659 0
1 E -437.028690499 0
1 F -436.255698845 0
1 G -436.110798215 0
1 H -436.99206655 0
1 I -435.617260133 0
1 K -437.201099309 0
1 L -437.31678066 0
1 M -435.832780483 0
1 N -435.305035708 0
1 P -438.432446191 1
1 Q -435.774313095 0
1 R -436.51034695 0
1 S -436.88703724 0
1 T -435.664010803 0
1 V -434.869575502 0
1 W -438.261006698 0
1 Y -436.552360297 0
2 A -438.944289218 1
2 C -439.060527536 1
2 D -438.944289218 1
2 E -439.060527536 1
2 F -439.060527536 1
2 G -439.060527536 1
2 H -438.944289218 1
2 I -439.060527536 1
2 K -438.944289218 1
2 L -438.944289218 1
2 M -439.060527536 1
2 N -439.060527536 1
2 P -439.060527536 1
2 Q -439.060527536 1
2 R -439.060527536 1
2 S -439.060527536 1
2 T -439.060527536 1
2 V -439.060527536 1
2 W -438.944289218 1
2 Y -438.944289218 1
3 A -439.628600179 0
3 C -438.185570799 0
3 D -435.296215442 0
3 E -438.726272583 0
3 F -438.495591186 0
3 G -436.701566339 0
3 H -437.80867238 0
3 I -436.901255915 0
3 K -438.761611817 0
3 L -439.259454367 0
3 M -439.713621718 0
3 N -437.492460162 0
3 P -362.505973884 0
3 Q -438.316475096 0
3 R -439.941611817 0
3 S -439.052151769 1
3 T -438.65285546 0
3 V -438.26429775 0
3 W -436.131258998 0
3 Y -438.016288078 0
4 A -432.507075168 0
4 C -432.02533285 0
4 D -429.906711789 0
4 E -434.640549 0
4 F -432.123328276 0
4 G -428.131546169 0
4 H -434.003877922 0
4 I -439.800687176 0
4 K -432.609438934 0
4 L -435.941341354 0
4 M -434.295967653 0
4 N -431.420019072 0
4 P -387.042217603 0
4 Q -434.788398392 0
4 R -431.67258785 0
4 S -431.993382456 0
4 T -434.567950085 0
4 V -438.942259539 1
4 W -432.052741063 0
4 Y -432.830642229 0
5 A -433.14425991 0
5 C -433.648754838 0
5 D -433.392569857 0
5 E -436.660747735 0
5 F -435.969414382 0
5 G -430.149306079 0
5 H -434.591394758 0
5 I -438.954930205 1
5 K -434.948307697 0
5 L -435.686061632 0
5 M -436.082616354 0
5 N -434.187225174 0
5 P -429.351585858 0
5 Q -435.786250172 0
5 R -435.028564518 0
5 S -433.703049001 0
5 T -436.429631953 0
5 V -438.122693917 0
5 W -436.958616162 0
5 Y -435.562308316 0
6 A -433.040842486 0
6 C -433.678819874 0
6 D -431.716731966 0
6 E -432.915333383 0
6 F -428.318316966 0
6 G -428.515099674 0
6 H -429.092313063 0
6 I -440.536230475 0
6 K -428.193672556 0
6 L -438.973226826 1
6 M -439.053381343 0
6 N -432.115290021 0
6 P -394.404042702 0
6 Q -434.14299415 0
6 R -426.864554918 0
6 S -433.23719269 0
6 T -435.642982766 0
6 V -438.678754937 0
6 W -411.952644541 0
6 Y -424.945573744 0
7 A -432.718495757 0
7 C -432.608484335 0
7 D -431.121772502 0
7 E -431.289384197 0
7 F -439.057098362 0
7 G -428.459849398 0
7 H -435.737730119 0
7 I -438.387068188 0
7 K -431.717669508 0
7 L -436.0470132 0
7 M -433.775187771 0
7 N -433.428230205 0
7 P -411.789975866 0
7 Q -432.720891677 0
7 R -433.4277406 0
7 S -431.896400286 0
7 T -434.149536912 0
7 V -437.892685329 0
7 W -437.354808075 0
7 Y -438.981667691 1
8 A -436.051783884 0
8 C -433.755336609 0
8 D -430.237845852 0
8 E -424.805177716 0
8 F -420.403097563 0
8 G -429.865611571 0
8 H -419.37439933 0
8 I -430.892510501 0
8 K -420.172556014 0
8 L -426.342339975 0
8 M -430.858952897 0
8 N -432.576407419 0
8 P -392.22520975 0
8 Q -430.423263858 0
8 R -418.567106319 0
8 S -435.187106009 0
8 T -435.282488066 0
8 V -439.053260544 1
8 W -407.438911842 0
8 Y -421.298077329 0
9 A -430.853640365 0
9 C -431.374073434 0
9 D -439.05782782 1
9 E -433.494948283 0
9 F -428.370627329 0
9 G -433.461188041 0
9 H -432.293207807 0
9 I -432.555993335 0
9 K -426.890916512 0
9 L -428.232536907 0
9 M -426.387836475 0
9 N -437.513226727 0
9 P -404.764230454 0
9 Q -431.274395098 0
9 R -426.281601704 0
9 S -434.942670203 0
9 T -436.193317284 0
9 V -432.566593086 0
9 W -427.173302641 0
9 Y -428.575354971 0
10 A -430.325298874 0
10 C -430.005677656 0
10 D -438.951696064 1
10 E -434.673689633 0
10 F -430.71736386 0
10 G -427.732695419 0
10 H -434.079350253 0
10 I -430.542068532 0
10 K -428.669576714 0
10 L -430.315674738 0
10 M -429.669532541 0
10 N -431.257835694 0
10 P -423.791689753 0
10 Q -433.188278342 0
10 R -428.660822816 0
10 S -429.913436958 0
10 T -430.801116084 0
10 V -430.547921473 0
10 W -431.371373834 0
10 Y -430.731395061 0
11 A -436.623925647 0
11 C -434.800764117 0
11 D -437.871838744 0
11 E -436.917279203 0
11 F -437.581426002 0
11 G -435.638865465 0
11 H -439.020412997 1
11 I -432.772945839 0
11 K -438.003776486 0
11 L -438.776042601 0
11 M -437.0936054 0
11 N -438.764564329 0
11 P -409.541502415 0
11 Q -436.495387546 0
11 R -440.32029897 0
11 S -436.967308326 0
11 T -435.885833783 0
11 V -435.30978091 0
11 W -436.659999032 0
11 Y -437.375576555 0
12 A -437.509472645 0
12 C -433.203393811 0
12 D -438.098216846 0
12 E -437.97111436 0
12 F -435.696992323 0
12 G -436.293689354 0
12 H -437.337134545 0
12 I -420.958110171 0
12 K -438.356849392 0
12 L -438.05385747 0
12 M -437.393104548 0
12 N -440.151147684 0
12 P -387.728830238 0
12 Q -439.050631446 1
12 R -438.744650853 0
12 S -435.593772342 0
12 T -430.66464542 0
12 V -423.035170572 0
12 W -437.77945239 0
12 Y -435.084035436 0
13 A -436.479984606 0
13 C -436.519369103 0
13 D -433.831213031 0
13 E -436.651412273 0
13 F -437.977854735 0
13 G -433.882409813 0
13 H -437.769483004 0
13 I -436.874020511 0
13 K -437.86205223 0
13 L -439.048508349 1
13 M -437.687000118 0
13 N -437.268858291 0
13 P -410.477299676 0
13 Q -437.794288528 0
13 R -440.824375645 0
13 S -436.200521928 0
13 T -436.13832691 0
13 V -436.798196408 0
13 W -439.039159697 0
13 Y -437.914820003 0
14 A -431.590785264 0
14 C -432.304465995 0
14 D -431.391371767 0
14 E -429.93287679 0
14 F -434.069307584 0
14 G -428.678786759 0
14 H -433.390636433 0
14 I -433.130233064 0
14 K -429.251740873 0
14 L -431.236648339 0
14 M -436.96353843 0
14 N -432.65569303 0
14 P -431.628355436 0
14 Q -432.634020422 0
14 R -431.409967737 0
14 S -430.911238824 0
14 T -434.126886568 0
14 V -431.570337093 0
14 W -437.260271367 0
14 Y -439.062948926 1
15 A -436.929604241 0
15 C -436.381678327 0
15 D -440.931418154 0
15 E -438.658401744 0
15 F -438.971553246 1
15 G -436.58039845 0
15 H -438.126984438 0
15 I -435.889763449 0
15 K -438.822207658 0
15 L -438.366477849 0
15 M -439.11039691 0
15 N -441.223501524 0
15 P -411.635056935 0
15 Q -437.796805455 0
15 R -437.085524548 0
15 S -438.374312786 0
15 T -439.721775664 0
15 V -436.733644065 0
15 W -440.191582309 0
15 Y -438.418991795 0
16 A -436.133973507 0
16 C -432.82744868 0
16 D -435.698786345 0
16 E -434.980306409 0
16 F -433.817630013 0
16 G -433.252216142 0
16 H -434.926934797 0
16 I -435.86613979 0
16 K -436.779559675 0
16 L -434.915941072 0
16 M -436.013297043 0
16 N -436.06298085 0
16 P -391.106650224 0
16 Q -435.16244327 0
16 R -436.191819522 0
16 S -437.983310052 0
16 T -438.935495306 1
16 V -435.098433844 0
16 W -433.619196933 0
16 Y -434.289029557 0
17 A -435.305963623 0
17 C -433.895704992 0
17 D -438.632813318 0
17 E -437.017397246 0
17 F -436.922427445 0
17 G -435.008584946 0
17 H -439.078338859 1
17 I -437.060758775 0
17 K -437.42569263 0
17 L -437.39803592 0
17 M -437.226656932 0
17 N -438.029133888 0
17 P -425.682100657 0
17 Q -436.091970525 0
17 R -438.121476625 0
17 S -437.708990975 0
17 T -438.306217523 0
17 V -437.113258138 0
17 W -436.484967776 0
17 Y -436.951694481 0
18 A -432.716877784 0
18 C -431.845045192 0
18 D -430.83917734 0
18 E -434.99098952 0
18 F -436.463677702 0
18 G -430.086608389 0
18 H -435.495473011 0
18 I -433.638841687 0
18 K -434.281758794 0
18 L -435.90970403 0
18 M -434.169265058 0
18 N -432.608623753 0
18 P -387.648920414 0
18 Q -433.007917481 0
18 R -433.732584959 0
18 S -433.878549846 0
18 T -431.293174194 0
18 V -433.656586834 0
18 W -432.906709817 0
18 Y -439.087738724 1
19 A -423.857541224 0
19 C -428.47884426 0
19 D -424.265480959 0
19 E -432.284892829 0
19 F -428.527602302 0
19 G -422.208575879 0
19 H -428.21552804 0
19 I -438.975608788 1
19 K -419.689311653 0
19 L -436.376007892 0
19 M -432.660587621 0
19 N -425.472075463 0
19 P -382.064697078 0
19 Q -430.473100568 0
19 R -423.993267567 0
19 S -424.365518959 0
19 T -428.936743398 0
19 V -435.366216029 0
19 W -420.935875668 0
19 Y -424.077580107 0
20 A -435.234340746 0
20 C -434.480489712 0
20 D -432.74125453 0
20 E -436.559344935 0
20 F -427.360826743 0
20 G -431.681322634 0
20 H -431.526574055 0
20 I -435.074738392 0
20 K -436.602136385 0
20 L -439.57181097 0
20 M -437.060078271 0
20 N -435.915661031 0
20 P -427.396449932 0
20 Q -436.580122922 0
20 R -438.92130717 1
20 S -435.365698057 0
20 T -434.771806814 0
20 V -438.113782337 0
20 W -432.632040255 0
20 Y -432.590442024 0
21 A -429.800551728 0
21 C -431.373201097 0
21 D -429.695105324 0
21 E -433.47711196 0
21 F -428.799966309 0
21 G -423.394422331 0
21 H -429.146362722 0
21 I -440.713856668 0
21 K -422.750777292 0
21 L -436.146647362 0
21 M -431.895912655 0
21 N -430.529911262 0
21 P -393.792786578 0
21 Q -432.910358264 0
21 R -423.817618811 0
21 S -429.669094241 0
21 T -433.333083744 0
21 V -439.086747686 1
21 W -415.048197512 0
21 Y -422.875193985 0
22 A -431.194675385 0
22 C -430.003489998 0
22 D -439.073608708 1
22 E -434.71859346 0
22 F -430.73299251 0
22 G -428.688764845 0
22 H -432.255351125 0
22 I -432.765134715 0
22 K -430.775763766 0
22 L -432.866428999 0
22 M -432.225665809 0
22 N -433.623410143 0
22 P -431.288757719 0
22 Q -432.260873972 0
22 R -430.222114353 0
22 S -431.044504471 0
22 T -431.072294135 0
22 V -432.080572066 0
22 W -431.008155634 0
22 Y -430.727062314 0
23 A -434.541381417 0
23 C -432.953142729 0
23 D -432.17545124 0
23 E -433.976700206 0
23 F -433.681537252 0
23 G -432.960095607 0
23 H -434.733077994 0
23 I -434.344937072 0
23 K -439.06392194 1
23 L -435.199067073 0
23 M -435.7461449 0
23 N -432.800976886 0
23 P -391.262852904 0
23 Q -434.379228547 0
23 R -436.601586929 0
23 S -434.471527333 0
23 T -432.401547228 0
23 V -433.252237635 0
23 W -435.111093648 0
23 Y -433.39690012 0
24 A -434.287008799 0
24 C -433.117572488 0
24 D -434.044390411 0
24 E -434.196736695 0
24 F -432.498112519 0
24 G -433.60783083 0
24 H -435.358662068 0
24 I -433.175792647 0
24 K -435.574537233 0
24 L -434.546260036 0
24 M -434.014921652 0
24 N -435.471312593 0
24 P -416.391258295 0
24 Q -434.315761556 0
24 R -439.063380655 1
24 S -435.865627372 0
24 T -433.51149969 0
24 V -432.828678773 0
24 W -433.226576456 0
24 Y -432.011931765 0
25 A -439.046613582 1
25 C -438.911727962 1
25 D -438.911727962 1
25 E -438.911727962 1
25 F -439.046613582 1
25 G -439.046613582 1
25 H -438.911727962 1
25 I -439.046613582 1
25 K -439.046613582 1
25 L -439.046613582 1
25 M -438.911727962 1
25 N -439.046613582 1
25 P -439.046613582 1
25 Q -439.046613582 1
25 R -438.911727962 1
25 S -439.046613582 1
25 T -439.046613582 1
25 V -438.911727962 1
25 W -438.911727962 1
25 Y -438.911727962 1
26 A -437.606114758 0
26 C -434.811957429 0
26 D -439.033948902 0
26 E -439.289747002 0
26 F -435.532889176 0
26 G -435.796898911 0
26 H -437.276780367 0
26 I -437.294446869 0
26 K -438.845852519 0
26 L -438.932798897 1
26 M -437.787292394 0
26 N -437.632900021 0
26 P -434.822361548 0
26 Q -437.541817417 0
26 R -438.242657051 0
26 S -438.157748174 0
26 T -437.471834585 0
26 V -437.209884009 0
26 W -436.499268977 0
26 Y -435.916322153 0
27 A -436.532958316 0
27 C -434.411384381 0
27 D -432.596247096 0
27 E -435.364609882 0
27 F -436.872979543 0
27 G -432.073525482 0
27 H -434.942836569 0
27 I -434.78288485 0
27 K -435.034792401 0
27 L -439.043475983 1
27 M -439.787650241 0
27 N -434.60347497 0
27 P -405.186761782 0
27 Q -436.629715326 0
27 R -437.442657452 0
27 S -435.735182674 0
27 T -437.016037427 0
27 V -437.309267665 0
27 W -437.988478783 0
27 Y -436.44937691 0
28 A -427.943045509 0
28 C -427.752919364 0
28 D -427.592400531 0
28 E -429.032135126 0
28 F -438.953248264 1
28 G -422.675617613 0
28 H -433.997297963 0
28 I -432.637778241 0
28 K -424.750805491 0
28 L -429.209611879 0
28 M -431.236717941 0
28 N -429.835784768 0
28 P -388.063286515 0
28 Q -428.22912646 0
28 R -425.29566448 0
28 S -427.659426595 0
28 T -429.605046949 0
28 V -433.013130471 0
28 W -436.737530094 0
28 Y -437.221782318 0
29 A -433.741739038 0
29 C -434.029117464 0
29 D -431.729394886 0
29 E -437.110085913 0
29 F -433.361437974 0
29 G -429.593331643 0
29 H -432.860384243 0
29 I -436.111492123 0
29 K -434.912701902 0
29 L -439.083596298 1
29 M -436.797749672 0
29 N -433.464169812 0
29 P -395.682202436 0
29 Q -434.891171577 0
29 R -434.984610853 0
29 S -433.49947121 0
29 T -434.435067248 0
29 V -435.697738901 0
29 W -428.925956002 0
29 Y -429.837116872 0
30 A -431.172847344 0
30 C -433.184230602 0
30 D -431.687526584 0
30 E -425.962132413 0
30 F -434.079121447 0
30 G -423.867668092 0
30 H -432.333492996 0
30 I -432.458759298 0
30 K -412.60478106 0
30 L -435.025526647 0
30 M -432.29777288 0
30 N -431.752897203 0
30 P -404.511714777 0
30 Q -427.999133692 0
30 R -425.295826603 0
30 S -431.271486492 0
30 T -433.570823304 0
30 V -438.939863269 1
30 W -420.592466605 0
30 Y -432.762758373 0
31 A -433.542933206 0
31 C -433.249141263 0
31 D -432.443490783 0
31 E -434.239352629 0
31 F -434.646423613 0
31 G -427.560647833 0
31 H -434.29162521 0
31 I -439.765296692 0
31 K -431.842351178 0
31 L -435.811306141 0
31 M -435.15362855 0
31 N -435.014374712 0
31 P -401.159883937 0
31 Q -434.289262566 0
31 R -437.384694589 0
31 S -432.722662626 0
31 T -434.338511846 0
31 V -438.933561354 1
31 W -434.748721063 0
31 Y -434.345093826 0
32 A -428.765529694 0
32 C -429.609500867 0
32 D -427.171440952 0
32 E -427.312188876 0
32 F -427.014447919 0
32 G -424.78586885 0
32 H -427.177851681 0
32 I -436.299883291 0
32 K -419.289985106 0
32 L -438.965651403 1
32 M -433.517257966 0
32 N -429.504105211 0
32 P -399.536234892 0
32 Q -430.513051328 0
32 R -419.624354542 0
32 S -429.469469051 0
32 T -431.627964929 0
32 V -435.131771855 0
32 W -414.558929886 0
32 Y -419.788483514 0
33 A -434.273704273 0
33 C -433.928123313 0
33 D -428.976657132 0
33 E -434.960924533 0
33 F -433.358324263 0
33 G -432.808814071 0
33 H -432.928305918 0
33 I -437.323748354 0
33 K -436.734547582 0
33 L -438.939049027 1
33 M -435.482011963 0
33 N -433.865681877 0
33 P -399.307099835 0
33 Q -437.157747905 0
33 R -437.266713567 0
33 S -433.360075092 0
33 T -433.096552145 0
33 V -436.531832327 0
33 W -428.068766404 0
33 Y -433.364242356 0
34 A -433.229027914 0
34 C -433.472957431 0
34 D -434.862848148 0
34 E -424.858978346 0
34 F -435.249159024 0
34 G -424.740871411 0
34 H -438.968437385 1
34 I -431.023795798 0
34 K -425.64015908 0
34 L -422.874764469 0
34 M -432.381038798 0
34 N -438.6566002 0
34 P -385.331970406 0
34 Q -432.031568349 0
34 R -429.399064547 0
34 S -433.41179164 0
34 T -432.887351751 0
34 V -436.831680142 0
34 W -423.209149805 0
34 Y -433.512265963 0
35 A -435.115799408 0
35 C -434.571234897 0
35 D -438.168803437 0
35 E -437.129639055 0
35 F -430.162135809 0
35 G -434.854367014 0
35 H -432.011684902 0
35 I -435.456145883 0
35 K -435.509648707 0
35 L -438.938451362 1
35 M -436.890498307 0
35 N -437.504842164 0
35 P -438.982733378 0
35 Q -436.316696469 0
35 R -435.941169509 0
35 S -436.830595039 0
35 T -436.874569527 0
35 V -435.754056645 0
35 W -429.348907345 0
35 Y -430.340559267 0
36 A -424.724191432 0
36 C -413.75845036 0
36 D -412.328014209 0
36 E -401.462305626 0
36 F -404.060019938 0
36 G -438.940075452 1
36 H -401.221071718 0
36 I -401.825710341 0
36 K -397.631302888 0
36 L -409.502829063 0
36 M -404.948219786 0
36 N -412.650524179 0
36 P -391.287927931 0
36 Q -398.743836331 0
36 R -408.646150363 0
36 S -422.965430394 0
36 T -413.134439317 0
36 V -395.946178593 0
36 W -383.477061968 0
36 Y -400.431560839 0
37 A -436.653005228 0
37 C -436.359474119 0
37 D -438.500376832 0
37 E -439.126429362 0
37 F -438.912216391 1
37 G -436.563573614 0
37 H -439.294830491 0
37 I -438.10257898 0
37 K -439.53135819 0
37 L -439.377395082 0
37 M -437.269792066 0
37 N -438.694575753 0
37 P -424.477087673 0
37 Q -438.334466639 0
37 R -439.071178278 0
37 S -438.303855863 0
37 T -439.112604112 0
37 V -438.272146464 0
37 W -438.674138043 0
37 Y -438.671123453 0
38 A -435.610889549 0
38 C -434.363600297 0
38 D -433.418467286 0
38 E -435.912572154 0
38 F -437.657127898 0
38 G -433.389057243 0
38 H -436.018710948 0
38 I -434.459010266 0
38 K -436.296483652 0
38 L -438.936779417 1
38 M -436.536858545 0
38 N -435.723661866 0
38 P -415.018319959 0
38 Q -435.348459891 0
38 R -435.62052812 0
38 S -433.538450623 0
38 T -432.521783759 0
38 V -434.444963676 0
38 W -437.036678278 0
38 Y -437.094086254 0
39 A -435.125343793 0
39 C -432.652985611 0
39 D -437.209695368 0
39 E -435.874511132 0
39 F -433.1943547 0
39 G -434.735846727 0
39 H -435.16985785 0
39 I -430.891550675 0
39 K -435.117631945 0
39 L -435.545555157 0
39 M -434.551098928 0
39 N -434.614056651 0
39 P -438.928146577 1
39 Q -434.192154834 0
39 R -434.367156092 0
39 S -435.769801165 0
39 T -434.341306946 0
39 V -431.171183523 0
39 W -433.122849475 0
39 Y -433.175943251 0
40 A -437.786499386 0
40 C -435.209287196 0
40 D -437.493699395 0
40 E -436.609886615 0
40 F -435.936287597 0
40 G -435.402578268 0
40 H -438.332570291 0
40 I -439.122995114 0
40 K -438.500919835 0
40 L -438.938222751 1
40 M -438.211494901 0
40 N -436.68199906 0
40 P -437.930758702 0
40 Q -437.217814596 0
40 R -439.938593959 0
40 S -437.645138343 0
40 T -438.968151311 0
40 V -438.670480838 0
40 W -433.417354771 0
40 Y -436.696379845 0
41 A -435.601630059 0
41 C -433.784433209 0
41 D -436.753013603 0
41 E -438.582136065 0
41 F -436.294837589 0
41 G -433.841917819 0
41 H -438.925076781 1
41 I -433.907936298 0
41 K -436.673999611 0
41 L -434.335830054 0
41 M -434.909097411 0
41 N -436.35987506 0
41 P -432.154142677 0
41 Q -436.778542684 0
41 R -436.16325168 0
41 S -436.752619765 0
41 T -433.588092129 0
41 V -433.996335737 0
41 W -437.124113449 0
41 Y -436.189351176 0
42 A -435.993230914 0
42 C -434.960742155 0
42 D -436.734988718 0
42 E -438.057432798 0
42 F -435.05435945 0
42 G -432.619338748 0
42 H -435.426992683 0
42 I -439.702382162 0
42 K -437.964366736 0
42 L -438.922650922 1
42 M -436.813959433 0
42 N -436.215918246 0
42 P -388.613061583 0
42 Q -436.782601258 0
42 R -437.676950726 0
42 S -435.273406903 0
42 T -436.977390988 0
42 V -439.733531273 0
42 W -435.131225562 0
42 Y -435.44219626 0
43 A -438.233683228 0
43 C -434.355517133 0
43 D -435.831603127 0
43 E -434.367356751 0
43 F -432.048492964 0
43 G -433.664846552 0
43 H -434.377440815 0
43 I -430.742995403 0
43 K -433.383746911 0
43 L -427.620183855 0
43 M -436.009195961 0
43 N -439.050593396 1
43 P -362.120007075 0
43 Q -435.79063247 0
43 R -436.218709381 0
43 S -435.197328139 0
43 T -434.707872057 0
43 V -434.150641271 0
43 W -425.45901053 0
43 Y -434.040324445 0
44 A -434.045088829 0
44 C -418.237517011 0
44 D -409.827220096 0
44 E -410.777561516 0
44 F -401.775587783 0
44 G -438.946133681 1
44 H -405.070271231 0
44 I -398.893920824 0
44 K -395.930266711 0
44 L -401.811043438 0
44 M -414.382771379 0
44 N -415.7637056 0
44 P -418.927273139 0
44 Q -410.013543257 0
44 R -403.907460835 0
44 S -424.941501476 0
44 T -414.935845709 0
44 V -405.232337366 0
44 W -399.199004742 0
44 Y -393.08733349 0
45 A -439.041436125 1
45 C -438.051016858 0
45 D -430.458564719 0
45 E -426.372619511 0
45 F -434.120973784 0
45 G -435.278210598 0
45 H -437.277454235 0
45 I -432.915588151 0
45 K -425.204757714 0
45 L -431.303181183 0
45 M -433.088480968 0
45 N -436.643363044 0
45 P -395.371054778 0
45 Q -422.66225638 0
45 R -429.341238527 0
45 S -436.428003006 0
45 T -436.091800802 0
45 V -434.219755542 0
45 W -412.664994306 0
45 Y -435.718536254 0
46 A -433.728223359 0
46 C -433.654174206 0
46 D -432.684686696 0
46 E -425.204742025 0
46 F -416.837545618 0
46 G -430.227064521 0
46 H -417.894397225 0
46 I -426.976574996 0
46 K -421.650037391 0
46 L -430.783066867 0
46 M -423.545454013 0
46 N -438.930873343 1
46 P -411.750487973 0
46 Q -430.219233536 0
46 R -427.494358648 0
46 S -434.163236075 0
46 T -433.85194323 0
46 V -433.147829429 0
46 W -414.070873685 0
46 Y -411.122426719 0
47 A -426.938586419 0
47 C -427.066436755 0
47 D -428.405660948 0
47 E -427.440233702 0
47 F -437.24390209 0
47 G -421.070405895 0
47 H -432.270852388 0
47 I -429.94417548 0
47 K -426.45211307 0
47 L -431.62139857 0
47 M -427.917498684 0
47 N -429.656848523 0
47 P -392.383077506 0
47 Q -426.354427407 0
47 R -431.560918209 0
47 S -428.461669236 0
47 T -427.525895616 0
47 V -430.095608361 0
47 W -439.045958735 1
47 Y -436.561181391 0
48 A -430.22721599 0
48 C -431.467750114 0
48 D -426.481646459 0
48 E -425.245805278 0
48 F -420.278701711 0
48 G -423.8502802 0
48 H -421.523132145 0
48 I -428.957503984 0
48 K -422.903487231 0
48 L -432.764237058 0
48 M -430.145266391 0
48 N -430.307249104 0
48 P -368.814211239 0
48 Q -419.957467755 0
48 R -423.530345169 0
48 S -429.41570928 0
48 T -433.521040449 0
48 V -438.962779404 1
48 W -407.368358393 0
48 Y -416.63497415 0
49 A -429.464602209 0
49 C -429.57481534 0
49 D -424.257296996 0
49 E -430.44453646 0
49 F -433.984959218 0
49 G -424.573254001 0
49 H -429.921163832 0
49 I -434.522139657 0
49 K -420.853350109 0
49 L -438.974414271 1
49 M -434.873791999 0
49 N -429.458783237 0
49 P -389.022798189 0
49 Q -432.790839133 0
49 R -415.742281062 0
49 S -429.048706301 0
49 T -429.324389411 0
49 V -432.036247087 0
49 W -421.049696264 0
49 Y -426.939834452 0
50 A -439.137224624 0
50 C -437.235133329 0
50 D -427.334258339 0
50 E -416.769691252 0
50 F -401.306794155 0
50 G -434.93151619 0
50 H -399.725881484 0
50 I -418.776111061 0
50 K -400.732533665 0
50 L -422.068784939 0
50 M -418.182216755 0
50 N -431.650557769 0
50 P -399.842218347 0
50 Q -422.253678243 0
50 R -395.825689359 0
50 S -438.952712171 1
50 T -437.947083667 0
50 V -431.455147913 0
50 W -387.781617428 0
50 Y -399.689473922 0
51 A -437.204180917 0
51 C -436.531362211 0
51 D -435.607420989 0
51 E -438.940630415 1
51 F -437.893027627 0
51 G -434.422821184 0
51 H -436.381768219 0
51 I -435.053912188 0
51 K -437.867711731 0
51 L -437.76290147 0
51 M -439.111322521 0
51 N -436.897074795 0
51 P -434.462743857 0
51 Q -437.952096471 0
51 R -439.54158181 0
51 S -438.433732378 0
51 T -439.553105915 0
51 V -435.518580713 0
51 W -438.940348252 0
51 Y -437.448810859 0
52 A -436.294550111 0
52 C -431.884016815 0
52 D -433.607221023 0
52 E -437.57832492 0
52 F -435.546652626 0
52 G -432.911846297 0
52 H -435.046950327 0
52 I -436.937066803 0
52 K -435.99421408 0
52 L -438.939615635 1
52 M -435.817620122 0
52 N -434.202730504 0
52 P -382.531435318 0
52 Q -435.08342038 0
52 R -439.527201263 0
52 S -435.366008405 0
52 T -433.550548493 0
52 V -435.974084066 0
52 W -435.146357443 0
52 Y -435.534201036 0
53 A -440.649522561 0
53 C -437.013017948 0
53 D -441.578795836 0
53 E -437.771428354 0
53 F -436.08498698 0
53 G -438.946434082 1
53 H -436.780231625 0
53 I -439.199830064 0
53 K -441.074878699 0
53 L -440.725239284 0
53 M -439.559300324 0
53 N -440.385316246 0
53 P -432.061619387 0
53 Q -439.499989447 0
53 R -437.418710784 0
53 S -440.657643678 0
53 T -440.019064086 0
53 V -439.537002329 0
53 W -435.267408806 0
53 Y -436.069376238 0
54 A -436.513514059 0
54 C -433.263771711 0
54 D -436.611962795 0
54 E -434.330962497 0
54 F -436.475967897 0
54 G -434.046260843 0
54 H -436.629281052 0
54 I -430.894416315 0
54 K -436.105217503 0
54 L -437.471101507 0
54 M -435.037724382 0
54 N -437.19380256 0
54 P -415.178487539 0
54 Q -435.120232214 0
54 R -434.582153015 0
54 S -435.862382077 0
54 T -435.036831081 0
54 V -433.307809007 0
54 W -438.935944172 1
54 Y -436.497401493 0
55 A -434.59901033 1
55 C -437.782562336 0
55 D -433.88168704 0
55 E -436.541167385 0
55 F -442.858182434 0
55 G -436.321857389 0
55 H -434.249955251 0
55 I -432.109156987 0
55 K -439.830182444 0
55 L -437.820908954 0
55 M -439.508412383 0
55 N -436.261082989 0
55 P -384.545114813 0
55 Q -435.880736305 0
55 R -434.847030265 0
55 S -436.810212632 0
55 T -431.552127904 0
55 V -438.939235921 0
55 W -441.970093886 0
55 Y -441.532056394 0
56 A -437.180534088 0
56 C -434.065952091 0
56 D -438.764388252 0
56 E -438.945534656 1
56 F -436.862459085 0
56 G -435.883150499 0
56 H -437.548297204 0
56 I -437.64156936 0
56 K -438.222324774 0
56 L -438.288461973 0
56 M -437.569812957 0
56 N -437.31123281 0
56 P -432.79097725 0
56 Q -436.622782567 0
56 R -433.491937485 0
56 S -437.537129701 0
56 T -437.368213238 0
56 V -437.540145381 0
56 W -439.07346978 0
56 Y -437.005356522 0
57 A -436.712129622 0
57 C -432.715163698 0
57 D -437.253207876 0
57 E -439.01155556 0
57 F -435.099807026 0
57 G -433.86443181 0
57 H -436.669879011 0
57 I -436.424369538 0
57 K -437.130536807 0
57 L -438.94709625 1
57 M -438.047808789 0
57 N -436.010845311 0
57 P -418.076965541 0
57 Q -434.505111717 0
57 R -434.165970733 0
57 S -435.981212412 0
57 T -436.879908971 0
57 V -436.825012888 0
57 W -436.054927823 0
57 Y -435.033870696 0
58 A -428.958805811 0
58 C -433.146651413 0
58 D -428.926983216 0
58 E -429.207978302 0
58 F -418.475908176 0
58 G -425.61706933 0
58 H -430.374690186 0
58 I -439.629392793 0
58 K -423.100259312 0
58 L -433.019915269 0
58 M -430.17297679 0
58 N -427.747094674 0
58 P -384.658412767 0
58 Q -427.347931861 0
58 R -426.766846269 0
58 S -431.683076483 0
58 T -434.798199683 0
58 V -438.937759893 1
58 W -410.904224761 0
58 Y -424.10703321 0
59 A -434.970850049 0
59 C -434.589820362 0
59 D -433.225875404 0
59 E -435.370529174 0
59 F -435.905672217 0
59 G -427.587137637 0
59 H -431.567574233 0
59 I -440.075019571 0
59 K -433.527384928 0
59 L -438.160936846 0
59 M -437.653053061 0
59 N -435.600975893 0
59 P -375.878161789 0
59 Q -435.865645152 0
59 R -434.243965754 0
59 S -429.174836941 0
59 T -435.82709406 0
59 V -439.065679215 1
59 W -437.689292165 0
59 Y -431.662348588 0
60 A -437.599239835 0
60 C -435.057234204 0
60 D -437.506658993 0
60 E -440.386079568 0
60 F -437.33523477 0
60 G -436.374518657 0
60 H -440.120800523 0
60 I -439.810622945 0
60 K -434.288055432 0
60 L -439.274052258 0
60 M -438.391310703 0
60 N -437.439652579 0
60 P -378.091097059 0
60 Q -437.845474979 0
60 R -439.960611492 0
60 S -437.444946513 0
60 T -439.000731434 0
60 V -438.944356164 1
60 W -438.772623395 0
60 Y -437.105872382 0
61 A -437.030845869 0
61 C -433.829646244 0
61 D -436.902232317 0
61 E -437.556039549 0
61 F -435.71783361 0
61 G -434.556279833 0
61 H -437.042343001 0
61 I -434.824554653 0
61 K -437.756777549 0
61 L -439.210720425 0
61 M -438.716910187 0
61 N -437.041679769 0
61 P -379.875013266 0
61 Q -435.98391754 0
61 R -438.945011014 1
61 S -436.087209502 0
61 T -434.372398822 0
61 V -435.113921672 0
61 W -439.865491689 0
61 Y -435.631738591 0
62 A -424.123759914 0
62 C -419.838214879 0
62 D -417.168704816 0
62 E -404.186724327 0
62 F -409.604224019 0
62 G -438.951987635 1
62 H -404.430087978 0
62 I -384.395020476 0
62 K -400.545367189 0
62 L -396.694918554 0
62 M -401.85407244 0
62 N -415.522275691 0
62 P -343.693524534 0
62 Q -402.791247027 0
62 R -370.156975994 0
62 S -427.74966587 0
62 T -409.68932438 0
62 V -394.4120884 0
62 W -407.134070695 0
62 Y -405.900201873 0
63 A -437.347239936 0
63 C -435.912716408 0
63 D -436.47867357 0
63 E -439.352803823 0
63 F -438.656353379 0
63 G -435.310775072 0
63 H -438.109174463 0
63 I -438.949610988 1
63 K -437.319493879 0
63 L -436.498499803 0
63 M -438.543800523 0
63 N -437.023437744 0
63 P -380.539412922 0
63 Q -436.864476183 0
63 R -437.332920252 0
63 S -436.406255925 0
63 T -437.280827598 0
63 V -437.894225137 0
63 W -438.556589477 0
63 Y -436.553098084 0
64 A -437.383054205 0
64 C -435.998852466 0
64 D -437.546540176 0
64 E -438.267989963 0
64 F -436.178671242 0
64 G -436.373080546 0
64 H -437.604171972 0
64 I -435.016101347 0
64 K -438.712854158 0
64 L -439.134617268 0
64 M -437.271418937 0
64 N -438.25907437 0
64 P -397.793487007 0
64 Q -437.70042844 0
64 R -434.353906388 1
64 S -437.336604269 0
64 T -436.790882437 0
64 V -434.947489928 0
64 W -437.95735376 0
64 Y -435.896047415 0
65 A -438.940856796 1
65 C -434.985489411 0
65 D -428.025627019 0
65 E -432.280226894 0
65 F -427.51389122 0
65 G -434.998317591 0
65 H -431.778806084 0
65 I -429.956750785 0
65 K -431.054952688 0
65 L -428.978167306 0
65 M -431.170313362 0
65 N -429.818948152 0
65 P -372.090762121 0
65 Q -433.338795605 0
65 R -431.103926402 0
65 S -437.79388193 0
65 T -432.745592926 0
65 V -427.788137426 0
65 W -428.945729346 0
65 Y -431.073513456 0
66 A -422.311543526 0
66 C -421.225974031 0
66 D -427.392635075 0
66 E -423.492856867 0
66 F -421.571347244 0
66 G -438.929382362 1
66 H -423.193824629 0
66 I -418.206443501 0
66 K -423.764309574 0
66 L -423.143333923 0
66 M -422.104184245 0
66 N -424.705895775 0
66 P -365.174740679 0
66 Q -423.325662766 0
66 R -423.716630019 0
66 S -429.292333731 0
66 T -419.128793072 0
66 V -418.58347862 0
66 W -421.252862525 0
66 Y -420.978637334 0
67 A -436.914549719 0
67 C -433.774909006 0
67 D -437.750290773 0
67 E -437.987567887 0
67 F -435.874191204 0
67 G -434.623166423 0
67 H -437.66859635 0
67 I -437.981470924 0
67 K -436.6883344 0
67 L -438.926065272 1
67 M -437.876861581 0
67 N -435.726274297 0
67 P -435.924985201 0
67 Q -436.982723427 0
67 R -437.113958188 0
67 S -437.187323352 0
67 T -437.245112743 0
67 V -436.82482178 0
67 W -436.565338111 0
67 Y -434.939775352 0
68 A -438.039474328 0
68 C -436.746246368 0
68 D -439.696571742 0
68 E -441.371155487 0
68 F -437.71388034 0
68 G -437.613498301 0
68 H -441.535721096 0
68 I -437.663940932 0
68 K -439.527775119 0
68 L -438.858667115 0
68 M -437.989472893 0
68 N -438.692211597 0
68 P -433.946807459 0
68 Q -439.998088052 0
68 R -438.448024367 0
68 S -440.021089206 0
68 T -438.921679411 1
68 V -437.48218129 0
68 W -439.373222329 0
68 Y -437.555597683 0
69 A -435.572127736 0
69 C -434.425996948 0
69 D -434.643476523 0
69 E -435.386536043 0
69 F -435.610772967 0
69 G -433.889030219 0
69 H -436.549458082 0
69 I -431.715045853 0
69 K -435.692083052 0
69 L -434.695118032 0
69 M -435.55864958 0
69 N -438.930241096 1
69 P -393.421578094 0
69 Q -435.018147818 0
69 R -437.424601438 0
69 S -435.072640783 0
69 T -432.943796394 0
69 V -427.939461107 0
69 W -435.046035749 0
69 Y -435.188062801 0
70 A -435.223094369 0
70 C -434.017394988 0
70 D -438.077023398 0
70 E -437.354232047 0
70 F -435.437866927 0
70 G -435.641211525 0
70 H -438.949920497 1
70 I -421.101491766 0
70 K -435.341894267 0
70 L -436.191195218 0
70 M -434.852383853 0
70 N -438.165462322 0
70 P -385.555727313 0
70 Q -437.635365092 0
70 R -434.123533696 0
70 S -434.330354815 0
70 T -429.128711599 0
70 V -419.964460379 0
70 W -435.200557128 0
70 Y -434.950784088 0
71 A -433.31114752 0
71 C -433.058601621 0
71 D -434.193922069 0
71 E -427.668535812 0
71 F -439.307957166 0
71 G -429.766347478 0
71 H -437.23135558 0
71 I -420.843747654 0
71 K -429.782314793 0
71 L -430.92853536 0
71 M -434.2678468 0
71 N -436.037185712 0
71 P -381.509081761 0
71 Q -429.168598458 0
71 R -434.318858887 0
71 S -431.896090408 0
71 T -429.162855272 0
71 V -424.202862694 0
71 W -438.186216736 0
71 Y -439.039322777 1
72 A -431.932407675 0
72 C -432.183651087 0
72 D -428.89223025 0
72 E -431.535252897 0
72 F -433.61331572 0
72 G -429.055473173 0
72 H -428.636387563 0
72 I -437.607387656 0
72 K -431.896233689 0
72 L -438.925870824 1
72 M -437.461756382 0
72 N -431.981363996 0
72 P -364.63264503 0
72 Q -434.056125032 0
72 R -433.894479816 0
72 S -432.434808737 0
72 T -433.23200118 0
72 V -435.358013128 0
72 W -434.338011384 0
72 Y -428.53512551 0
73 A -435.989549083 0
73 C -434.901620163 0
73 D -434.283275152 0
73 E -436.071085066 0
73 F -436.600974914 0
73 G -432.047753356 0
73 H -438.947694558 1
73 I -433.21785738 0
73 K -436.571930949 0
73 L -437.668629959 0
73 M -437.840470325 0
73 N -434.978440192 0
73 P -433.867515384 0
73 Q -435.308749508 0
73 R -437.113154362 0
73 S -435.467307775 0
73 T -434.527693016 0
73 V -435.003168846 0
73 W -437.500107153 0
73 Y -436.699920844 0
74 A -434.042288394 0
74 C -432.0425281 0
74 D -433.921640586 0
74 E -434.492016996 0
74 F -432.3462469 0
74 G -432.600944403 0
74 H -434.37551436 0
74 I -434.428783888 0
74 K -437.397848081 0
74 L -435.517342523 0
74 M -433.215356812 0
74 N -433.612664283 0
74 P -438.916879578 1
74 Q -433.979683204 0
74 R -436.578023928 0
74 S -434.985162833 0
74 T -434.155357566 0
74 V -434.075963387 0
74 W -429.133700718 0
74 Y -432.977587987 0
75 A -435.319140694 0
75 C -433.684015414 0
75 D -438.938903893 1
75 E -437.198685747 0
75 F -435.550524785 0
75 G -435.153221766 0
75 H -437.717856422 0
75 I -420.45259024 0
75 K -437.777880391 0
75 L -435.867329815 0
75 M -435.192886185 0
75 N -439.085098413 0
75 P -403.688370168 0
75 Q -435.647534991 0
75 R -437.018754222 0
75 S -436.633733242 0
75 T -431.647411612 0
75 V -423.023396347 0
75 W -434.393154189 0
75 Y -435.217420074 0
76 A -431.422960656 0
76 C -433.537099176 0
76 D -438.950522546 1
76 E -435.845569091 0
76 F -430.02072373 0
76 G -427.402360888 0
76 H -430.009486009 0
76 I -433.599159742 0
76 K -427.024885895 0
76 L -431.430648905 0
76 M -433.90446684 0
76 N -437.694528842 0
76 P -425.845455848 0
76 Q -429.664289845 0
76 R -429.301570662 0
76 S -432.108145793 0
76 T -433.439726248 0
76 V -431.601912574 0
76 W -429.991399878 0
76 Y -427.995878867 0
77 A -437.895767208 0
77 C -436.338057193 0
77 D -439.119078944 0
77 E -435.848811602 0
77 F -437.903978245 0
77 G -437.546252454 0
77 H -440.833159809 0
77 I -437.730460958 0
77 K -439.796450116 0
77 L -434.074243404 0
77 M -437.74912019 0
77 N -438.367795694 0
77 P -434.464326995 1
77 Q -438.495331757 0
77 R -438.814797976 0
77 S -439.919906026 0
77 T -438.336749044 0
77 V -437.189405448 0
77 W -438.134841773 0
77 Y -437.856545052 0
78 A -435.926416561 0
78 C -435.024155059 0
78 D -437.090681836 0
78 E -436.919770323 0
78 F -436.20422362 0
78 G -432.862045408 0
78 H -438.968636553 0
78 I -425.8183244 0
78 K -435.143682717 0
78 L -438.94772484 1
78 M -436.044362312 0
78 N -434.895075799 0
78 P -405.992203385 0
78 Q -438.077552108 0
78 R -433.986521643 0
78 S -434.784069645 0
78 T -434.255225312 0
78 V -431.384951899 0
78 W -435.253007255 0
78 Y -435.185783098 0
79 A -432.594400526 0
79 C -433.779595482 0
79 D -432.120085259 0
79 E -429.972181738 0
79 F -423.277045907 0
79 G -428.33467961 0
79 H -423.351725895 0
79 I -439.627396468 0
79 K -424.181790094 0
79 L -436.41407375 0
79 M -426.555186363 0
79 N -434.538509049 0
79 P -397.23320844 0
79 Q -433.553975424 0
79 R -430.990372414 0
79 S -427.33812678 0
79 T -434.423733621 0
79 V -434.603310288 1
79 W -422.313428454 0
79 Y -417.449191222 0
80 A -430.864464522 0
80 C -429.66745999 0
80 D -431.511076775 0
80 E -431.495834851 0
80 F -434.017435828 0
80 G -427.524728622 0
80 H -433.210327016 0
80 I -438.937525391 1
80 K -433.899009889 0
80 L -436.558458155 0
80 M -433.149923413 0
80 N -431.764380099 0
80 P -401.422607688 0
80 Q -430.970851968 0
80 R -432.966009664 0
80 S -430.505166982 0
80 T -433.044063237 0
80 V -435.922673615 0
80 W -433.097377663 0
80 Y -434.459768379 0
81 A -438.98988946 1
81 C -432.825173655 0
81 D -425.35157396 0
81 E -425.892779951 0
81 F -424.653239374 0
81 G -432.095185323 0
81 H -416.621610888 0
81 I -420.801328209 0
81 K -423.227132842 0
81 L -421.272771884 0
81 M -427.712182145 0
81 N -428.624495255 0
81 P -380.004821754 0
81 Q -426.7547178 0
81 R -409.437714921 0
81 S -435.629645394 0
81 T -433.087231037 0
81 V -432.17751026 0
81 W -392.793386727 0
81 Y -417.85549186 0
82 A -438.018286299 0
82 C -435.860395359 0
82 D -433.30988904 0
82 E -434.739615505 0
82 F -438.953711778 1
82 G -433.488716826 0
82 H -439.689918345 0
82 I -429.561875166 0
82 K -435.430729344 0
82 L -434.728953244 0
82 M -434.644154233 0
82 N -437.039821742 0
82 P -409.481803974 0
82 Q -435.448687165 0
82 R -436.600657484 0
82 S -437.403790491 0
82 T -435.628382048 0
82 V -432.253480179 0
82 W -437.754933926 0
82 Y -438.402669044 0
83 A -430.136450741 0
83 C -431.335751087 0
83 D -428.553138938 0
83 E -425.856250689 0
83 F -422.879330238 0
83 G -429.933936314 0
83 H -428.23032336 0
83 I -427.39126569 0
83 K -417.428804253 0
83 L -432.870038413 0
83 M -429.731348798 0
83 N -431.57193181 0
83 P -396.441016243 0
83 Q -429.248952352 0
83 R -407.600740731 0
83 S -434.013472766 0
83 T -438.958782381 1
83 V -432.833459236 0
83 W -384.093977948 0
83 Y -412.305640329 0
84 A -436.026251375 0
84 C -434.581744388 0
84 D -435.127079597 0
84 E -436.187550704 0
84 F -434.532033361 0
84 G -436.097745495 0
84 H -437.415946378 0
84 I -432.574784369 0
84 K -436.523221627 0
84 L -437.322072422 0
84 M -435.951322831 0
84 N -436.045960892 0
84 P -424.284117525 0
84 Q -435.427689023 0
84 R -438.947666803 1
84 S -437.799079915 0
84 T -435.791301291 0
84 V -434.659207207 0
84 W -435.331723061 0
84 Y -433.947789032 0
85 A -430.350834908 0
85 C -433.15434355 0
85 D -432.163310738 0
85 E -431.940431778 0
85 F -425.732060496 0
85 G -429.552788741 0
85 H -430.242351595 0
85 I -436.234770437 0
85 K -422.126167362 0
85 L -441.741808876 0
85 M -438.969836923 1
85 N -433.408803093 0
85 P -418.041555116 0
85 Q -432.440513599 0
85 R -424.997221294 0
85 S -431.04870869 0
85 T -432.44759889 0
85 V -435.346733595 0
85 W -426.547349069 0
85 Y -424.341193591 0
86 A -429.651193505 0
86 C -430.681239929 0
86 D -426.152924039 0
86 E -427.645911816 0
86 F -423.513293964 0
86 G -427.73016672 0
86 H -427.189977796 0
86 I -438.942394901 1
86 K -430.081840052 0
86 L -435.773646507 0
86 M -433.886851411 0
86 N -429.716903217 0
86 P -392.22531109 0
86 Q -430.64785469 0
86 R -431.622091729 0
86 S -429.565124467 0
86 T -432.22822086 0
86 V -435.180359689 0
86 W -426.474112259 0
86 Y -419.921802525 0
87 A -427.78214378 0
87 C -426.90513745 0
87 D -427.507059129 0
87 E -429.606059171 0
87 F -425.512083642 0
87 G -438.95624022 1
87 H -427.510609519 0
87 I -410.725483659 0
87 K -426.896685002 0
87 L -423.190806513 0
87 M -425.410076749 0
87 N -425.634338672 0
87 P -417.961287911 0
87 Q -429.164687971 0
87 R -424.346745296 0
87 S -423.935353161 0
87 T -425.066307046 0
87 V -404.352957304 0
87 W -420.999070965 0
87 Y -425.383764498 0
88 A -438.930308375 1
88 C -433.256114511 0
88 D -427.61998453 0
88 E -428.692180186 0
88 F -429.21202854 0
88 G -435.507811293 0
88 H -430.027751496 0
88 I -409.004185475 0
88 K -436.809536491 0
88 L -421.935223605 0
88 M -433.803129247 0
88 N -436.357315099 0
88 P -424.203206965 0
88 Q -432.790369073 0
88 R -437.786181767 0
88 S -438.509154706 0
88 T -438.372775508 0
88 V -432.146176222 0
88 W -429.532744539 0
88 Y -430.19896395 0
89 A -432.490559174 0
89 C -430.392561487 0
89 D -434.749863717 0
89 E -433.628982189 0
89 F -435.59196132 0
89 G -438.882721308 1
89 H -435.653607773 0
89 I -419.524559754 0
89 K -435.363431913 0
89 L -434.184755033 0
89 M -432.647843078 0
89 N -436.330313872 0
89 P -382.73369894 0
89 Q -433.583741475 0
89 R -434.855200409 0
89 S -433.974586296 0
89 T -432.867514119 0
89 V -419.446511183 0
89 W -433.823347239 0
89 Y -435.077231414 0
90 A -435.102517055 0
90 C -434.581951099 0
90 D -437.258377269 0
90 E -438.012802579 0
90 F -435.064973903 0
90 G -434.743792099 0
90 H -437.544814411 0
90 I -433.172426455 0
90 K -435.664773403 0
90 L -436.598973595 0
90 M -436.679205515 0
90 N -434.880016351 0
90 P -364.931572343 0
90 Q -438.944156066 1
90 R -436.56016007 0
90 S -434.752779766 0
90 T -433.289554821 0
90 V -433.30231897 0
90 W -435.349457111 0
90 Y -434.7568782 0
91 A -432.848852225 0
91 C -432.841082117 0
91 D -431.076684958 0
91 E -438.928448226 1
91 F -432.076528853 0
91 G -429.451526939 0
91 H -431.905625374 0
91 I -435.63537178 0
91 K -435.010315484 0
91 L -434.642886984 0
91 M -433.57177052 0
91 N -431.217420905 0
91 P -409.217488311 0
91 Q -436.488890577 0
91 R -434.50274338 0
91 S -433.248147712 0
91 T -434.014282673 0
91 V -435.794298441 0
91 W -430.978839012 0
91 Y -431.068643419 0
92 A -431.74136273 0
92 C -430.049148263 0
92 D -438.943601612 1
92 E -432.459095152 0
92 F -431.13945007 0
92 G -428.528453178 0
92 H -431.659773799 0
92 I -431.435844458 0
92 K -429.555516674 0
92 L -423.430968195 0
92 M -428.138485984 0
92 N -431.216585952 0
92 P -386.99545633 0
92 Q -431.861464077 0
92 R -430.798103808 0
92 S -430.878893263 0
92 T -432.938263121 0
92 V -433.305096044 0
92 W -430.731395099 0
92 Y -430.742611924 0
93 A -435.068784025 0
93 C -432.744633987 0
93 D -431.669470672 0
93 E -435.180674616 0
93 F -434.215380841 0
93 G -431.552308685 0
93 H -434.492414285 0
93 I -434.665473953 0
93 K -435.637323764 0
93 L -433.2666026 0
93 M -434.611176102 0
93 N -432.536026239 0
93 P -407.761997531 0
93 Q -436.794052091 0
93 R -438.952354467 1
93 S -435.054992197 0
93 T -435.425766139 0
93 V -434.874619447 0
93 W -435.026451614 0
93 Y -434.043366351 0
94 A -432.412068666 0
94 C -432.592974099 0
94 D -429.185121848 0
94 E -430.208350922 0
94 F -425.34931339 0
94 G -427.899400166 0
94 H -433.586444516 0
94 I -436.227298449 0
94 K -432.633018306 0
94 L -432.358287455 0
94 M -431.269641701 0
94 N -432.270526868 0
94 P -397.42576101 0
94 Q -429.948340586 0
94 R -431.14153549 0
94 S -431.781829261 0
94 T -435.452397789 0
94 V -438.919435855 1
94 W -430.524129288 0
94 Y -431.434060619 0
95 A -433.780698901 0
95 C -433.456795669 0
95 D -431.179252433 0
95 E -436.092977078 0
95 F -435.395233707 0
95 G -429.585459528 0
95 H -433.334907275 0
95 I -437.889799088 0
95 K -436.010267369 0
95 L -439.054548047 1
95 M -436.551110507 0
95 N -433.843288895 0
95 P -423.065978334 0
95 Q -435.081587483 0
95 R -436.033874225 0
95 S -433.865575134 0
95 T -435.691421733 0
95 V -437.473878259 0
95 W -432.665203752 0
95 Y -435.177861703 0
96 A -429.360898698 0
96 C -427.377542761 0
96 D -426.203714266 0
96 E -428.260454251 0
96 F -439.313085262 0
96 G -426.144199929 0
96 H -433.889270591 0
96 I -428.952685948 0
96 K -427.029779138 0
96 L -433.601401235 0
96 M -432.508047386 0
96 N -428.382134422 0
96 P -392.28591568 0
96 Q -431.691515407 0
96 R -429.294013714 0
96 S -429.486923272 0
96 T -429.94757022 0
96 V -432.05247793 0
96 W -439.394576315 0
96 Y -438.899820822 1
97 A -435.91649697 0
97 C -433.614183924 0
97 D -435.08686253 0
97 E -437.96897533 0
97 F -436.812583608 0
97 G -433.948722486 0
97 H -434.935890068 0
97 I -433.200926404 0
97 K -435.885299083 0
97 L -436.072401719 0
97 M -435.453220149 0
97 N -434.769483327 0
97 P -436.613124963 0
97 Q -434.939520698 0
97 R -435.108682072 0
97 S -436.577637574 0
97 T -431.677259708 0
97 V -433.013710097 0
97 W -438.929226252 1
97 Y -436.74402442 0
98 A -436.230347505 0
98 C -437.290330704 0
98 D -432.59979354 0
98 E -429.520548968 0
98 F -425.807542848 0
98 G -433.276437558 0
98 H -425.020604451 0
98 I -436.203598983 0
98 K -430.947545126 0
98 L -436.047675378 0
98 M -432.084639733 0
98 N -437.42581743 0
98 P -385.871116085 0
98 Q -431.205857322 0
98 R -435.017957975 0
98 S -438.138275144 0
98 T -439.802912107 0
98 V -439.07957864 1
98 W -419.884897715 0
98 Y -409.471186448 0
99 A -436.936969521 0
99 C -435.364261589 0
99 D -438.492797823 0
99 E -438.537094964 0
99 F -437.144010102 0
99 G -436.226225412 0
99 H -437.125717934 0
99 I -436.097767169 0
99 K -438.427538212 0
99 L -438.372575882 0
99 M -437.527517426 0
99 N -437.55247761 0
99 P -420.983757396 0
99 Q -436.831397451 0
99 R -438.292258154 0
99 S -439.051464387 1
99 T -437.690408343 0
99 V -435.107307446 0
99 W -439.150734808 0
99 Y -437.028223898 0
100 A -437.338845719 0
100 C -436.35538041 0
100 D -437.501057615 0
100 E -437.430274805 0
100 F -436.224384621 0
100 G -435.827922394 0
100 H -437.761566631 0
100 I -436.767896562 0
100 K -439.748463494 0
100 L -439.755419125 0
100 M -438.88886686 0
100 N -437.687290333 0
100 P -403.147506003 0
100 Q -437.193971765 0
100 R -439.100301729 1
100 S -437.313498611 0
100 T -436.705553079 0
100 V -436.442572808 0
100 W -439.252496241 0
100 Y -436.01849227 0
101 A -429.736524281 0
101 C -429.959136821 0
101 D -429.996108623 0
101 E -432.737618537 0
101 F -431.974797825 0
101 G -426.071569062 0
101 H -431.243156296 0
101 I -434.387852128 0
101 K -426.275712429 0
101 L -438.940601237 1
101 M -436.452185324 0
101 N -430.716177916 0
101 P -388.676230627 0
101 Q -431.565971986 0
101 R -430.831196912 0
101 S -429.400524229 0
101 T -429.775725286 0
101 V -431.476184405 0
101 W -427.060172693 0
101 Y -429.06257219 0
102 A -437.089603984 0
102 C -435.766490144 0
102 D -436.521286923 0
102 E -438.735222854 0
102 F -438.241502573 0
102 G -435.090664641 0
102 H -438.148471242 0
102 I -437.543399255 0
102 K -439.332147132 0
102 L -438.935468236 1
102 M -437.875833627 0
102 N -436.80828804 0
102 P -416.289184483 0
102 Q -438.183768001 0
102 R -438.732560051 0
102 S -437.586353629 0
102 T -438.203506292 0
102 V -438.824492295 0
102 W -437.178214307 0
102 Y -438.478148933 0
103 A -435.915933851 0
103 C -433.852225246 0
103 D -438.933208604 1
103 E -437.700149733 0
103 F -435.709882312 0
103 G -434.651699754 0
103 H -435.732118343 0
103 I -434.907188281 0
103 K -435.24278027 0
103 L -435.813597408 0
103 M -436.464280354 0
103 N -434.63493797 0
103 P -437.641577931 0
103 Q -435.707075945 0
103 R -435.324942892 0
103 S -435.490197471 0
103 T -435.044503258 0
103 V -434.972819098 0
103 W -435.457000925 0
103 Y -435.370726927 0
104 A -430.870000049 0
104 C -429.728401967 0
104 D -431.899793324 0
104 E -431.521975633 0
104 F -431.866806775 0
104 G -438.917979839 1
104 H -432.98863786 0
104 I -417.495450738 0
104 K -433.496126822 0
104 L -431.869797227 0
104 M -430.537794234 0
104 N -433.563947313 0
104 P -361.844408273 0
104 Q -432.126835742 0
104 R -432.731097148 0
104 S -430.842381961 0
104 T -427.064818636 0
104 V -416.887770296 0
104 W -430.141535457 0
104 Y -431.28970216 0
105 A -433.748294054 0
105 C -433.201580377 0
105 D -431.267688152 0
105 E -433.42087588 0
105 F -437.194559863 0
105 G -429.368209512 0
105 H -436.392109137 0
105 I -438.914002258 0
105 K -435.698972438 0
105 L -436.959495377 0
105 M -434.755611586 0
105 N -433.194460967 0
105 P -381.110838339 0
105 Q -433.820412307 0
105 R -437.538612472 0
105 S -433.686115223 0
105 T -436.377795917 0
105 V -438.947426052 1
105 W -435.486699928 0
105 Y -436.937039743 0
106 A -434.874388305 0
106 C -434.385668588 0
106 D -435.772183959 0
106 E -436.17785482 0
106 F -434.732330125 0
106 G -432.326960541 0
106 H -434.931505564 0
106 I -438.935788087 1
106 K -436.305168616 0
106 L -437.013310932 0
106 M -436.68426367 0
106 N -435.600631184 0
106 P -434.050153435 0
106 Q -434.831936915 0
106 R -436.404571414 0
106 S -435.428381074 0
106 T -437.318493894 0
106 V -438.22184765 0
106 W -435.487393337 0
106 Y -434.567872719 0
107 A -427.726810176 0
107 C -427.797966938 0
107 D -426.278587992 0
107 E -426.823379996 0
107 F -437.140700161 0
107 G -424.19162325 0
107 H -433.123363483 0
107 I -430.502367468 0
107 K -427.881326671 0
107 L -432.809572448 0
107 M -430.175653224 0
107 N -429.44370335 0
107 P -402.432639665 0
107 Q -428.605058009 0
107 R -424.964552477 0
107 S -426.623040598 0
107 T -426.835020724 0
107 V -428.873059688 0
107 W -429.658528327 0
107 Y -438.940819002 1
108 A -434.984290499 0
108 C -432.961166987 0
108 D -428.240768375 0
108 E -434.289158312 0
108 F -413.782764535 0
108 G -429.938569035 0
108 H -415.784574462 0
108 I -438.964223692 1
108 K -432.581624698 0
108 L -433.955416624 0
108 M -432.953509946 0
108 N -432.749910327 0
108 P -396.144171494 0
108 Q -430.674091023 0
108 R -433.58634537 0
108 S -433.651652904 0
108 T -435.445067003 0
108 V -438.56829348 0
108 W -434.965665074 0
108 Y -408.789955582 0
109 A -427.824436816 0
109 C -426.592818968 0
109 D -425.096673546 0
109 E -426.507123301 0
109 F -439.03908379 1
109 G -423.466266035 0
109 H -430.982035867 0
109 I -430.167689158 0
109 K -425.828397684 0
109 L -433.280217617 0
109 M -432.408728987 0
109 N -426.109293569 0
109 P -397.093627345 0
109 Q -427.91301974 0
109 R -423.721854669 0
109 S -426.344291156 0
109 T -427.036651103 0
109 V -428.813000671 0
109 W -429.727948096 0
109 Y -437.402055854 0
110 A -427.779838244 0
110 C -423.226764698 0
110 D -420.549676631 0
110 E -428.033633816 0
110 F -439.035565582 1
110 G -424.496034374 0
110 H -432.516193406 0
110 I -426.275065144 0
110 K -424.227282173 0
110 L -433.093060147 0
110 M -432.104349023 0
110 N -423.303995793 0
110 P -375.584159979 0
110 Q -428.933542239 0
110 R -425.132738276 0
110 S -427.847115458 0
110 T -427.983308562 0
110 V -422.021956088 0
110 W -417.428641306 0
110 Y -438.640516732 0
111 A -437.533403514 0
111 C -437.724290693 0
111 D -435.665933454 0
111 E -424.435084179 0
111 F -404.745715907 0
111 G -433.078958004 0
111 H -421.803036779 0
111 I -424.498239228 0
111 K -417.356992904 0
111 L -428.927007391 0
111 M -413.086728474 0
111 N -439.030377318 1
111 P -392.481355907 0
111 Q -425.230558014 0
111 R -421.823625276 0
111 S -436.524950789 0
111 T -437.610616096 0
111 V -439.597093457 0
111 W -405.240484418 0
111 Y -391.944818216 0
112 A -433.17292691 0
112 C -433.583615255 0
112 D -431.480274715 0
112 E -428.069623387 0
112 F -417.774558955 0
112 G -429.895345784 0
112 H -418.973135322 0
112 I -428.994884766 0
112 K -419.947641463 0
112 L -433.762000044 0
112 M -431.38550348 0
112 N -431.791941662 0
112 P -420.163109568 0
112 Q -429.286490865 0
112 R -413.743101658 0
112 S -435.220192567 0
112 T -439.053504892 1
112 V -435.588508419 0
112 W -406.468424077 0
112 Y -412.948942721 0
113 A -434.275227278 0
113 C -432.608691631 0
113 D -431.202785566 0
113 E -432.38447514 0
113 F -439.075235063 1
113 G -428.689254378 0
113 H -435.32481496 0
113 I -429.342986396 0
113 K -431.180666459 0
113 L -433.504441603 0
113 M -435.774102592 0
113 N -432.652676229 0
113 P -410.645024517 0
113 Q -432.541571442 0
113 R -432.121168372 0
113 S -432.52885373 0
113 T -433.365337654 0
113 V -428.837877308 0
113 W -433.00701462 0
113 Y -436.867262771 0
114 A -433.559130343 0
114 C -431.648814409 0
114 D -434.386399183 0
114 E -435.591268488 0
114 F -433.696395504 0
114 G -430.61967995 0
114 H -433.653213519 0
114 I -433.995951842 0
114 K -435.306516128 0
114 L -433.989880493 0
114 M -432.707263492 0
114 N -433.783247636 0
114 P -439.054475618 1
114 Q -433.299296665 0
114 R -434.128877338 0
114 S -433.720737051 0
114 T -433.717072445 0
114 V -433.604450043 0
114 W -432.764385923 0
114 Y -433.764254851 0
115 A -432.013174985 0
115 C -428.350912236 0
115 D -436.629671513 0
115 E -434.576383378 0
115 F -433.130440187 0
115 G -439.053292815 1
115 H -435.689204259 0
115 I -420.852231837 0
115 K -434.228315772 0
115 L -434.033427493 0
115 M -431.685310369 0
115 N -437.1897886 0
115 P -370.128922974 0
115 Q -432.677457366 0
115 R -433.776134086 0
115 S -433.309501678 0
115 T -431.218037179 0
115 V -420.483032 0
115 W -431.653002999 0
115 Y -433.556505395 0
116 A -436.229156057 0
116 C -434.534958554 0
116 D -434.296544783 0
116 E -431.501128585 0
116 F -437.693845516 0
116 G -431.905483812 0
116 H -437.557913254 0
116 I -420.738038537 0
116 K -433.024456427 0
116 L -436.691943093 0
116 M -435.66629771 0
116 N -435.357611805 0
116 P -365.821943783 0
116 Q -433.096675776 0
116 R -439.031859912 1
116 S -434.751377053 0
116 T -434.826151686 0
116 V -430.581676934 0
116 W -432.667296571 0
116 Y -435.167522655 0
117 A -436.629481158 0
117 C -433.859304583 0
117 D -436.755929065 0
117 E -436.968215024 0
117 F -438.586378061 0
117 G -434.171554359 0
117 H -439.06012544 1
117 I -432.033754618 0
117 K -435.512031649 0
117 L -428.291492013 0
117 M -433.165947502 0
117 N -436.310122067 0
117 P -423.387290833 0
117 Q -435.48366498 0
117 R -435.714032222 0
117 S -437.514681779 0
117 T -432.555615342 0
117 V -433.465218905 0
117 W -438.975457496 0
117 Y -437.60442416 0
118 A -438.5399763 0
118 C -435.824366344 0
118 D -439.363719513 0
118 E -439.636519263 0
118 F -438.002155097 0
118 G -436.546797069 0
118 H -438.656537564 0
118 I -438.286543555 0
118 K -439.074902452 0
118 L -439.802791296 0
118 M -438.219214598 0
118 N -439.158408412 0
118 P -417.130047251 0
118 Q -437.653654873 0
118 R -439.004181775 1
118 S -437.784779565 0
118 T -437.414339346 0
118 V -438.028988442 0
118 W -438.12575617 0
118 Y -437.845107137 0
119 A -435.321372653 0
119 C -433.984086298 0
119 D -437.250294208 0
119 E -436.636224793 0
119 F -440.076880583 0
119 G -433.53801495 0
119 H -439.287347379 0
119 I -437.697526398 0
119 K -438.264394991 0
119 L -439.036493895 1
119 M -437.48114746 0
119 N -436.83962933 0
119 P -400.531994283 0
119 Q -435.91683298 0
119 R -438.554996223 0
119 S -436.240976047 0
119 T -437.314731326 0
119 V -437.159282805 0
119 W -436.957438609 0
119 Y -437.451276818 0
120 A -432.523420199 0
120 C -432.016703723 0
120 D -430.430291401 0
120 E -432.650681888 0
120 F -399.765824025 0
120 G -427.563586651 0
120 H -423.617284653 0
120 I -431.084835863 0
120 K -425.440864213 0
120 L -436.55053806 0
120 M -439.008454277 1
120 N -431.661781654 0
120 P -354.942254823 0
120 Q -431.421188895 0
120 R -421.755280721 0
120 S -429.796111375 0
120 T -430.061681536 0
120 V -432.602544205 0
120 W -416.826259421 0
120 Y -398.110506444 0
121 A -437.184853603 0
121 C -435.103640115 0
121 D -431.098407452 0
121 E -434.941427522 0
121 F -439.385391048 0
121 G -433.877793746 0
121 H -437.802427095 0
121 I -431.848786923 0
121 K -436.778059705 0
121 L -436.583232435 0
121 M -435.769280169 0
121 N -437.635655367 0
121 P -396.199470807 0
121 Q -436.732122369 0
121 R -437.612816629 0
121 S -436.975787633 0
121 T -432.026728519 0
121 V -431.973991359 0
121 W -439.370258149 0
121 Y -439.069713358 1
122 A -422.462185391 0
122 C -397.672731483 0
122 D -394.862144218 0
122 E -388.511146885 0
122 F -396.513327169 0
122 G -439.04028202 1
122 H -396.947283223 0
122 I -382.405204257 0
122 K -389.883983188 0
122 L -402.955052347 0
122 M -401.864773357 0
122 N -398.772149259 0
122 P -345.890850345 0
122 Q -400.705485915 0
122 R -390.489801865 0
122 S -399.618871764 0
122 T -383.741247214 0
122 V -385.799830474 0
122 W -388.807942871 0
122 Y -394.350513865 0
123 A -435.854699508 0
123 C -434.200946765 0
123 D -436.461696227 0
123 E -436.978057371 0
123 F -439.143515378 0
123 G -434.377913826 0
123 H -438.344332767 0
123 I -437.619061587 0
123 K -437.287155676 0
123 L -439.909445192 0
123 M -438.751795435 0
123 N -436.824744355 0
123 P -418.975339589 0
123 Q -436.537933908 0
123 R -438.159203207 0
123 S -436.21155381 0
123 T -436.035041574 0
123 V -436.114303795 0
123 W -438.338378462 0
123 Y -439.060432377 1
124 A -432.067932905 0
124 C -432.26385214 0
124 D -430.835514306 0
124 E -436.695352473 0
124 F -434.952040675 0
124 G -426.8995743 0
124 H -433.934412204 0
124 I -435.000488363 0
124 K -426.657437237 0
124 L -441.103670279 0
124 M -432.969050489 0
124 N -433.005937886 0
124 P -390.357161638 0
124 Q -435.758336352 0
124 R -425.304767153 0
124 S -432.14266233 0
124 T -434.419748704 0
124 V -438.962303312 1
124 W -431.010856168 0
124 Y -434.117574433 0
125 A -435.32797842 0
125 C -434.55198024 0
125 D -438.138142503 0
125 E -438.945022218 1
125 F -432.470074025 0
125 G -431.517876012 0
125 H -438.17071867 0
125 I -435.029578335 0
125 K -433.36804222 0
125 L -432.423488917 0
125 M -433.514117761 0
125 N -436.768872234 0
125 P -391.962003763 0
125 Q -437.066515117 0
125 R -432.230204948 0
125 S -434.554647901 0
125 T -433.929100213 0
125 V -435.730556682 0
125 W -431.421601056 0
125 Y -432.439409475 0
126 A -429.144345251 0
126 C -429.191516118 0
126 D -428.735243507 0
126 E -429.425460505 0
126 F -433.100768086 0
126 G -425.751140452 0
126 H -431.277993197 0
126 I -436.739096366 0
126 K -432.60436776 0
126 L -438.938646215 1
126 M -433.336890324 0
126 N -430.201992305 0
126 P -426.606705059 0
126 Q -431.453832436 0
126 R -432.19186832 0
126 S -429.806161912 0
126 T -431.721162792 0
126 V -434.526552515 0
126 W -427.798587803 0
126 Y -432.271148638 0
127 A -435.898676255 0
127 C -435.088703151 0
127 D -434.415764294 0
127 E -436.084029251 0
127 F -434.823241789 0
127 G -435.421798806 0
127 H -437.182324851 0
127 I -438.154936437 0
127 K -437.924822605 0
127 L -436.207908343 0
127 M -437.685388849 0
127 N -435.359679582 0
127 P -405.176405649 0
127 Q -435.590817039 0
127 R -439.035956486 1
127 S -435.494777907 0
127 T -436.247776818 0
127 V -438.298447506 0
127 W -437.223868209 0
127 Y -434.232213421 0
