1 A -435.344026522 0
1 C -433.86175508 0
1 D -436.723996788 0
1 E -436.644331756 0
1 F -437.975325164 0
1 G -437.755722323 0
1 H -436.557534483 0
1 I -435.148727785 0
1 K -438.834421107 0
1 L -436.93008521 1
1 M -437.592556357 0
1 N -435.413717251 0
1 P -438.517929945 0
1 Q -437.548134021 0
1 R -435.985190403 0
1 S -436.469759875 0
1 T -435.158903797 0
1 V -434.388544002 0
1 W -439.896149133 0
1 Y -438.189107988 0
2 A -439.085206159 1
2 C -436.963082521 1
2 D -439.085206159 1
2 E -439.091993858 1
2 F -439.085206159 1
2 G -439.091993858 1
2 H -436.963082521 1
2 I -435.220408351 1
2 K -439.085206159 1
2 L -439.091993858 1
2 M -439.091993858 1
2 N -435.223238336 1
2 P -436.963082521 1
2 Q -439.085206159 1
2 R -439.085206159 1
2 S -436.963082521 1
2 T -439.091993858 1
2 V -439.085206159 1
2 W -436.963082521 1
2 Y -439.085206159 1
3 A -439.738448532 0
3 C -437.384922091 0
3 D -435.672343133 0
3 E -438.323819464 0
3 F -439.095922383 1
3 G -436.641669017 0
3 H -438.271006238 0
3 I -433.15308827 0
3 K -438.218831296 0
3 L -438.620500571 0
3 M -438.553793162 0
3 N -437.382428024 0
3 P -359.353372205 0
3 Q -435.961582683 0
3 R -440.205399549 0
3 S -439.278788866 0
3 T -437.657918035 0
3 V -437.266887354 0
3 W -435.193937054 0
3 Y -436.47288926 0
4 A -434.045227513 0
4 C -433.599761498 0
4 D -431.665083096 0
4 E -433.96082944 0
4 F -435.71579191 0
4 G -429.73624273 0
4 H -435.266392116 0
4 I -439.074102531 1
4 K -433.715855222 0
4 L -437.505871243 0
4 M -433.952898689 0
4 N -432.957126197 0
4 P -388.198495249 0
4 Q -433.853960285 0
4 R -430.697122167 0
4 S -433.412665973 0
4 T -436.024145015 0
4 V -438.442289279 0
4 W -433.000959836 0
4 Y -428.078159735 0
5 A -432.891616663 0
5 C -432.733916116 0
5 D -433.931394882 0
5 E -436.60140003 0
5 F -436.303216375 0
5 G -429.504332382 0
5 H -434.858375628 0
5 I -439.109238998 1
5 K -435.302624228 0
5 L -436.046296664 0
5 M -435.574634365 0
5 N -434.506300914 0
5 P -428.621120209 0
5 Q -435.551003148 0
5 R -436.096270313 0
5 S -433.179135129 0
5 T -435.395643642 0
5 V -438.379117547 0
5 W -436.709296686 0
5 Y -436.102955176 0
6 A -432.907295565 0
6 C -433.665719184 0
6 D -431.777031391 0
6 E -433.655398959 0
6 F -421.502760802 0
6 G -428.365860145 0
6 H -416.382170363 0
6 I -441.076469827 0
6 K -428.384859608 0
6 L -439.113915859 0
6 M -431.724955039 0
6 N -424.751971472 0
6 P -394.639288478 0
6 Q -433.861294971 0
6 R -421.341594105 0
6 S -433.193720316 0
6 T -435.597015362 0
6 V -431.553264577 1
6 W -407.006241368 0
6 Y -418.488853671 0
7 A -433.662493427 0
7 C -433.131436604 0
7 D -431.889653767 0
7 E -433.339260265 0
7 F -439.24466576 0
7 G -432.016225164 0
7 H -436.386718774 0
7 I -437.906103325 0
7 K -436.389117907 0
7 L -437.877210258 0
7 M -434.294633909 0
7 N -425.669158192 0
7 P -413.475873674 0
7 Q -425.294074484 0
7 R -428.883947408 0
7 S -433.66397285 0
7 T -435.013834804 0
7 V -437.976630259 0
7 W -431.162036757 0
7 Y -431.539554368 1
8 A -434.414495233 0
8 C -433.608075256 0
8 D -422.61446919 0
8 E -424.161179815 0
8 F -410.666775687 0
8 G -428.6536407 0
8 H -422.328312942 0
8 I -431.821074111 0
8 K -420.450189839 0
8 L -429.345031266 0
8 M -423.403326214 0
8 N -432.858441759 0
8 P -386.053476168 0
8 Q -431.217536024 0
8 R -412.334981598 0
8 S -428.522651523 0
8 T -435.126491444 0
8 V -431.565358387 1
8 W -397.325342456 0
8 Y -418.241034577 0
9 A -423.650299097 0
9 C -431.436352273 0
9 D -439.091633559 1
9 E -426.944672217 0
9 F -429.725862274 0
9 G -426.474521067 0
9 H -425.466481327 0
9 I -423.186631104 0
9 K -430.471570128 0
9 L -433.408438873 0
9 M -423.626764971 0
9 N -437.818787618 0
9 P -405.070912289 0
9 Q -427.785637388 0
9 R -433.861896356 0
9 S -427.823773581 0
9 T -428.935686714 0
9 V -431.778080355 0
9 W -430.932376941 0
9 Y -423.810464828 0
10 A -420.603462452 0
10 C -427.117705308 0
10 D -439.063016615 1
10 E -425.283976885 0
10 F -429.932160758 0
10 G -427.282677574 0
10 H -433.315876997 0
10 I -427.935518939 0
10 K -422.836016911 0
10 L -428.980303231 0
10 M -427.978024562 0
10 N -431.4648251 0
10 P -422.535887547 0
10 Q -431.660231899 0
10 R -429.500986695 0
10 S -429.802445941 0
10 T -429.452631689 0
10 V -427.810779843 0
10 W -423.719693789 0
10 Y -429.958075381 0
11 A -429.642212287 0
11 C -427.926496975 0
11 D -431.182361465 0
11 E -438.355727234 0
11 F -430.783622961 0
11 G -429.290678011 0
11 H -432.237815357 0
11 I -428.057112692 0
11 K -439.006179955 0
11 L -439.523851394 0
11 M -437.837121777 0
11 N -439.844421625 0
11 P -401.00426543 0
11 Q -429.762144329 0
11 R -439.104999952 1
11 S -430.243737396 0
11 T -436.63314742 0
11 V -435.123594179 0
11 W -437.790271203 0
11 Y -438.521679844 0
12 A -429.142002426 0
12 C -428.148136724 0
12 D -437.708306294 0
12 E -430.214083473 0
12 F -435.440423823 0
12 G -435.940593953 0
12 H -437.148448791 0
12 I -413.000755006 0
12 K -437.901011168 0
12 L -429.982150464 0
12 M -437.30971016 0
12 N -431.977452975 0
12 P -377.290403017 0
12 Q -439.093815951 1
12 R -430.554808834 0
12 S -434.973997658 0
12 T -422.344663537 0
12 V -422.939391131 0
12 W -437.417720032 0
12 Y -425.379647437 0
13 A -427.057645059 0
13 C -427.029516427 0
13 D -432.176070855 0
13 E -435.067817898 0
13 F -428.615376784 0
13 G -432.2280306 0
13 H -436.052396534 0
13 I -437.97407571 0
13 K -435.97978889 0
13 L -432.056258939 0
13 M -435.930799381 0
13 N -435.520908173 0
13 P -400.50111754 0
13 Q -436.090623426 0
13 R -439.089044281 1
13 S -434.390182266 0
13 T -434.379002684 0
13 V -435.061951375 0
13 W -429.62756852 0
13 Y -436.181021613 0
14 A -430.252956036 0
14 C -431.030148852 0
14 D -430.463398829 0
14 E -430.797445505 0
14 F -439.065945938 1
14 G -428.452769465 0
14 H -433.672252553 0
14 I -434.74013376 0
14 K -427.40542608 0
14 L -432.992153144 0
14 M -434.621703273 0
14 N -430.961690579 0
14 P -430.353890611 0
14 Q -431.741015867 0
14 R -430.704749336 0
14 S -430.246194955 0
14 T -433.34595425 0
14 V -432.387736696 0
14 W -438.057211205 0
14 Y -431.635771381 0
15 A -437.567026092 0
15 C -429.873964425 0
15 D -435.054176933 0
15 E -430.544657665 0
15 F -431.340963747 0
15 G -437.382536794 0
15 H -431.546517181 0
15 I -437.288877674 0
15 K -432.434080792 0
15 L -431.405266712 1
15 M -439.594743541 0
15 N -434.847772709 0
15 P -412.212081532 0
15 Q -438.58256785 0
15 R -433.910928423 0
15 S -439.314903927 0
15 T -432.918204182 0
15 V -430.967189868 0
15 W -432.245768785 0
15 Y -440.123928672 0
16 A -434.168503523 0
16 C -434.197290199 0
16 D -433.618026467 0
16 E -433.474359608 0
16 F -426.508949548 0
16 G -425.45896467 0
16 H -432.517274111 0
16 I -436.145596909 0
16 K -433.892640308 0
16 L -436.095117225 0
16 M -435.723326633 0
16 N -434.018931242 0
16 P -391.978515773 0
16 Q -433.315227524 0
16 R -435.225256073 0
16 S -435.952186723 0
16 T -433.107843841 1
16 V -435.867801024 0
16 W -432.759191727 0
16 Y -426.638580814 0
17 A -434.022053035 0
17 C -432.666753774 0
17 D -437.42455462 0
17 E -435.86653955 0
17 F -435.541166354 0
17 G -433.856392791 0
17 H -439.107246124 1
17 I -435.79664228 0
17 K -436.0806324 0
17 L -430.057199554 0
17 M -428.855605558 0
17 N -430.714052632 0
17 P -418.35609543 0
17 Q -434.825656088 0
17 R -430.006823566 0
17 S -436.510056541 0
17 T -430.960854754 0
17 V -429.761342065 0
17 W -427.825327852 0
17 Y -435.664296257 0
18 A -433.786154447 0
18 C -432.82118161 0
18 D -431.084352704 0
18 E -434.999014535 0
18 F -436.506889851 0
18 G -429.984466208 0
18 H -435.608843637 0
18 I -433.524814447 0
18 K -434.107219261 0
18 L -435.882859544 0
18 M -433.80191164 0
18 N -433.463054785 0
18 P -388.177033772 0
18 Q -434.19634903 0
18 R -434.703618036 0
18 S -433.780428093 0
18 T -432.527700098 0
18 V -434.120153731 0
18 W -433.755619618 0
18 Y -439.063799819 1
19 A -427.896203148 0
19 C -427.455450086 0
19 D -427.373440469 0
19 E -432.502047762 0
19 F -428.353945941 0
19 G -423.228245478 0
19 H -432.43342401 0
19 I -439.111346154 1
19 K -424.358568053 0
19 L -430.57326588 0
19 M -434.972711403 0
19 N -427.694058902 0
19 P -384.07647761 0
19 Q -431.421333916 0
19 R -425.283027826 0
19 S -428.06733285 0
19 T -432.323041884 0
19 V -434.464322978 0
19 W -424.871725974 0
19 Y -426.800215524 0
20 A -435.27774456 0
20 C -434.599496187 0
20 D -431.791183295 0
20 E -436.481299531 0
20 F -433.232575086 0
20 G -431.752052248 0
20 H -432.011163188 0
20 I -436.812820832 0
20 K -435.894659053 0
20 L -438.935979922 0
20 M -437.105855042 0
20 N -435.685903222 0
20 P -427.494527212 0
20 Q -436.669092728 0
20 R -439.092798783 1
20 S -435.332258429 0
20 T -434.838836164 0
20 V -438.239055847 0
20 W -433.230525531 0
20 Y -432.898912758 0
21 A -428.124074577 0
21 C -431.381654283 0
21 D -427.560520438 0
21 E -429.928326824 0
21 F -423.113120466 0
21 G -419.145451339 0
21 H -427.189297889 0
21 I -436.026785839 0
21 K -421.273226947 0
21 L -433.621106567 0
21 M -431.890963369 0
21 N -428.603169905 0
21 P -393.439897311 0
21 Q -426.972676861 0
21 R -422.662010569 0
21 S -427.655279709 0
21 T -432.936939819 0
21 V -439.086193544 1
21 W -419.87561037 0
21 Y -424.24811736 0
22 A -429.324955552 0
22 C -427.850800624 0
22 D -436.924745974 1
22 E -431.156837346 0
22 F -429.023127728 0
22 G -426.837644043 0
22 H -430.132118425 0
22 I -430.76138972 0
22 K -428.662284867 0
22 L -431.046250159 0
22 M -430.906464973 0
22 N -431.891953341 0
22 P -429.416036836 0
22 Q -430.764422728 0
22 R -428.574931301 0
22 S -428.9229315 0
22 T -428.965602424 0
22 V -430.065603841 0
22 W -432.086797707 0
22 Y -431.171264177 0
23 A -432.406452421 0
23 C -430.791966331 0
23 D -430.000532579 0
23 E -431.818561017 0
23 F -431.64375602 0
23 G -430.804948515 0
23 H -432.607936834 0
23 I -432.342415508 0
23 K -436.885296091 1
23 L -433.061366438 0
23 M -433.635252142 0
23 N -430.639785246 0
23 P -389.121689061 0
23 Q -432.271331115 0
23 R -434.409196038 0
23 S -432.29768694 0
23 T -430.246669496 0
23 V -431.096185634 0
23 W -432.988366132 0
23 Y -431.223909761 0
24 A -432.119978944 0
24 C -431.000342887 0
24 D -431.849561282 0
24 E -432.031239714 0
24 F -430.32820804 0
24 G -431.45759384 0
24 H -433.180509732 0
24 I -431.047219174 0
24 K -433.597064587 0
24 L -432.341992601 0
24 M -431.853741975 0
24 N -433.313483682 0
24 P -414.310728773 0
24 Q -432.195545527 0
24 R -436.912157106 1
24 S -433.835910613 0
24 T -431.472327329 0
24 V -430.684822401 0
24 W -431.081723022 0
24 Y -429.870158533 0
25 A -439.096130325 1
25 C -436.96675584 1
25 D -439.096130325 1
25 E -439.092588733 1
25 F -439.092588733 1
25 G -439.092588733 1
25 H -436.96675584 1
25 I -439.092588733 1
25 K -436.96675584 1
25 L -439.092588733 1
25 M -439.092588733 1
25 N -439.096130325 1
25 P -439.096130325 1
25 Q -439.092588733 1
25 R -436.96675584 1
25 S -439.096130325 1
25 T -436.96675584 1
25 V -436.96675584 1
25 W -439.096130325 1
25 Y -439.096130325 1
26 A -437.625218341 0
26 C -432.362718204 0
26 D -439.376434869 0
26 E -439.605299876 0
26 F -433.207069002 0
26 G -433.645581311 0
26 H -434.818652313 0
26 I -437.796746654 0
26 K -439.014039453 0
26 L -439.070641596 1
26 M -437.463595558 0
26 N -435.018860413 0
26 P -435.145887014 0
26 Q -434.867236933 0
26 R -438.479448693 0
26 S -438.611248063 0
26 T -437.679265421 0
26 V -434.903595892 0
26 W -437.55395524 0
26 Y -437.050640201 0
27 A -437.754954864 0
27 C -435.249180951 0
27 D -433.785918172 0
27 E -435.650908844 0
27 F -436.792467254 0
27 G -434.457072713 0
27 H -437.278599763 0
27 I -434.956111727 0
27 K -436.1868425 0
27 L -436.753634648 0
27 M -436.701455038 0
27 N -435.763107764 0
27 P -406.941587824 0
27 Q -438.588812572 0
27 R -437.688402693 0
27 S -437.668664254 0
27 T -437.308403872 0
27 V -437.437291865 0
27 W -435.242080458 1
27 Y -437.000511361 0
28 A -427.691226432 0
28 C -427.519755487 0
28 D -427.442278021 0
28 E -422.757543543 0
28 F -436.980303424 1
28 G -422.299328369 0
28 H -434.018317616 0
28 I -432.440940234 0
28 K -425.900400202 0
28 L -429.189950224 0
28 M -432.322005696 0
28 N -428.354274392 0
28 P -376.695541466 0
28 Q -423.017745704 0
28 R -425.02474613 0
28 S -427.41033865 0
28 T -427.183449161 0
28 V -428.780902408 0
28 W -432.505158091 0
28 Y -433.554592153 0
29 A -433.383956741 0
29 C -433.524156772 0
29 D -431.098777262 0
29 E -433.439266075 0
29 F -432.999763825 0
29 G -427.968605777 0
29 H -431.865431576 0
29 I -433.689968221 0
29 K -434.022800999 0
29 L -439.111525523 1
29 M -432.635850575 0
29 N -432.791348726 0
29 P -395.244471688 0
29 Q -434.539597838 0
29 R -434.971210599 0
29 S -432.880649529 0
29 T -434.610275581 0
29 V -435.968666955 0
29 W -426.139765694 0
29 Y -423.578779209 0
30 A -431.208606689 0
30 C -432.875764354 0
30 D -430.467666184 0
30 E -428.001099552 0
30 F -423.240725162 0
30 G -424.054936596 0
30 H -432.877625317 0
30 I -434.209736936 0
30 K -419.782690838 0
30 L -428.251377971 0
30 M -419.967767536 0
30 N -433.069221453 0
30 P -403.893003162 0
30 Q -430.71830399 0
30 R -422.85456626 0
30 S -430.842523145 0
30 T -434.212905406 0
30 V -438.723300739 1
30 W -419.387573623 0
30 Y -432.053223229 0
31 A -431.936510008 0
31 C -431.747884744 0
31 D -431.333373991 0
31 E -432.619427858 0
31 F -432.364991221 0
31 G -425.950959266 0
31 H -433.125726388 0
31 I -439.098366222 1
31 K -430.260540635 0
31 L -434.269876397 0
31 M -434.001921264 0
31 N -433.289706149 0
31 P -402.437420528 0
31 Q -432.226992497 0
31 R -435.846373265 0
31 S -431.075637178 0
31 T -433.293067519 0
31 V -437.847234174 0
31 W -432.9730691 0
31 Y -432.855953061 0
32 A -418.608705479 0
32 C -423.5204978 0
32 D -421.015526338 0
32 E -421.266219552 0
32 F -425.24238111 0
32 G -414.403795954 0
32 H -424.986687547 0
32 I -429.053581446 0
32 K -417.403059746 0
32 L -439.112658422 1
32 M -426.970812266 0
32 N -423.41270593 0
32 P -389.434770493 0
32 Q -424.56044917 0
32 R -416.469805765 0
32 S -419.036220483 0
32 T -425.131235119 0
32 V -428.182287847 0
32 W -407.222994823 0
32 Y -423.965307517 0
33 A -434.027631612 0
33 C -433.836471122 0
33 D -428.63756393 0
33 E -435.069609987 0
33 F -432.884459525 0
33 G -432.425040564 0
33 H -434.398964033 0
33 I -436.598469636 0
33 K -436.555632341 0
33 L -439.088797992 1
33 M -435.7632879 0
33 N -433.627979527 0
33 P -400.495544082 0
33 Q -437.245266355 0
33 R -437.416430744 0
33 S -433.261308664 0
33 T -435.504550772 0
33 V -435.79777846 0
33 W -429.13290574 0
33 Y -424.694044342 0
34 A -433.724061612 0
34 C -433.999570478 0
34 D -434.777354332 0
34 E -418.449609698 0
34 F -428.8014799 0
34 G -418.068141 0
34 H -439.105754057 1
34 I -431.288459537 0
34 K -426.01381274 0
34 L -421.546980961 0
34 M -426.419336735 0
34 N -438.878598376 0
34 P -378.242989489 0
34 Q -423.569244658 0
34 R -427.699134685 0
34 S -426.581995152 0
34 T -433.380708996 0
34 V -437.455424809 0
34 W -418.91271281 0
34 Y -436.105355058 0
35 A -435.30606576 0
35 C -434.404436338 0
35 D -439.069425413 1
35 E -437.430522646 0
35 F -431.038827421 0
35 G -435.818674121 0
35 H -439.450340772 0
35 I -437.073599785 0
35 K -436.41702668 0
35 L -439.12069061 0
35 M -438.120048459 0
35 N -438.601578817 0
35 P -439.492608857 0
35 Q -438.376018269 0
35 R -437.914481596 0
35 S -437.742160943 0
35 T -437.598944763 0
35 V -435.726851354 0
35 W -436.25153586 0
35 Y -431.180553611 0
36 A -424.29155085 0
36 C -416.39895786 0
36 D -412.714586412 0
36 E -404.673608461 0
36 F -398.574193755 0
36 G -439.067591714 1
36 H -398.160922932 0
36 I -402.025037253 0
36 K -400.93240608 0
36 L -409.452305761 0
36 M -397.736848345 0
36 N -412.601377674 0
36 P -387.655686009 0
36 Q -402.988926645 0
36 R -407.019102166 0
36 S -419.53478402 0
36 T -413.182156392 0
36 V -408.607546761 0
36 W -372.042396014 0
36 Y -397.707000595 0
37 A -436.022835377 0
37 C -435.731943002 0
37 D -437.90790166 0
37 E -438.521339598 0
37 F -438.302742303 0
37 G -435.955442908 0
37 H -438.711382936 0
37 I -437.560003348 0
37 K -439.034100962 1
37 L -438.762730558 0
37 M -436.642983094 0
37 N -438.129357381 0
37 P -425.022515503 0
37 Q -437.746730006 0
37 R -438.43615334 0
37 S -437.764424543 0
37 T -438.536439775 0
37 V -437.752466649 0
37 W -438.05084209 0
37 Y -438.054118395 0
38 A -435.990392803 0
38 C -433.666015015 0
38 D -434.15725584 0
38 E -435.930453871 0
38 F -427.030469172 0
38 G -434.456668051 0
38 H -435.554416458 0
38 I -433.732175312 0
38 K -436.86415001 0
38 L -439.077192902 1
38 M -435.689398785 0
38 N -435.484875933 0
38 P -413.951542687 0
38 Q -435.825099493 0
38 R -436.058971077 0
38 S -434.727161625 0
38 T -432.670174892 0
38 V -432.472491751 0
38 W -434.682175792 0
38 Y -426.411937127 0
39 A -434.074561066 0
39 C -431.515822681 0
39 D -437.609531441 0
39 E -435.631672727 0
39 F -432.233540372 0
39 G -433.075669488 0
39 H -434.917971547 0
39 I -430.525158433 0
39 K -434.38109978 0
39 L -434.875792137 0
39 M -433.829824531 0
39 N -434.366636807 0
39 P -439.059873102 1
39 Q -434.134387032 0
39 R -433.628341508 0
39 S -435.294339698 0
39 T -434.060291964 0
39 V -430.734261495 0
39 W -431.949952802 0
39 Y -432.107783052 0
40 A -436.96864637 0
40 C -434.390257581 0
40 D -437.53983954 0
40 E -438.472183939 0
40 F -436.576694262 0
40 G -434.595577994 0
40 H -438.772881136 0
40 I -438.660656897 0
40 K -429.677437615 0
40 L -438.093265842 0
40 M -437.363108854 0
40 N -435.880286437 0
40 P -437.176960968 0
40 Q -436.371110658 0
40 R -439.102624121 1
40 S -437.048804032 0
40 T -438.143569055 0
40 V -438.150405641 0
40 W -433.488160338 0
40 Y -437.222625952 0
41 A -439.013069947 0
41 C -436.893267177 0
41 D -440.40253346 0
41 E -441.898402911 0
41 F -439.072940424 0
41 G -437.499640479 0
41 H -442.019498855 0
41 I -436.365977799 0
41 K -439.921317027 0
41 L -435.823756956 0
41 M -438.21023758 0
41 N -439.863098906 0
41 P -426.013435157 0
41 Q -440.179257131 0
41 R -439.229088832 0
41 S -440.430915659 0
41 T -436.014115323 0
41 V -436.427241486 0
41 W -440.107696224 0
41 Y -439.074926227 1
42 A -436.124489114 0
42 C -434.158927771 0
42 D -436.466703041 0
42 E -437.165503945 0
42 F -434.922613132 0
42 G -424.063881343 0
42 H -435.491265356 0
42 I -439.12790915 0
42 K -437.443733764 0
42 L -438.500036742 0
42 M -436.226423021 0
42 N -435.876150556 0
42 P -391.054842711 0
42 Q -436.058804172 0
42 R -437.15892488 0
42 S -435.013961541 0
42 T -436.539946404 0
42 V -439.077158905 1
42 W -430.267272728 0
42 Y -427.075388947 0
43 A -438.334865456 0
43 C -434.284260716 0
43 D -435.83045122 0
43 E -425.915731665 0
43 F -419.973037257 0
43 G -433.443874101 0
43 H -435.934359482 0
43 I -430.540081392 0
43 K -431.826949508 0
43 L -427.459641024 0
43 M -428.184409184 0
43 N -439.092547267 1
43 P -351.974207585 0
43 Q -435.034408392 0
43 R -424.852158168 0
43 S -435.276569264 0
43 T -425.720245106 0
43 V -430.520298897 0
43 W -420.283839229 0
43 Y -427.654890594 0
44 A -432.332967316 0
44 C -410.283300418 0
44 D -403.983239876 0
44 E -413.149721312 0
44 F -398.608323989 0
44 G -439.089311452 1
44 H -401.561164354 0
44 I -400.805083468 0
44 K -399.068289498 0
44 L -406.47032796 0
44 M -414.868614761 0
44 N -414.378430736 0
44 P -417.628896645 0
44 Q -409.092247613 0
44 R -409.245592262 0
44 S -422.847501805 0
44 T -406.145551875 0
44 V -396.508837218 0
44 W -387.867939344 0
44 Y -396.104086645 0
45 A -438.5423867 1
45 C -438.377068033 0
45 D -427.383910892 0
45 E -428.738259346 0
45 F -438.004593054 0
45 G -429.958297879 0
45 H -438.541706271 0
45 I -434.748981397 0
45 K -428.967357548 0
45 L -435.47922373 0
45 M -438.325359519 0
45 N -438.266771642 0
45 P -395.121421845 0
45 Q -435.294855243 0
45 R -426.837028941 0
45 S -436.769722094 0
45 T -427.780037474 0
45 V -435.628139429 0
45 W -419.240871007 0
45 Y -435.784583188 0
46 A -432.743191659 0
46 C -433.209293674 0
46 D -425.961166919 0
46 E -424.485777327 0
46 F -408.468616652 0
46 G -429.172522516 0
46 H -418.34529318 0
46 I -426.489063964 0
46 K -420.86087394 0
46 L -430.738046407 0
46 M -418.759273836 0
46 N -439.055209175 1
46 P -395.058795279 0
46 Q -429.175872606 0
46 R -426.257880033 0
46 S -433.639803393 0
46 T -430.456673479 0
46 V -433.041884082 0
46 W -412.830936148 0
46 Y -402.988440418 0
47 A -427.112883274 0
47 C -426.88558581 0
47 D -428.920921033 0
47 E -427.569375344 0
47 F -436.545303443 0
47 G -413.938161525 0
47 H -432.065937434 0
47 I -429.709586461 0
47 K -420.923174444 0
47 L -425.76131224 0
47 M -431.515451411 0
47 N -422.26333226 0
47 P -385.510521595 0
47 Q -427.641577714 0
47 R -430.699619511 0
47 S -421.568807442 0
47 T -427.302241827 0
47 V -430.039600938 0
47 W -431.538066256 1
47 Y -435.230105907 0
48 A -419.109514597 0
48 C -431.569528144 0
48 D -422.820573802 0
48 E -425.151181349 0
48 F -419.142303845 0
48 G -423.943052681 0
48 H -409.758172314 0
48 I -427.469533617 0
48 K -414.084417806 0
48 L -431.989276915 0
48 M -430.382361479 0
48 N -430.504977569 0
48 P -373.600232536 0
48 Q -423.959444029 0
48 R -416.175712207 0
48 S -425.039186235 0
48 T -433.563610906 0
48 V -435.450192083 1
48 W -405.993784235 0
48 Y -407.770652648 0
49 A -427.85789171 0
49 C -424.996463011 0
49 D -425.03484495 0
49 E -421.643772326 0
49 F -428.710359801 0
49 G -423.012912124 0
49 H -429.558038554 0
49 I -425.900619686 0
49 K -413.81151574 0
49 L -438.456885477 1
49 M -433.244652604 0
49 N -429.104677725 0
49 P -387.350738845 0
49 Q -430.625188012 0
49 R -413.470466565 0
49 S -428.260106275 0
49 T -419.998617434 0
49 V -427.617060653 0
49 W -413.83666149 0
49 Y -428.314660275 0
50 A -439.083966604 0
50 C -437.007702527 0
50 D -428.226517482 0
50 E -416.994175685 0
50 F -400.988781364 0
50 G -435.20338599 0
50 H -413.816824542 0
50 I -421.918011256 0
50 K -400.128414953 0
50 L -419.319476659 0
50 M -418.377830181 0
50 N -431.904480068 0
50 P -396.605742486 0
50 Q -419.439472817 0
50 R -384.761376501 0
50 S -439.084250888 1
50 T -435.464154693 0
50 V -432.336154499 0
50 W -375.816088685 0
50 Y -399.479564504 0
51 A -434.859003254 0
51 C -435.158491016 0
51 D -433.756940352 0
51 E -438.394293487 1
51 F -437.040497994 0
51 G -432.88522991 0
51 H -434.652091256 0
51 I -434.160455924 0
51 K -436.130844189 0
51 L -436.55311219 0
51 M -437.680017334 0
51 N -434.444201217 0
51 P -432.32799789 0
51 Q -438.732171349 0
51 R -438.011912806 0
51 S -436.635617553 0
51 T -437.094507386 0
51 V -434.286378973 0
51 W -437.121771483 0
51 Y -437.519712149 0
52 A -438.964074532 0
52 C -434.348294951 0
52 D -434.032445349 0
52 E -438.489365822 0
52 F -436.236317857 0
52 G -435.150470118 0
52 H -434.89343972 0
52 I -437.012822803 0
52 K -437.817699223 0
52 L -438.430256925 1
52 M -436.045789761 0
52 N -432.982210982 0
52 P -384.555475993 0
52 Q -436.818608427 0
52 R -435.314291613 0
52 S -437.912938468 0
52 T -434.593846151 0
52 V -434.745819671 0
52 W -436.09871235 0
52 Y -436.126437279 0
53 A -433.716209693 0
53 C -433.64472525 0
53 D -437.737813339 0
53 E -435.338429487 0
53 F -433.424550597 0
53 G -431.681009608 0
53 H -433.920668726 0
53 I -433.740158877 0
53 K -437.593822259 0
53 L -437.537535144 0
53 M -433.43039973 0
53 N -433.466843937 0
53 P -425.0233963 0
53 Q -436.355985317 0
53 R -438.444408961 1
53 S -433.639783624 0
53 T -433.771606966 0
53 V -433.757067095 0
53 W -432.526342355 0
53 Y -433.362457019 0
54 A -435.524526173 0
54 C -432.49469557 0
54 D -435.849965604 0
54 E -433.587133771 0
54 F -437.136583036 0
54 G -432.979531314 0
54 H -436.454568186 0
54 I -430.243259697 0
54 K -435.915090463 0
54 L -436.529859279 0
54 M -435.317061035 0
54 N -436.983666085 0
54 P -410.084274176 0
54 Q -433.814762877 0
54 R -434.992070984 0
54 S -435.451053839 0
54 T -434.33220849 0
54 V -432.584015964 0
54 W -435.433464341 1
54 Y -436.581773147 0
55 A -435.922067488 0
55 C -434.374746521 0
55 D -430.990149909 0
55 E -434.955755626 0
55 F -434.17254689 0
55 G -432.664556507 0
55 H -435.327860217 0
55 I -435.028624634 0
55 K -435.420075454 0
55 L -438.490437937 1
55 M -438.688766038 0
55 N -432.87506162 0
55 P -382.552543658 0
55 Q -435.451191593 0
55 R -433.503565282 0
55 S -434.123173329 0
55 T -431.703384321 0
55 V -433.867307938 0
55 W -438.973792704 0
55 Y -437.067548935 0
56 A -437.08526312 0
56 C -434.191055854 0
56 D -438.440642109 0
56 E -438.864847466 0
56 F -436.829209809 0
56 G -435.23132324 0
56 H -437.397868283 0
56 I -438.517811214 0
56 K -434.212737094 0
56 L -438.656233827 0
56 M -437.172628443 0
56 N -437.379883792 0
56 P -432.395454721 0
56 Q -438.071561009 0
56 R -438.448401881 1
56 S -437.335750151 0
56 T -437.200386333 0
56 V -437.771097743 0
56 W -437.162096952 0
56 Y -432.48188347 0
57 A -436.930469271 0
57 C -433.530272526 0
57 D -437.446504646 0
57 E -438.350768071 0
57 F -436.304429463 0
57 G -434.274775683 0
57 H -436.548052321 0
57 I -438.299690423 0
57 K -437.838322984 0
57 L -439.028328552 1
57 M -438.355942559 0
57 N -436.239123288 0
57 P -419.052776392 0
57 Q -436.635510615 0
57 R -438.119351617 0
57 S -436.62511765 0
57 T -436.812301703 0
57 V -437.484082835 0
57 W -437.0515026 0
57 Y -435.96886492 0
58 A -433.431430329 0
58 C -433.252534547 0
58 D -428.904058517 0
58 E -423.703960213 0
58 F -418.177437221 0
58 G -429.984769955 0
58 H -430.609324289 0
58 I -439.703988814 0
58 K -423.116661624 0
58 L -433.105535613 0
58 M -428.543046775 0
58 N -428.645839873 0
58 P -382.620754475 0
58 Q -427.128677012 0
58 R -423.14463844 0
58 S -428.235178928 0
58 T -434.891505307 0
58 V -439.114295188 1
58 W -408.738585269 0
58 Y -424.21947273 0
59 A -435.121616722 0
59 C -435.454711079 0
59 D -432.478922485 0
59 E -427.973149021 0
59 F -419.40122785 0
59 G -431.92633074 0
59 H -427.317044218 0
59 I -433.435703302 0
59 K -427.526692898 0
59 L -435.610963245 0
59 M -433.860922454 0
59 N -434.011034865 0
59 P -375.951086073 0
59 Q -434.097280662 0
59 R -431.748187229 0
59 S -433.694350896 0
59 T -435.171367002 0
59 V -439.091725492 1
59 W -421.488398354 0
59 Y -435.915298278 0
60 A -436.858037264 0
60 C -434.422152104 0
60 D -438.081263277 0
60 E -439.079427076 1
60 F -436.846834407 0
60 G -435.795193209 0
60 H -438.018905224 0
60 I -438.629919632 0
60 K -439.314766398 0
60 L -438.10514486 0
60 M -437.691707541 0
60 N -436.670096198 0
60 P -374.367418237 0
60 Q -437.920343624 0
60 R -438.41848805 0
60 S -436.731199372 0
60 T -437.71007621 0
60 V -437.766482741 0
60 W -437.508427127 0
60 Y -436.450994223 0
61 A -437.491731813 0
61 C -434.868399804 0
61 D -437.228570669 0
61 E -438.245559453 0
61 F -436.525464615 0
61 G -435.208669594 0
61 H -437.27011262 0
61 I -433.832572037 0
61 K -437.639020625 0
61 L -439.101823114 1
61 M -439.194784972 0
61 N -436.941060806 0
61 P -379.33166221 0
61 Q -437.044352075 0
61 R -439.52710569 0
61 S -436.397187758 0
61 T -435.053123845 0
61 V -435.772015678 0
61 W -441.071042433 0
61 Y -436.206300445 0
62 A -428.85055163 0
62 C -419.940547569 0
62 D -417.251300487 0
62 E -404.408502051 0
62 F -406.101006881 0
62 G -439.073083866 1
62 H -408.840266621 0
62 I -385.224607813 0
62 K -400.619671101 0
62 L -387.163942682 0
62 M -402.291409936 0
62 N -415.584012828 0
62 P -352.875781537 0
62 Q -403.076763001 0
62 R -395.753488484 0
62 S -427.863457509 0
62 T -409.826843305 0
62 V -394.557260292 0
62 W -406.94109004 0
62 Y -402.423937585 0
63 A -439.043199274 1
63 C -437.666666575 0
63 D -438.148554255 0
63 E -440.867636504 0
63 F -440.398293163 0
63 G -437.04120947 0
63 H -439.793968813 0
63 I -440.664704134 0
63 K -439.050385556 0
63 L -437.911613423 0
63 M -439.87213785 0
63 N -438.762393695 0
63 P -382.329614597 0
63 Q -438.487545595 0
63 R -439.054956639 0
63 S -438.129963486 0
63 T -439.019681305 0
63 V -439.668902307 0
63 W -439.814143451 0
63 Y -438.362293635 0
64 A -438.560183377 0
64 C -436.721112747 0
64 D -438.630925258 0
64 E -439.103146048 1
64 F -436.658999773 0
64 G -437.41594963 0
64 H -438.258065662 0
64 I -436.039198275 0
64 K -439.350654527 0
64 L -439.762329293 0
64 M -439.413815591 0
64 N -439.057279937 0
64 P -406.765810303 0
64 Q -438.286277606 0
64 R -438.956537797 0
64 S -438.220441617 0
64 T -437.464490803 0
64 V -435.973368333 0
64 W -439.315393653 0
64 Y -436.539443798 0
65 A -440.327945028 0
65 C -436.049474357 0
65 D -429.578615599 0
65 E -433.606039584 0
65 F -434.217096338 0
65 G -436.345505684 0
65 H -434.072086555 0
65 I -430.947968172 0
65 K -430.045790832 0
65 L -429.989899229 0
65 M -432.360021227 0
65 N -435.972250426 0
65 P -373.500944119 0
65 Q -434.825811928 0
65 R -432.41864744 0
65 S -439.073894098 1
65 T -434.114636526 0
65 V -428.956470803 0
65 W -435.209599855 0
65 Y -433.59006947 0
66 A -422.204164085 0
66 C -420.801358828 0
66 D -428.429529651 0
66 E -423.633580428 0
66 F -421.588107363 0
66 G -439.068138822 1
66 H -423.211160177 0
66 I -417.794491834 0
66 K -423.857388309 0
66 L -423.164377928 0
66 M -422.132773081 0
66 N -424.761581084 0
66 P -360.033026561 0
66 Q -423.394014597 0
66 R -423.712344088 0
66 S -429.456727276 0
66 T -418.690775508 0
66 V -418.139488069 0
66 W -421.315889096 0
66 Y -421.035268387 0
67 A -436.014473333 0
67 C -432.479736646 0
67 D -436.937784846 0
67 E -437.516619437 0
67 F -436.286331898 0
67 G -434.11924683 0
67 H -435.417795608 0
67 I -436.969812967 0
67 K -435.467503506 0
67 L -439.013098634 1
67 M -438.413639964 0
67 N -434.68100994 0
67 P -434.921599464 0
67 Q -438.042877062 0
67 R -435.347951868 0
67 S -436.582051455 0
67 T -435.9437791 0
67 V -434.838633168 0
67 W -433.326014551 0
67 Y -437.456026781 0
68 A -439.405727002 0
68 C -438.153998897 0
68 D -441.091267868 0
68 E -442.712476881 0
68 F -438.961123315 0
68 G -438.998625857 1
68 H -442.914077524 0
68 I -439.040595511 0
68 K -440.914489472 0
68 L -440.249300232 0
68 M -439.356980531 0
68 N -440.055060527 0
68 P -435.907901572 0
68 Q -441.363637574 0
68 R -439.913549135 0
68 S -441.398486688 0
68 T -440.282821894 0
68 V -438.870280307 0
68 W -440.673274683 0
68 Y -438.882577873 0
69 A -435.69104389 0
69 C -434.240459481 0
69 D -434.317813221 0
69 E -435.32990923 0
69 F -435.455120522 0
69 G -434.328055758 0
69 H -437.508976189 0
69 I -431.825497953 0
69 K -436.255508631 0
69 L -436.745704111 0
69 M -435.431319403 0
69 N -439.080964525 1
69 P -394.874348968 0
69 Q -435.692440144 0
69 R -437.519577667 0
69 S -435.398668031 0
69 T -432.64429354 0
69 V -427.185758526 0
69 W -434.96548476 0
69 Y -435.13891148 0
70 A -434.739578474 0
70 C -433.930858777 0
70 D -437.612261522 0
70 E -437.196918288 0
70 F -436.358785619 0
70 G -435.149545071 0
70 H -439.094576081 1
70 I -421.595777553 0
70 K -427.057073324 0
70 L -436.69456748 0
70 M -435.309725015 0
70 N -437.96225129 0
70 P -385.080751467 0
70 Q -437.337857402 0
70 R -434.531705794 0
70 S -433.911919179 0
70 T -428.982314149 0
70 V -420.108472658 0
70 W -435.059241444 0
70 Y -435.962042872 0
71 A -432.013317149 0
71 C -432.163326783 0
71 D -432.75903394 0
71 E -427.657428577 0
71 F -431.296974304 0
71 G -428.55582387 0
71 H -437.301181785 0
71 I -419.773121962 0
71 K -429.53614369 0
71 L -430.147268832 0
71 M -433.19831408 0
71 N -434.758352483 0
71 P -380.264895724 0
71 Q -428.254297886 0
71 R -433.131324849 0
71 S -430.592183282 0
71 T -427.788176185 0
71 V -423.175605822 0
71 W -438.10168181 0
71 Y -431.188757039 1
72 A -432.121327629 0
72 C -432.475916405 0
72 D -429.223318885 0
72 E -431.995212908 0
72 F -433.992502074 0
72 G -429.289488396 0
72 H -433.445996651 0
72 I -437.725655433 0
72 K -432.534016122 0
72 L -439.042129319 1
72 M -433.894686611 0
72 N -432.248068694 0
72 P -364.770699477 0
72 Q -433.943158265 0
72 R -434.367817914 0
72 S -432.600156268 0
72 T -429.737217269 0
72 V -435.549823636 0
72 W -434.524715166 0
72 Y -433.453091098 0
73 A -437.707775069 0
73 C -436.732945963 0
73 D -435.820157146 0
73 E -437.314094141 0
73 F -439.029338447 0
73 G -433.660584148 0
73 H -441.464051594 0
73 I -433.635848533 0
73 K -439.095248271 1
73 L -439.915560108 0
73 M -439.504118931 0
73 N -437.018391154 0
73 P -435.746067991 0
73 Q -436.564025288 0
73 R -438.822436271 0
73 S -437.217104039 0
73 T -436.007262871 0
73 V -436.902388258 0
73 W -440.360538425 0
73 Y -438.859628675 0
74 A -434.976813085 0
74 C -433.027013747 0
74 D -434.914046281 0
74 E -435.424161122 0
74 F -433.331777979 0
74 G -433.427673122 0
74 H -435.347580388 0
74 I -435.393078535 0
74 K -438.351997088 0
74 L -436.469139364 0
74 M -434.143126886 0
74 N -434.572999296 0
74 P -439.092168616 1
74 Q -434.934691277 0
74 R -437.616344464 0
74 S -435.962530968 0
74 T -435.124196188 0
74 V -434.994518803 0
74 W -434.779614283 0
74 Y -433.945952828 0
75 A -435.465618005 0
75 C -433.877271544 0
75 D -439.09909014 1
75 E -437.370339096 0
75 F -435.738818081 0
75 G -435.340619405 0
75 H -437.884059798 0
75 I -420.5780132 0
75 K -437.947745568 0
75 L -436.051315112 0
75 M -435.367213812 0
75 N -439.249805887 0
75 P -403.691994298 0
75 Q -435.816124975 0
75 R -437.181281447 0
75 S -436.822097432 0
75 T -431.855545165 0
75 V -423.196487433 0
75 W -434.553864885 0
75 Y -435.38237447 0
76 A -433.573930784 0
76 C -434.619269337 0
76 D -439.107401406 1
76 E -435.245581842 0
76 F -429.868110253 0
76 G -430.34724688 0
76 H -434.825038849 0
76 I -431.989043871 0
76 K -430.035231444 0
76 L -438.830237093 0
76 M -435.603367898 0
76 N -438.810476257 0
76 P -428.138676098 0
76 Q -430.638110865 0
76 R -430.596746788 0
76 S -434.036058899 0
76 T -435.020429208 0
76 V -433.164191734 0
76 W -428.382650396 0
76 Y -426.147974266 0
77 A -436.716163037 0
77 C -435.13227324 0
77 D -437.795790997 0
77 E -439.105084915 1
77 F -436.751404642 0
77 G -436.397209433 0
77 H -439.897651364 0
77 I -436.617918126 0
77 K -434.957712877 0
77 L -437.401733188 0
77 M -432.814621541 0
77 N -433.29960682 0
77 P -437.81124935 0
77 Q -433.766082111 0
77 R -437.793364287 0
77 S -438.721521324 0
77 T -437.196919568 0
77 V -436.042040725 0
77 W -434.994493795 0
77 Y -432.779002599 0
78 A -434.110057481 0
78 C -432.803435324 0
78 D -433.145405786 0
78 E -433.565577164 0
78 F -437.250602888 0
78 G -432.054463739 0
78 H -435.777213273 0
78 I -425.610148286 0
78 K -432.221402692 0
78 L -439.1041022 1
78 M -436.605021079 0
78 N -435.558931756 0
78 P -406.602529386 0
78 Q -435.222775094 0
78 R -436.085567333 0
78 S -433.518833098 0
78 T -433.976744217 0
78 V -429.95672792 0
78 W -436.707947028 0
78 Y -436.887318567 0
79 A -429.01106719 0
79 C -430.29129352 0
79 D -432.088406071 0
79 E -430.168408128 0
79 F -423.315162787 0
79 G -428.397380717 0
79 H -423.43825051 0
79 I -435.983596586 0
79 K -423.95685366 0
79 L -436.549361982 0
79 M -430.783906065 0
79 N -434.610603327 0
79 P -397.289913032 0
79 Q -433.8020598 0
79 R -427.280259647 0
79 S -431.563956566 0
79 T -434.605105599 0
79 V -439.088667029 1
79 W -422.405078279 0
79 Y -417.845566545 0
80 A -430.952633212 0
80 C -429.700522043 0
80 D -431.61486963 0
80 E -431.736964497 0
80 F -430.267784847 0
80 G -427.819606756 0
80 H -432.990809944 0
80 I -439.036196759 1
80 K -429.513010686 0
80 L -436.620817949 0
80 M -432.256627153 0
80 N -431.800340314 0
80 P -401.598492433 0
80 Q -431.131905019 0
80 R -433.156338567 0
80 S -430.249853254 0
80 T -433.145976303 0
80 V -436.00496943 0
80 W -433.280547249 0
80 Y -428.092942907 0
81 A -439.10510378 1
81 C -433.305558961 0
81 D -426.25763936 0
81 E -426.598068364 0
81 F -426.681453642 0
81 G -432.311885027 0
81 H -426.121846034 0
81 I -422.171178325 0
81 K -414.271719997 0
81 L -422.596181596 0
81 M -428.99195197 0
81 N -426.018558756 0
81 P -379.200770329 0
81 Q -423.837588535 0
81 R -420.496465607 0
81 S -436.094140435 0
81 T -433.742356641 0
81 V -432.892464789 0
81 W -420.157975615 0
81 Y -425.874389736 0
82 A -438.634563301 0
82 C -436.478249404 0
82 D -433.984711313 0
82 E -435.302292587 0
82 F -432.119734843 0
82 G -434.033495981 0
82 H -440.408159544 0
82 I -430.114108812 0
82 K -431.859181981 0
82 L -434.106155582 0
82 M -427.839661508 0
82 N -437.676924936 0
82 P -410.09204453 0
82 Q -428.112964248 0
82 R -437.358751213 0
82 S -437.98819838 0
82 T -436.226695002 0
82 V -432.772648023 0
82 W -438.446917879 0
82 Y -431.478408216 1
83 A -430.167107411 0
83 C -423.916271739 0
83 D -428.523794339 0
83 E -418.742223297 0
83 F -415.616021933 0
83 G -430.089876501 0
83 H -428.436919063 0
83 I -419.907181812 0
83 K -417.970800908 0
83 L -432.981984604 0
83 M -429.40756287 0
83 N -431.563443993 0
83 P -396.881023012 0
83 Q -429.514556545 0
83 R -407.352943811 0
83 S -434.047735333 0
83 T -431.502640481 1
83 V -432.814625511 0
83 W -381.955003392 0
83 Y -413.196961328 0
84 A -437.79171372 0
84 C -436.363990794 0
84 D -436.820785629 0
84 E -438.05396644 0
84 F -436.203797892 0
84 G -437.818664921 0
84 H -439.144985938 0
84 I -436.176819915 0
84 K -438.172143704 0
84 L -439.086498237 1
84 M -437.712583904 0
84 N -437.792382945 0
84 P -426.049392583 0
84 Q -437.284307121 0
84 R -440.682368888 0
84 S -439.585945836 0
84 T -437.561714855 0
84 V -436.413106423 0
84 W -437.530355864 0
84 Y -435.66438105 0
85 A -428.514060035 0
85 C -424.715955156 0
85 D -423.844421607 0
85 E -432.499688164 0
85 F -429.250785938 0
85 G -428.108079268 0
85 H -428.741997288 0
85 I -435.76047369 0
85 K -422.353184081 0
85 L -441.09153323 0
85 M -431.103781641 1
85 N -424.685145876 0
85 P -415.354929604 0
85 Q -427.775929131 0
85 R -416.194952894 0
85 S -431.487789606 0
85 T -432.106648417 0
85 V -427.038776877 0
85 W -412.33273063 0
85 Y -424.799052508 0
86 A -422.689300584 0
86 C -423.866203544 0
86 D -419.488857492 0
86 E -421.381117537 0
86 F -417.493749335 0
86 G -420.857299006 0
86 H -427.127721212 0
86 I -439.115551612 1
86 K -424.091481863 0
86 L -429.161404004 0
86 M -433.89375609 0
86 N -422.929470812 0
86 P -385.30181984 0
86 Q -423.339272965 0
86 R -422.680840378 0
86 S -422.54539295 0
86 T -432.374920047 0
86 V -435.304484607 0
86 W -418.538186034 0
86 Y -415.09937218 0
87 A -427.765710939 0
87 C -426.922467714 0
87 D -427.327216815 0
87 E -429.63563622 0
87 F -425.231291665 0
87 G -439.102668751 1
87 H -425.302245501 0
87 I -407.776448873 0
87 K -426.917432989 0
87 L -423.314986739 0
87 M -425.394707491 0
87 N -425.540191771 0
87 P -418.428671884 0
87 Q -429.143857106 0
87 R -416.543166422 0
87 S -424.041150243 0
87 T -424.943852294 0
87 V -401.691414184 0
87 W -422.919430335 0
87 Y -425.192730897 0
88 A -439.082740533 1
88 C -433.547763035 0
88 D -427.89484318 0
88 E -428.914651973 0
88 F -429.989607729 0
88 G -435.593813625 0
88 H -430.083732073 0
88 I -408.906496651 0
88 K -436.964353813 0
88 L -422.077236101 0
88 M -433.546778742 0
88 N -436.459025118 0
88 P -424.308619967 0
88 Q -432.905176252 0
88 R -437.961436249 0
88 S -438.579954752 0
88 T -438.412424586 0
88 V -432.458041251 0
88 W -430.10139637 0
88 Y -430.941070228 0
89 A -432.65134227 0
89 C -430.620336163 0
89 D -435.600879184 0
89 E -435.386303608 0
89 F -435.612055977 0
89 G -439.038477818 1
89 H -435.782396481 0
89 I -419.888560402 0
89 K -435.338876289 0
89 L -434.168834466 0
89 M -432.674894201 0
89 N -436.651274069 0
89 P -382.805077463 0
89 Q -433.959864367 0
89 R -435.216818852 0
89 S -434.180639892 0
89 T -433.018077429 0
89 V -419.556733397 0
89 W -433.304031758 0
89 Y -435.155616017 0
90 A -435.407761286 0
90 C -434.885399716 0
90 D -437.451825676 0
90 E -438.224860063 0
90 F -435.365906774 0
90 G -435.057918866 0
90 H -437.795754677 0
90 I -433.412485 0
90 K -435.980189137 0
90 L -436.861207262 0
90 M -437.058919886 0
90 N -435.197657534 0
90 P -365.24366055 0
90 Q -439.075669619 1
90 R -437.357905427 0
90 S -435.053273008 0
90 T -433.581562336 0
90 V -433.609138641 0
90 W -434.904782021 0
90 Y -435.073212415 0
91 A -433.019801903 0
91 C -432.402212777 0
91 D -430.686951709 0
91 E -439.081904848 1
91 F -431.699751665 0
91 G -429.737547882 0
91 H -432.14935596 0
91 I -435.37100438 0
91 K -434.653130857 0
91 L -434.803494287 0
91 M -433.822096534 0
91 N -431.409223278 0
91 P -409.423685913 0
91 Q -433.62528945 0
91 R -434.641586502 0
91 S -433.470029422 0
91 T -433.790025424 0
91 V -435.503599294 0
91 W -430.691467245 0
91 Y -431.274242043 0
92 A -435.536596925 0
92 C -433.215932241 0
92 D -439.097371909 1
92 E -434.990208735 0
92 F -434.361498584 0
92 G -431.476643153 0
92 H -435.004942772 0
92 I -434.738696997 0
92 K -424.177367421 0
92 L -427.168984951 0
92 M -431.295004118 0
92 N -434.830980329 0
92 P -391.127172211 0
92 Q -432.64522807 0
92 R -432.9438002 0
92 S -434.191630038 0
92 T -436.06162254 0
92 V -434.943750156 0
92 W -434.728886796 0
92 Y -433.846089208 0
93 A -434.699190712 0
93 C -432.844189223 0
93 D -431.423276785 0
93 E -434.797875105 0
93 F -434.044746626 0
93 G -431.382637746 0
93 H -434.313180738 0
93 I -434.488517564 0
93 K -435.264669094 0
93 L -433.545515549 0
93 M -434.893365496 0
93 N -432.799523008 0
93 P -408.004299386 0
93 Q -436.682559608 0
93 R -439.047913002 1
93 S -434.764346403 0
93 T -435.452561692 0
93 V -434.646324727 0
93 W -434.968360771 0
93 Y -433.34035117 0
94 A -432.653408688 0
94 C -432.868274938 0
94 D -429.834858544 0
94 E -430.638549129 0
94 F -428.182473117 0
94 G -428.237352914 0
94 H -433.928114375 0
94 I -436.377184545 0
94 K -432.914286911 0
94 L -433.334612586 0
94 M -432.646801499 0
94 N -432.782789293 0
94 P -397.809025162 0
94 Q -430.153352157 0
94 R -432.335862139 0
94 S -432.15290854 0
94 T -435.809899743 0
94 V -439.077224919 1
94 W -430.97744536 0
94 Y -427.929203537 0
95 A -433.755896879 0
95 C -432.041236636 0
95 D -430.071587705 0
95 E -434.18741587 0
95 F -435.092380546 0
95 G -430.260323857 0
95 H -433.913491354 0
95 I -436.780463483 0
95 K -434.107081517 0
95 L -439.097034068 1
95 M -436.003433804 0
95 N -432.64582895 0
95 P -423.074656204 0
95 Q -433.960076593 0
95 R -434.896820113 0
95 S -433.210263442 0
95 T -434.996234047 0
95 V -436.331437001 0
95 W -432.204302592 0
95 Y -434.733421539 0
96 A -426.629768332 0
96 C -426.801510691 0
96 D -425.482759554 0
96 E -427.612213603 0
96 F -439.064488854 1
96 G -425.37470358 0
96 H -433.160031515 0
96 I -426.216364586 0
96 K -424.36524786 0
96 L -432.777875563 0
96 M -431.709095251 0
96 N -425.530212806 0
96 P -391.54462691 0
96 Q -430.473445569 0
96 R -428.412149028 0
96 S -428.790666301 0
96 T -427.214176467 0
96 V -429.242563586 0
96 W -435.373551511 0
96 Y -438.250825208 0
97 A -438.847352095 0
97 C -435.407596083 0
97 D -439.091849761 1
97 E -438.333845922 0
97 F -435.400114186 0
97 G -435.604982967 0
97 H -436.744375945 0
97 I -437.460126423 0
97 K -436.902969331 0
97 L -439.48374138 0
97 M -436.986901124 0
97 N -439.125462124 0
97 P -436.837775525 0
97 Q -437.20970745 0
97 R -437.97015687 0
97 S -438.789155939 0
97 T -437.434593586 0
97 V -437.310968144 0
97 W -438.5947656 0
97 Y -438.086013006 0
98 A -436.249512025 0
98 C -437.306387458 0
98 D -432.52433921 0
98 E -430.878402233 0
98 F -426.499993228 0
98 G -433.272774653 0
98 H -424.906657615 0
98 I -436.689892345 0
98 K -431.111593432 0
98 L -436.140092646 0
98 M -427.983126429 0
98 N -437.502181652 0
98 P -385.293818307 0
98 Q -431.564593264 0
98 R -433.19793761 0
98 S -437.979278937 0
98 T -439.723692271 0
98 V -439.100996784 1
98 W -421.049929827 0
98 Y -410.434222828 0
99 A -439.31494553 0
99 C -437.444055772 0
99 D -440.764613861 0
99 E -440.604424574 0
99 F -438.951238523 0
99 G -438.725550785 0
99 H -438.882944281 0
99 I -437.887749108 0
99 K -440.243288971 0
99 L -439.949295542 0
99 M -439.080744405 1
99 N -439.69696009 0
99 P -423.213429175 0
99 Q -438.557923855 0
99 R -441.679226252 0
99 S -441.384251419 0
99 T -439.637625251 0
99 V -437.417465302 0
99 W -438.422320059 0
99 Y -436.530048132 0
100 A -437.356426267 0
100 C -436.257677308 0
100 D -437.970881737 0
100 E -437.807082627 0
100 F -436.570896322 0
100 G -435.910608712 0
100 H -437.37405669 0
100 I -436.754027591 0
100 K -439.74610236 0
100 L -439.669469186 0
100 M -438.775925307 0
100 N -435.757929661 0
100 P -404.12185843 0
100 Q -437.235404845 0
100 R -439.08032503 1
100 S -437.452280427 0
100 T -436.828022745 0
100 V -436.458055275 0
100 W -438.580242074 0
100 Y -436.44802739 0
101 A -426.466603659 0
101 C -426.955385489 0
101 D -426.706302075 0
101 E -427.661605233 0
101 F -432.461899889 0
101 G -422.657041649 0
101 H -427.991817455 0
101 I -432.049645245 0
101 K -425.254551253 0
101 L -436.948176072 1
101 M -431.845015909 0
101 N -427.968453093 0
101 P -385.722910091 0
101 Q -427.127427886 0
101 R -423.553160705 0
101 S -426.12880612 0
101 T -426.794005438 0
101 V -428.754724568 0
101 W -427.501088776 0
101 Y -421.447778526 0
102 A -437.9894836 0
102 C -436.659615191 0
102 D -437.438843736 0
102 E -439.63063644 0
102 F -439.114736947 0
102 G -435.989605717 0
102 H -439.061018009 0
102 I -438.418314435 0
102 K -440.571193798 0
102 L -439.832457091 0
102 M -438.790367329 0
102 N -437.694052589 0
102 P -417.108257112 0
102 Q -439.095037686 1
102 R -437.173746886 0
102 S -438.482072774 0
102 T -439.115630266 0
102 V -439.707941392 0
102 W -438.089343544 0
102 Y -439.383821215 0
103 A -436.032527728 0
103 C -433.993590734 0
103 D -439.066776831 1
103 E -437.842094706 0
103 F -435.351281989 0
103 G -434.788890856 0
103 H -436.217324933 0
103 I -435.047374256 0
103 K -435.371451115 0
103 L -435.869495581 0
103 M -436.604410305 0
103 N -434.782178901 0
103 P -437.697701238 0
103 Q -436.278888172 0
103 R -435.50729329 0
103 S -435.622252655 0
103 T -435.188178415 0
103 V -435.112203151 0
103 W -435.51245657 0
103 Y -435.421833703 0
104 A -431.024184297 0
104 C -429.900679118 0
104 D -432.437844795 0
104 E -431.69158074 0
104 F -432.022361215 0
104 G -439.081106313 1
104 H -432.905921448 0
104 I -417.64164506 0
104 K -433.644467305 0
104 L -432.015605821 0
104 M -430.702285385 0
104 N -433.71259366 0
104 P -361.055759718 0
104 Q -432.208655059 0
104 R -432.87574952 0
104 S -430.960834956 0
104 T -427.21451777 0
104 V -417.003163741 0
104 W -430.267893546 0
104 Y -431.439409537 0
105 A -434.055065898 0
105 C -433.348476022 0
105 D -431.22613013 0
105 E -433.301131403 0
105 F -436.303589769 0
105 G -429.595840175 0
105 H -436.001091004 0
105 I -438.983053514 0
105 K -437.337981936 0
105 L -436.709153808 0
105 M -435.532759009 0
105 N -433.413612035 0
105 P -381.498708921 0
105 Q -433.31488857 0
105 R -436.847630885 0
105 S -434.06258207 0
105 T -436.749384739 0
105 V -439.090639178 1
105 W -435.008880475 0
105 Y -435.559429184 0
106 A -434.974479901 0
106 C -434.548407285 0
106 D -435.941677772 0
106 E -436.257987843 0
106 F -435.075232816 0
106 G -432.263557166 0
106 H -434.967380764 0
106 I -439.066252568 1
106 K -435.899522821 0
106 L -437.650751823 0
106 M -436.545866011 0
106 N -435.715236497 0
106 P -434.094721087 0
106 Q -435.239983158 0
106 R -432.980629418 0
106 S -435.388443096 0
106 T -437.411404355 0
106 V -438.252783735 0
106 W -435.977607828 0
106 Y -434.981043115 0
107 A -427.293526953 0
107 C -427.500477485 0
107 D -425.764989253 0
107 E -425.612476833 0
107 F -436.768400628 0
107 G -423.510203793 0
107 H -431.895137111 0
107 I -430.128037939 0
107 K -426.980041618 0
107 L -432.124661016 0
107 M -430.052014196 0
107 N -429.181436612 0
107 P -402.549776052 0
107 Q -428.214455742 0
107 R -424.294747678 0
107 S -426.159600195 0
107 T -426.492809993 0
107 V -428.511058629 0
107 W -430.837733214 0
107 Y -438.467980236 1
108 A -435.120901176 0
108 C -432.859652768 0
108 D -428.872335665 0
108 E -432.999564443 0
108 F -404.247991436 0
108 G -430.32072496 0
108 H -418.845436509 0
108 I -436.231501787 0
108 K -433.451728266 0
108 L -435.411628822 1
108 M -437.01632729 0
108 N -428.473281056 0
108 P -395.724313182 0
108 Q -434.230415931 0
108 R -435.685406997 0
108 S -433.227461477 0
108 T -430.248399832 0
108 V -436.756962185 0
108 W -432.807807958 0
108 Y -403.247142212 0
109 A -421.140001391 0
109 C -428.49922138 0
109 D -424.838940582 0
109 E -418.901087095 0
109 F -439.111700572 1
109 G -423.468805655 0
109 H -430.888037418 0
109 I -433.545981926 0
109 K -425.430553681 0
109 L -425.811828476 0
109 M -431.12843102 0
109 N -419.872321879 0
109 P -403.909592043 0
109 Q -425.768214759 0
109 R -417.377813768 0
109 S -426.700307668 0
109 T -423.497846474 0
109 V -433.146336901 0
109 W -427.897201265 0
109 Y -437.143787453 0
110 A -428.693815713 0
110 C -420.603844349 0
110 D -423.664732311 0
110 E -423.200747052 0
110 F -438.761198873 1
110 G -425.164896245 0
110 H -429.386769951 0
110 I -423.008970955 0
110 K -423.254095895 0
110 L -422.563215215 0
110 M -430.971694045 0
110 N -427.062552672 0
110 P -374.674101946 0
110 Q -425.428174128 0
110 R -414.063057362 0
110 S -427.039167921 0
110 T -421.084729757 0
110 V -427.397546193 0
110 W -408.966183286 0
110 Y -438.654406613 0
111 A -436.50905443 0
111 C -436.626479965 0
111 D -434.573171812 0
111 E -424.15734074 0
111 F -403.919624831 0
111 G -431.236117129 0
111 H -420.856156039 0
111 I -424.244443812 0
111 K -416.199034452 0
111 L -427.598115512 0
111 M -425.216620679 0
111 N -437.920179952 0
111 P -392.09573125 0
111 Q -424.641997571 0
111 R -421.324130026 0
111 S -435.516131208 0
111 T -436.423232896 0
111 V -431.556188424 1
111 W -404.132341061 0
111 Y -397.882853889 0
112 A -425.487578483 0
112 C -433.3730873 0
112 D -431.262971662 0
112 E -427.883965807 0
112 F -416.277469356 0
112 G -429.661647783 0
112 H -418.120113292 0
112 I -420.858754719 0
112 K -415.219152111 0
112 L -434.193031585 0
112 M -431.207955661 0
112 N -431.504270016 0
112 P -417.70581183 0
112 Q -422.815477135 0
112 R -416.795114279 0
112 S -427.736467421 0
112 T -431.337771914 1
112 V -427.664813091 0
112 W -409.84425161 0
112 Y -401.058877892 0
113 A -426.86246182 0
113 C -432.698092664 0
113 D -431.312111009 0
113 E -425.192593865 0
113 F -439.056903017 1
113 G -428.783858462 0
113 H -427.79698857 0
113 I -421.289564261 0
113 K -419.724964872 0
113 L -433.695576805 0
113 M -436.250691491 0
113 N -425.476105721 0
113 P -398.282270176 0
113 Q -432.870893901 0
113 R -424.481427727 0
113 S -425.64886774 0
113 T -434.482025245 0
113 V -429.212609107 0
113 W -432.588265145 0
113 Y -437.026316532 0
114 A -433.19212856 0
114 C -433.178253662 0
114 D -433.92221109 0
114 E -434.93319985 0
114 F -433.257847281 0
114 G -431.128296046 0
114 H -434.057876806 0
114 I -435.816382491 0
114 K -435.621637122 0
114 L -434.417219386 0
114 M -434.164172811 0
114 N -434.083158222 0
114 P -439.074632315 1
114 Q -433.085610624 0
114 R -436.355013006 0
114 S -433.929033986 0
114 T -433.466025445 0
114 V -434.989691447 0
114 W -433.159042879 0
114 Y -433.29816674 0
115 A -431.523191392 0
115 C -427.807259802 0
115 D -433.903176435 0
115 E -432.463541422 0
115 F -424.787474237 0
115 G -439.073465138 1
115 H -433.801080992 0
115 I -418.567659422 0
115 K -425.941465983 0
115 L -432.664973336 0
115 M -429.888135951 0
115 N -434.993059855 0
115 P -369.250246801 0
115 Q -431.286031067 0
115 R -433.271601223 0
115 S -432.434454332 0
115 T -430.920100368 0
115 V -417.853906159 0
115 W -431.604150819 0
115 Y -432.225914017 0
116 A -435.748364971 0
116 C -434.832720051 0
116 D -426.928255116 0
116 E -424.837931814 0
116 F -439.178916093 0
116 G -430.849463469 0
116 H -429.85002388 0
116 I -423.521468584 0
116 K -433.206868184 0
116 L -437.85205355 0
116 M -433.117468255 0
116 N -436.014404058 0
116 P -357.89268592 0
116 Q -434.072686165 0
116 R -439.090437413 1
116 S -428.742842985 0
116 T -426.642896934 0
116 V -432.17060489 0
116 W -429.266151913 0
116 Y -435.159830163 0
117 A -436.481016061 0
117 C -433.878593948 0
117 D -428.507826057 0
117 E -436.769469546 0
117 F -437.418915578 0
117 G -425.883590068 0
117 H -431.304935869 1
117 I -430.657293378 0
117 K -424.987297677 0
117 L -429.639471384 0
117 M -424.808471006 0
117 N -436.215802125 0
117 P -422.420885578 0
117 Q -435.273266604 0
117 R -432.603288945 0
117 S -437.207507852 0
117 T -424.967095905 0
117 V -434.102717083 0
117 W -430.769576145 0
117 Y -429.978223472 0
118 A -436.307572679 0
118 C -433.585586724 0
118 D -436.988642167 0
118 E -437.368628732 0
118 F -435.817542844 0
118 G -434.320261147 0
118 H -436.147719632 0
118 I -436.065743364 0
118 K -429.024332779 0
118 L -437.560099236 0
118 M -435.970953767 0
118 N -436.898374475 0
118 P -415.078324459 0
118 Q -435.400968323 0
118 R -431.259647288 1
118 S -435.561465853 0
118 T -435.149422279 0
118 V -435.802974541 0
118 W -435.96527226 0
118 Y -427.160700793 0
119 A -435.452734846 0
119 C -426.516646154 0
119 D -437.174062779 0
119 E -436.808312027 0
119 F -430.244357635 0
119 G -433.842297234 0
119 H -438.148484821 0
119 I -437.797000274 0
119 K -438.323257849 0
119 L -439.067816337 1
119 M -437.357049872 0
119 N -436.973980823 0
119 P -403.318243474 0
119 Q -436.114740058 0
119 R -438.118414168 0
119 S -436.406979837 0
119 T -437.200186897 0
119 V -437.207966545 0
119 W -436.303099453 0
119 Y -437.896162148 0
120 A -433.626297372 0
120 C -432.361998355 0
120 D -428.99887236 0
120 E -431.321559332 0
120 F -409.196473853 0
120 G -428.070866655 0
120 H -425.310070008 0
120 I -431.425887385 0
120 K -420.545156863 0
120 L -436.162514868 0
120 M -431.460175107 1
120 N -432.865005103 0
120 P -355.586560471 0
120 Q -430.781526644 0
120 R -425.573093328 0
120 S -430.396426177 0
120 T -430.779372404 0
120 V -431.505734764 0
120 W -411.203649957 0
120 Y -407.252069175 0
121 A -436.134624857 0
121 C -434.519699295 0
121 D -429.380470256 0
121 E -426.146636564 0
121 F -437.819116633 0
121 G -433.115847886 0
121 H -436.818767077 0
121 I -427.70577694 0
121 K -435.72858286 0
121 L -435.737498434 0
121 M -436.547083858 0
121 N -436.521387944 0
121 P -387.621658482 0
121 Q -426.650160913 0
121 R -436.685639095 0
121 S -435.998957234 0
121 T -427.026089457 0
121 V -428.057009771 0
121 W -438.452659222 1
121 Y -429.97857992 0
122 A -423.251016101 0
122 C -398.820094408 0
122 D -388.245007496 0
122 E -385.759392732 0
122 F -393.416175244 0
122 G -438.38410806 1
122 H -398.269269632 0
122 I -378.042071933 0
122 K -388.126873647 0
122 L -403.966999764 0
122 M -405.156479858 0
122 N -398.519714338 0
122 P -341.300744779 0
122 Q -401.758315257 0
122 R -397.825955971 0
122 S -395.414585128 0
122 T -377.58958517 0
122 V -379.383107748 0
122 W -388.509912837 0
122 Y -400.835541916 0
123 A -434.889115495 0
123 C -434.361024961 0
123 D -434.718660608 0
123 E -436.405385028 0
123 F -439.172468093 0
123 G -432.951145522 0
123 H -437.009038265 0
123 I -436.226018543 0
123 K -436.732512421 0
123 L -437.333639777 0
123 M -436.500154042 0
123 N -435.368500675 0
123 P -418.715397272 0
123 Q -434.619005503 0
123 R -437.168067084 0
123 S -435.004049929 0
123 T -435.104952013 0
123 V -435.853663091 0
123 W -437.17330638 0
123 Y -439.075433593 1
124 A -429.12531242 0
124 C -430.034443618 0
124 D -428.02596535 0
124 E -432.359535215 0
124 F -433.742941586 0
124 G -423.903113806 0
124 H -431.560609874 0
124 I -432.14089163 0
124 K -424.229188273 0
124 L -438.430441982 1
124 M -436.905990972 0
124 N -430.032091526 0
124 P -387.782585186 0
124 Q -433.276211848 0
124 R -424.628848239 0
124 S -429.173408702 0
124 T -431.139232852 0
124 V -435.646724385 0
124 W -432.288316586 0
124 Y -432.517604057 0
125 A -434.242684609 0
125 C -433.484513921 0
125 D -437.013564309 0
125 E -438.485608859 1
125 F -433.063473585 0
125 G -430.626724868 0
125 H -432.214929784 0
125 I -436.987945866 0
125 K -434.259248623 0
125 L -432.271460267 0
125 M -432.995755222 0
125 N -435.832125494 0
125 P -391.706562697 0
125 Q -437.25344571 0
125 R -432.268948027 0
125 S -434.4560114 0
125 T -435.038814026 0
125 V -436.79277426 0
125 W -433.445499846 0
125 Y -433.039344757 0
126 A -429.275941187 0
126 C -428.287640218 0
126 D -428.90055255 0
126 E -427.262196836 0
126 F -431.050973918 0
126 G -425.834425753 0
126 H -426.742951209 0
126 I -436.818533348 0
126 K -430.046057412 0
126 L -439.086373145 1
126 M -431.318508599 0
126 N -429.546227676 0
126 P -426.68363159 0
126 Q -429.346759072 0
126 R -430.09605667 0
126 S -429.9803634 0
126 T -431.948032789 0
126 V -434.991961924 0
126 W -425.671555504 0
126 Y -430.333931574 0
127 A -436.925368759 0
127 C -436.263180521 0
127 D -435.55633655 0
127 E -437.252063685 0
127 F -435.935702995 0
127 G -436.589409418 0
127 H -438.347952723 0
127 I -439.375948839 0
127 K -439.093508352 1
127 L -437.33712482 0
127 M -438.811253769 0
127 N -436.488461832 0
127 P -409.874699657 0
127 Q -436.671940259 0
127 R -437.920544019 0
127 S -436.656410563 0
127 T -437.426461838 0
127 V -439.485511758 0
127 W -438.447053045 0
127 Y -435.538921412 0
