1 A -435.861271823 0
1 C -434.450192685 0
1 D -437.33370835 0
1 E -437.324226128 0
1 F -436.329748048 0
1 G -436.252093599 0
1 H -437.093318677 0
1 I -435.861338198 0
1 K -437.293282829 0
1 L -437.56648717 0
1 M -436.05130985 0
1 N -435.976416748 0
1 P -440.347440642 1
1 Q -436.010872701 0
1 R -436.524203155 0
1 S -437.001812244 0
1 T -435.795417995 0
1 V -435.083925905 0
1 W -438.30986816 0
1 Y -436.604113152 0
2 A -440.341349343 1
2 C -440.341349343 1
2 D -440.341349343 1
2 E -440.341349343 1
2 F -440.341349343 1
2 G -440.341349343 1
2 H -440.341349343 1
2 I -440.341349343 1
2 K -440.341349343 1
2 L -440.341349343 1
2 M -440.341349343 1
2 N -440.341349343 1
2 P -440.341349343 1
2 Q -440.341349343 1
2 R -440.095837751 1
2 S -440.341349343 1
2 T -440.341349343 1
2 V -440.341349343 1
2 W -440.341349343 1
2 Y -440.341349343 1
3 A -439.487232493 0
3 C -438.012181468 0
3 D -435.20332828 0
3 E -438.162305653 0
3 F -437.254097021 0
3 G -436.728914522 0
3 H -437.3603155 0
3 I -436.016025452 0
3 K -438.373935246 0
3 L -438.259598089 0
3 M -438.872906688 0
3 N -437.332542825 0
3 P -362.362074367 0
3 Q -438.666631153 0
3 R -440.320943177 1
3 S -438.895217596 0
3 T -438.359493331 0
3 V -437.557162528 0
3 W -436.919815962 0
3 Y -436.787770318 0
4 A -435.751516196 0
4 C -433.976185204 0
4 D -431.871356837 0
4 E -434.378758141 0
4 F -437.827055253 0
4 G -431.602431167 0
4 H -437.567120452 0
4 I -440.893368745 0
4 K -433.99422934 0
4 L -435.969693054 0
4 M -435.798650506 0
4 N -433.315689311 0
4 P -390.730075977 0
4 Q -435.587031529 0
4 R -434.732045335 0
4 S -435.039223972 0
4 T -434.301451434 0
4 V -440.348620825 1
4 W -435.140049443 0
4 Y -430.160369603 0
5 A -437.467145712 0
5 C -436.943968224 0
5 D -437.601488121 0
5 E -439.780945661 0
5 F -440.712732123 0
5 G -434.767624295 0
5 H -439.32945731 0
5 I -442.351227768 0
5 K -440.079942688 0
5 L -441.50121045 0
5 M -440.149607306 0
5 N -438.730537279 0
5 P -433.793506608 0
5 Q -438.032950461 0
5 R -440.363866499 1
5 S -438.152822479 0
5 T -439.722557737 0
5 V -441.492403516 0
5 W -440.714080206 0
5 Y -440.59044505 0
6 A -433.43337313 0
6 C -433.275829047 0
6 D -430.041707446 0
6 E -433.099590371 0
6 F -421.206825271 0
6 G -429.44303001 0
6 H -427.789827275 0
6 I -440.886998265 0
6 K -422.929911575 0
6 L -432.469237802 1
6 M -439.344750614 0
6 N -433.53175637 0
6 P -394.542626837 0
6 Q -434.508607263 0
6 R -430.680927535 0
6 S -433.159522329 0
6 T -435.956871554 0
6 V -438.815474915 0
6 W -426.679400647 0
6 Y -414.177007859 0
7 A -438.311079788 0
7 C -437.955815117 0
7 D -434.255038382 0
7 E -435.799846743 0
7 F -440.639105284 0
7 G -435.835414385 0
7 H -442.733160489 0
7 I -432.199296269 0
7 K -437.789170714 0
7 L -440.441864215 0
7 M -438.409308266 0
7 N -437.722362001 0
7 P -417.045757194 0
7 Q -436.958646755 0
7 R -440.363186223 1
7 S -437.275708381 0
7 T -437.818603246 0
7 V -440.217400585 0
7 W -439.95364859 0
7 Y -440.717431514 0
8 A -430.433910709 0
8 C -435.486044135 0
8 D -423.659799315 0
8 E -425.506314213 0
8 F -419.547374775 0
8 G -424.334806024 0
8 H -423.371205664 0
8 I -433.06940744 0
8 K -417.364461851 0
8 L -429.955711592 0
8 M -427.542742224 0
8 N -435.077615211 0
8 P -386.491797731 0
8 Q -432.185243691 0
8 R -411.893280265 0
8 S -434.940386174 0
8 T -436.367671788 0
8 V -440.356076789 1
8 W -400.688425679 0
8 Y -419.460608901 0
9 A -432.626756159 0
9 C -432.726913935 0
9 D -440.336142845 1
9 E -435.020643965 0
9 F -435.581646151 0
9 G -435.952694539 0
9 H -434.20640095 0
9 I -434.21039073 0
9 K -434.124160434 0
9 L -435.928831436 0
9 M -434.510156799 0
9 N -439.377286471 0
9 P -413.716168147 0
9 Q -432.543848774 0
9 R -433.543225008 0
9 S -437.215037411 0
9 T -437.756593407 0
9 V -434.042861855 0
9 W -432.595465263 0
9 Y -433.010267916 0
10 A -430.027901863 0
10 C -428.346046314 0
10 D -440.343951079 1
10 E -434.44235346 0
10 F -430.028825816 0
10 G -428.520559204 0
10 H -433.761372636 0
10 I -429.294495295 0
10 K -422.605266785 0
10 L -430.162856824 0
10 M -429.48691322 0
10 N -431.079461248 0
10 P -423.793845642 0
10 Q -432.115097206 0
10 R -429.980270294 0
10 S -430.901431065 0
10 T -430.721577154 0
10 V -429.210858769 0
10 W -430.95340901 0
10 Y -430.19952725 0
11 A -430.236649296 0
11 C -436.673454974 0
11 D -439.920993289 0
11 E -439.153905798 0
11 F -439.518508482 0
11 G -438.036356058 0
11 H -440.986783389 0
11 I -437.768441209 0
11 K -439.805343326 0
11 L -440.344839616 1
11 M -438.641335953 0
11 N -440.657301726 0
11 P -403.365368189 0
11 Q -438.477001784 0
11 R -439.916726662 0
11 S -430.796239436 0
11 T -430.40909716 0
11 V -437.746568458 0
11 W -438.577309562 0
11 Y -439.313034755 0
12 A -437.739223988 0
12 C -436.144940813 0
12 D -429.597927765 0
12 E -429.277802737 0
12 F -422.807987135 0
12 G -436.956910597 0
12 H -437.404133152 0
12 I -422.262368449 0
12 K -437.96823464 0
12 L -437.537979088 0
12 M -436.4993154 0
12 N -431.456826929 0
12 P -386.209603792 0
12 Q -438.269245289 0
12 R -440.354094024 1
12 S -435.565332966 0
12 T -431.202269854 0
12 V -422.690211215 0
12 W -437.813819603 0
12 Y -434.577013525 0
13 A -435.903690645 0
13 C -436.013720535 0
13 D -433.17504192 0
13 E -436.131122994 0
13 F -437.048918058 0
13 G -433.37485402 0
13 H -437.42366654 0
13 I -436.516999357 0
13 K -430.749490337 0
13 L -438.658894906 0
13 M -436.106830615 0
13 N -437.079869145 0
13 P -411.094602816 0
13 Q -436.755867726 0
13 R -440.34529592 1
13 S -435.585275911 0
13 T -435.505478822 0
13 V -436.083350085 0
13 W -436.052291224 0
13 Y -437.758718255 0
14 A -431.234367076 0
14 C -432.152843986 0
14 D -431.497659535 0
14 E -431.882618029 0
14 F -440.352773783 1
14 G -429.596417166 0
14 H -434.319892465 0
14 I -435.789405314 0
14 K -428.364331804 0
14 L -433.764769677 0
14 M -435.868276501 0
14 N -431.984486069 0
14 P -431.454328207 0
14 Q -432.803528268 0
14 R -431.843999357 0
14 S -431.35467397 0
14 T -434.440599432 0
14 V -433.403990297 0
14 W -439.235054797 0
14 Y -433.032086616 0
15 A -432.64668396 0
15 C -432.223284153 0
15 D -440.336463711 1
15 E -433.750150811 0
15 F -433.93872924 0
15 G -432.426812473 0
15 H -433.425969308 0
15 I -425.1637969 0
15 K -434.929905415 0
15 L -433.799704392 0
15 M -434.716384006 0
15 N -437.131850876 0
15 P -406.889429825 0
15 Q -433.657281102 0
15 R -434.773559573 0
15 S -434.063878387 0
15 T -436.074536013 0
15 V -433.658299096 0
15 W -432.854011327 0
15 Y -433.497456886 0
16 A -438.456081632 0
16 C -435.511393489 0
16 D -438.062108924 0
16 E -437.544629367 0
16 F -438.17723514 0
16 G -435.527897007 0
16 H -439.215448685 0
16 I -438.518022102 0
16 K -439.758725653 0
16 L -436.705864241 0
16 M -438.429073418 0
16 N -438.345422166 0
16 P -392.55269649 0
16 Q -437.670324465 0
16 R -439.720063533 0
16 S -440.355875649 1
16 T -441.496675329 0
16 V -437.831336251 0
16 W -436.418903926 0
16 Y -438.205206027 0
17 A -435.797424887 0
17 C -428.159516149 0
17 D -437.66534472 0
17 E -437.554201417 0
17 F -437.388903888 0
17 G -434.536168013 0
17 H -440.341657385 1
17 I -437.502459513 0
17 K -437.392494572 0
17 L -437.162602606 0
17 M -434.807423503 0
17 N -437.093176397 0
17 P -425.968563813 0
17 Q -435.548907148 0
17 R -437.123533099 0
17 S -432.07372724 0
17 T -431.638688553 0
17 V -436.742702625 0
17 W -429.091131017 0
17 Y -436.5375702 0
18 A -436.132703249 0
18 C -434.867401529 0
18 D -435.081014612 0
18 E -436.93294698 0
18 F -440.688354131 0
18 G -433.472253257 0
18 H -439.111798571 0
18 I -437.945640971 0
18 K -437.734345129 0
18 L -438.240167176 0
18 M -437.045083299 0
18 N -436.152154489 0
18 P -395.205243029 0
18 Q -434.966051089 0
18 R -437.294637508 0
18 S -437.276001105 0
18 T -435.036297014 0
18 V -436.332226051 0
18 W -439.443147489 0
18 Y -440.366092317 1
19 A -429.94469511 0
19 C -430.948945138 0
19 D -429.345574176 0
19 E -434.38479702 0
19 F -434.041640271 0
19 G -424.90850207 0
19 H -432.11081903 0
19 I -440.340128003 1
19 K -423.753395963 0
19 L -437.512451114 0
19 M -435.059170026 0
19 N -431.450292801 0
19 P -386.106383793 0
19 Q -434.399490665 0
19 R -420.817975279 0
19 S -429.811306646 0
19 T -432.782272787 0
19 V -437.403514496 0
19 W -420.906564497 0
19 Y -429.321423545 0
20 A -435.573384828 0
20 C -435.235848151 0
20 D -430.059476781 0
20 E -436.888313493 0
20 F -433.914211373 0
20 G -432.489387033 0
20 H -432.788299793 0
20 I -436.223422193 0
20 K -437.206321115 0
20 L -440.347974834 1
20 M -438.758400576 0
20 N -436.40549297 0
20 P -427.807100312 0
20 Q -435.6764123 0
20 R -436.668153728 0
20 S -435.638328861 0
20 T -436.072058006 0
20 V -438.827011087 0
20 W -433.912961676 0
20 Y -433.993301776 0
21 A -429.681811292 0
21 C -432.495105895 0
21 D -428.844032653 0
21 E -432.50125615 0
21 F -425.568769714 0
21 G -422.675759317 0
21 H -425.211684676 0
21 I -436.870228582 0
21 K -421.657479783 0
21 L -436.372702422 0
21 M -432.63852756 0
21 N -429.912000074 0
21 P -394.841672022 0
21 Q -427.502306825 0
21 R -425.256641583 0
21 S -429.085203297 0
21 T -432.113330965 0
21 V -440.341367309 1
21 W -420.410008281 0
21 Y -424.575066069 0
22 A -432.489435159 0
22 C -431.282027514 0
22 D -440.341088588 1
22 E -434.565911509 0
22 F -432.653485184 0
22 G -429.959966366 0
22 H -433.558663696 0
22 I -434.067688605 0
22 K -432.045474465 0
22 L -433.503733801 0
22 M -433.501151903 0
22 N -434.908759182 0
22 P -432.619821674 0
22 Q -433.505588321 0
22 R -431.870907171 0
22 S -432.351493589 0
22 T -432.372492548 0
22 V -433.504527054 0
22 W -435.342807948 0
22 Y -432.649371869 0
23 A -435.848229116 0
23 C -434.222654255 0
23 D -433.487732118 0
23 E -435.263489042 0
23 F -435.076587163 0
23 G -434.225147709 0
23 H -436.018781697 0
23 I -435.783733183 0
23 K -440.352988038 1
23 L -436.51169149 0
23 M -437.05871148 0
23 N -434.085246675 0
23 P -392.430037332 0
23 Q -435.663395204 0
23 R -437.83305668 0
23 S -435.759938882 0
23 T -433.706690724 0
23 V -434.553816281 0
23 W -436.432572346 0
23 Y -434.68433583 0
24 A -435.581991693 0
24 C -434.41522969 0
24 D -435.330408818 0
24 E -435.485229361 0
24 F -433.794157881 0
24 G -434.879885726 0
24 H -436.630318746 0
24 I -434.480117375 0
24 K -436.858377486 0
24 L -435.817032837 0
24 M -435.30473882 0
24 N -436.770879001 0
24 P -417.650342925 0
24 Q -435.593545867 0
24 R -440.346839371 1
24 S -437.278091073 0
24 T -434.922226567 0
24 V -434.124019952 0
24 W -434.509930914 0
24 Y -433.283364271 0
25 A -440.339995574 1
25 C -440.339995574 1
25 D -440.339995574 1
25 E -440.339995574 1
25 F -440.339995574 1
25 G -440.339995574 1
25 H -440.339995574 1
25 I -440.339995574 1
25 K -440.180402183 1
25 L -440.339995574 1
25 M -440.339995574 1
25 N -440.339995574 1
25 P -440.339995574 1
25 Q -440.339995574 1
25 R -440.339995574 1
25 S -440.339995574 1
25 T -440.339995574 1
25 V -440.339995574 1
25 W -440.339995574 1
25 Y -440.339995574 1
26 A -438.666775123 0
26 C -436.103416873 0
26 D -440.30618283 0
26 E -441.005442056 0
26 F -436.40545692 0
26 G -437.436002635 0
26 H -438.573151381 0
26 I -438.776395759 0
26 K -440.092917334 0
26 L -440.343227287 1
26 M -438.501060054 0
26 N -438.913793995 0
26 P -436.20880034 0
26 Q -438.747974632 0
26 R -439.565064937 0
26 S -439.274343127 0
26 T -439.015448858 0
26 V -436.814822278 0
26 W -437.630051744 0
26 Y -436.9357635 0
27 A -439.63306726 0
27 C -437.687409725 0
27 D -436.383253618 0
27 E -439.201846221 0
27 F -440.531490836 0
27 G -436.062294873 0
27 H -440.317001025 0
27 I -437.223757195 0
27 K -439.393045413 0
27 L -440.343023609 1
27 M -439.481223462 0
27 N -438.704430475 0
27 P -409.075927562 0
27 Q -438.271887193 0
27 R -439.422064383 0
27 S -439.417553699 0
27 T -439.297816091 0
27 V -439.617215374 0
27 W -439.091267155 0
27 Y -440.76470892 0
28 A -430.791972694 0
28 C -430.617389888 0
28 D -430.618662552 0
28 E -431.554359201 0
28 F -442.211580017 0
28 G -425.479432011 0
28 H -437.024663527 0
28 I -435.416461069 0
28 K -427.65274226 0
28 L -433.659129006 0
28 M -433.653516784 0
28 N -432.861102141 0
28 P -391.33581715 0
28 Q -432.182593445 0
28 R -428.051705739 0
28 S -430.552568077 0
28 T -432.388654354 0
28 V -435.726387065 0
28 W -439.73742463 0
28 Y -440.36088784 1
29 A -434.668314298 0
29 C -435.026200899 0
29 D -432.666437565 0
29 E -437.865944526 0
29 F -434.387374248 0
29 G -430.456800494 0
29 H -433.853246135 0
29 I -437.419987454 0
29 K -435.839314437 0
29 L -440.343960085 1
29 M -437.808619287 0
29 N -434.377477335 0
29 P -396.820149564 0
29 Q -435.783996424 0
29 R -436.173360389 0
29 S -434.539164728 0
29 T -435.430846459 0
29 V -437.018244023 0
29 W -430.337913465 0
29 Y -431.093248505 0
30 A -432.592811704 0
30 C -434.146552929 0
30 D -432.107379192 0
30 E -427.789524067 0
30 F -434.71229303 0
30 G -425.227980037 0
30 H -434.246433229 0
30 I -438.266867562 0
30 K -414.274529997 0
30 L -434.425008917 0
30 M -431.060853215 0
30 N -433.778351688 0
30 P -404.785623055 0
30 Q -429.920371355 0
30 R -418.50340213 0
30 S -432.123045012 0
30 T -435.123366714 0
30 V -440.333911324 1
30 W -425.045348033 0
30 Y -428.482039229 0
31 A -435.416755383 0
31 C -435.234010316 0
31 D -434.29884505 0
31 E -434.218238388 0
31 F -436.373971711 0
31 G -429.331625913 0
31 H -436.561480753 0
31 I -441.40519997 0
31 K -433.684180547 0
31 L -437.759198789 0
31 M -437.827966107 0
31 N -436.738040997 0
31 P -403.24523222 0
31 Q -438.512531173 0
31 R -438.773827704 0
31 S -434.752798904 0
31 T -436.427410219 0
31 V -440.352341196 1
31 W -438.911110576 0
31 Y -436.249907978 0
32 A -419.420181186 0
32 C -424.925123478 0
32 D -422.412842783 0
32 E -421.915994543 0
32 F -425.785595875 0
32 G -415.503649179 0
32 H -426.028946574 0
32 I -429.658562627 0
32 K -418.39887092 0
32 L -440.353853963 1
32 M -427.987076984 0
32 N -424.530091638 0
32 P -390.402369106 0
32 Q -425.219103632 0
32 R -414.958652758 0
32 S -420.07140271 0
32 T -426.169140809 0
32 V -429.933325111 0
32 W -412.407543037 0
32 Y -424.791232485 0
33 A -435.912685209 0
33 C -436.212285785 0
33 D -434.046197974 0
33 E -437.242882288 0
33 F -435.702021906 0
33 G -434.436680055 0
33 H -434.232729082 0
33 I -437.551600143 0
33 K -437.358181062 0
33 L -440.345428078 1
33 M -438.10537191 0
33 N -435.950174162 0
33 P -401.882876192 0
33 Q -441.159495131 0
33 R -437.904236224 0
33 S -436.528094007 0
33 T -438.793088403 0
33 V -440.119324685 0
33 W -431.394317206 0
33 Y -434.958142974 0
34 A -434.787478093 0
34 C -435.033733316 0
34 D -436.436687947 0
34 E -426.405495546 0
34 F -429.618033316 0
34 G -418.905775798 0
34 H -440.356164617 1
34 I -432.612591926 0
34 K -427.024099959 0
34 L -421.967300892 0
34 M -427.027638315 0
34 N -440.223907568 0
34 P -386.843308703 0
34 Q -433.349195781 0
34 R -428.458527327 0
34 S -434.986816623 0
34 T -434.37675896 0
34 V -438.289732723 0
34 W -423.082339974 0
34 Y -437.250984795 0
35 A -435.783280998 0
35 C -434.946597013 0
35 D -440.339115679 1
35 E -440.665804203 0
35 F -436.880778917 0
35 G -435.927787731 0
35 H -438.599536808 0
35 I -437.092954348 0
35 K -436.817221789 0
35 L -436.598145443 0
35 M -437.223675805 0
35 N -437.932090353 0
35 P -439.004467685 0
35 Q -437.493933916 0
35 R -436.38873917 0
35 S -438.383979962 0
35 T -437.94810769 0
35 V -436.286321819 0
35 W -435.104079677 0
35 Y -436.643243662 0
36 A -424.897815062 0
36 C -415.248892767 0
36 D -413.91364049 0
36 E -407.539264459 0
36 F -404.112871717 0
36 G -440.334889571 1
36 H -406.506578414 0
36 I -402.106731496 0
36 K -397.079863381 0
36 L -409.757353466 0
36 M -405.06825797 0
36 N -412.841298473 0
36 P -390.710561862 0
36 Q -406.010066585 0
36 R -409.570004924 0
36 S -420.84555149 0
36 T -415.029105124 0
36 V -408.470813354 0
36 W -380.073868392 0
36 Y -398.361837885 0
37 A -437.342190897 0
37 C -437.021661143 0
37 D -439.216803446 0
37 E -439.801120813 0
37 F -439.591946196 0
37 G -437.22027996 0
37 H -439.962438166 0
37 I -438.8154356 0
37 K -440.334567586 1
37 L -440.054842634 0
37 M -437.921554576 0
37 N -439.397647799 0
37 P -425.608805267 0
37 Q -439.025418835 0
37 R -439.703427196 0
37 S -439.042287047 0
37 T -439.810391983 0
37 V -438.996760156 0
37 W -439.331363549 0
37 Y -439.329708593 0
38 A -437.105748016 0
38 C -434.781589907 0
38 D -435.496426344 0
38 E -437.23703278 0
38 F -436.341881308 0
38 G -435.667767176 0
38 H -436.853279999 0
38 I -435.183848253 0
38 K -437.996346873 0
38 L -440.337774713 1
38 M -437.007860245 0
38 N -436.76590074 0
38 P -414.683415057 0
38 Q -437.097042421 0
38 R -437.297739174 0
38 S -436.05730673 0
38 T -433.973711583 0
38 V -433.897653453 0
38 W -435.779796455 0
38 Y -435.524479235 0
39 A -435.443166531 0
39 C -432.882232864 0
39 D -437.869684139 0
39 E -436.208431189 0
39 F -433.23372837 0
39 G -435.114448716 0
39 H -435.399063986 0
39 I -431.304066861 0
39 K -435.369345883 0
39 L -435.688311504 0
39 M -434.891124938 0
39 N -435.299013351 0
39 P -440.333360468 1
39 Q -434.535247806 0
39 R -434.653900501 0
39 S -436.107628845 0
39 T -434.746296231 0
39 V -431.680259627 0
39 W -433.372135886 0
39 Y -433.178559369 0
40 A -438.824389367 0
40 C -436.1207935 0
40 D -438.362175993 0
40 E -440.447777454 0
40 F -437.138014768 0
40 G -436.166167452 0
40 H -439.181946297 0
40 I -440.357777671 1
40 K -435.02848039 0
40 L -440.563273746 0
40 M -439.488618746 0
40 N -437.457690344 0
40 P -438.744104528 0
40 Q -438.925207439 0
40 R -441.919429659 0
40 S -438.485783649 0
40 T -440.225795598 0
40 V -439.94700333 0
40 W -426.128401799 0
40 Y -437.854597181 0
41 A -437.524102651 0
41 C -435.327649651 0
41 D -438.626697861 0
41 E -440.191040345 0
41 F -437.831828773 0
41 G -435.648032267 0
41 H -440.331879589 1
41 I -434.65018621 0
41 K -438.330496524 0
41 L -434.235958291 0
41 M -437.382863152 0
41 N -438.318680149 0
41 P -421.841589122 0
41 Q -438.839839705 0
41 R -437.650896017 0
41 S -438.814687723 0
41 T -434.131520086 0
41 V -434.674972302 0
41 W -439.105883658 0
41 Y -437.754367423 0
42 A -436.636362257 0
42 C -435.574461805 0
42 D -437.374372466 0
42 E -438.705956853 0
42 F -436.151820252 0
42 G -433.270518026 0
42 H -436.250208596 0
42 I -440.282047486 0
42 K -438.448995451 0
42 L -439.560412409 0
42 M -437.478362646 0
42 N -436.869330518 0
42 P -392.624646072 0
42 Q -437.429857638 0
42 R -438.223856016 0
42 S -435.91843122 0
42 T -437.60709319 0
42 V -440.34242693 1
42 W -435.674702919 0
42 Y -436.294295762 0
43 A -439.630428771 0
43 C -435.624258528 0
43 D -437.067594219 0
43 E -435.562311023 0
43 F -429.215954482 0
43 G -426.520797188 0
43 H -437.199637571 0
43 I -431.700819802 0
43 K -425.238741484 0
43 L -432.896827205 0
43 M -437.36438526 0
43 N -432.169174594 1
43 P -361.725689751 0
43 Q -437.912449215 0
43 R -437.467531117 0
43 S -436.576650442 0
43 T -435.040923999 0
43 V -431.839808249 0
43 W -421.471452201 0
43 Y -428.815846388 0
44 A -433.336495894 0
44 C -415.871214801 0
44 D -407.319831098 0
44 E -404.565779381 0
44 F -381.394011133 0
44 G -440.352053188 1
44 H -386.937005947 0
44 I -397.820642215 0
44 K -396.333615496 0
44 L -398.144764745 0
44 M -409.916968215 0
44 N -412.180040044 0
44 P -410.52779248 0
44 Q -413.073296073 0
44 R -408.466890404 0
44 S -416.456107013 0
44 T -412.390447694 0
44 V -403.863113084 0
44 W -351.757582299 0
44 Y -371.170689202 0
45 A -440.356993097 1
45 C -439.58984751 0
45 D -428.510639755 0
45 E -429.98318724 0
45 F -439.237463705 0
45 G -431.087028029 0
45 H -439.705638695 0
45 I -435.928347824 0
45 K -430.369833345 0
45 L -436.982149062 0
45 M -439.555027435 0
45 N -439.756416414 0
45 P -396.356078135 0
45 Q -431.614754705 0
45 R -430.638199278 0
45 S -437.948934142 0
45 T -438.072353216 0
45 V -436.825571316 0
45 W -401.612557983 0
45 Y -437.074771769 0
46 A -434.083861423 0
46 C -434.35807798 0
46 D -427.312103629 0
46 E -422.374786118 0
46 F -420.440936771 0
46 G -430.924099309 0
46 H -424.112073884 0
46 I -428.015287464 0
46 K -425.243062492 0
46 L -427.5700202 0
46 M -423.562741938 0
46 N -440.358625911 1
46 P -407.3998028 0
46 Q -433.374412053 0
46 R -429.224300722 0
46 S -435.2238243 0
46 T -434.28431488 0
46 V -434.279645001 0
46 W -403.00108048 0
46 Y -405.712293368 0
47 A -427.95258122 0
47 C -428.215942044 0
47 D -421.595362769 0
47 E -428.683992187 0
47 F -430.12640229 0
47 G -421.83720791 0
47 H -432.847027835 0
47 I -430.834923346 0
47 K -427.198258699 0
47 L -427.009028143 0
47 M -428.716802573 0
47 N -430.003567522 0
47 P -393.055430012 0
47 Q -418.90407915 0
47 R -432.062001424 0
47 S -429.16563195 0
47 T -429.140367047 0
47 V -424.836483862 0
47 W -440.348936779 1
47 Y -437.486549386 0
48 A -431.513526623 0
48 C -432.762054526 0
48 D -427.233560919 0
48 E -425.982323502 0
48 F -419.687601398 0
48 G -417.498730617 0
48 H -422.075227078 0
48 I -436.837992111 0
48 K -424.951582974 0
48 L -425.471100814 0
48 M -431.410166857 0
48 N -431.193331874 0
48 P -367.107214623 0
48 Q -424.992076763 0
48 R -425.386418504 0
48 S -430.705891846 0
48 T -434.869704331 0
48 V -440.350771412 1
48 W -409.923873532 0
48 Y -415.676335192 0
49 A -429.661680207 0
49 C -428.198706486 0
49 D -424.110163821 0
49 E -428.091052463 0
49 F -431.059937624 0
49 G -424.566598846 0
49 H -430.892324791 0
49 I -429.388418213 0
49 K -421.23632996 0
49 L -440.36056654 1
49 M -432.744957275 0
49 N -430.034351434 0
49 P -387.59225138 0
49 Q -432.576533187 0
49 R -421.12943108 0
49 S -429.32138349 0
49 T -427.997078389 0
49 V -432.598904239 0
49 W -419.020923756 0
49 Y -429.99630498 0
50 A -439.082803122 0
50 C -435.294741038 0
50 D -428.168181368 0
50 E -419.471369618 0
50 F -395.573407072 0
50 G -435.687757298 0
50 H -411.784070368 0
50 I -422.26819391 0
50 K -395.625639988 0
50 L -417.617136395 0
50 M -409.535018916 0
50 N -428.693069524 0
50 P -394.22950512 0
50 Q -422.196247226 0
50 R -381.699402189 0
50 S -440.33431287 1
50 T -438.475635398 0
50 V -430.558499519 0
50 W -383.070839983 0
50 Y -395.04369776 0
51 A -439.061863957 0
51 C -438.349884101 0
51 D -436.358689378 0
51 E -439.454050489 0
51 F -440.337308934 1
51 G -435.449824221 0
51 H -438.238103338 0
51 I -435.919456164 0
51 K -439.429217552 0
51 L -439.344193649 0
51 M -440.844681977 0
51 N -438.751775648 0
51 P -435.879203068 0
51 Q -438.96667606 0
51 R -441.335890372 0
51 S -437.994287241 0
51 T -440.914986908 0
51 V -437.222024056 0
51 W -441.712869079 0
51 Y -439.487567197 0
52 A -440.314166275 1
52 C -435.092905864 0
52 D -434.930332001 0
52 E -440.072389904 0
52 F -437.569234444 0
52 G -436.419972322 0
52 H -435.903620823 0
52 I -438.392469905 0
52 K -437.751031265 0
52 L -440.632540859 0
52 M -437.870506484 0
52 N -435.291278788 0
52 P -384.428598111 0
52 Q -438.091436451 0
52 R -438.825633651 0
52 S -437.652066094 0
52 T -436.889587832 0
52 V -436.843641338 0
52 W -436.224986034 0
52 Y -437.310025832 0
53 A -437.340787906 0
53 C -434.097697994 0
53 D -438.460549098 0
53 E -440.317596203 1
53 F -432.646679747 0
53 G -435.203129828 0
53 H -436.583430761 0
53 I -436.117846248 0
53 K -437.756293108 0
53 L -437.723631646 0
53 M -436.105160632 0
53 N -436.732477368 0
53 P -427.698874034 0
53 Q -437.499893253 0
53 R -437.88788643 0
53 S -437.056914077 0
53 T -436.303843657 0
53 V -436.103049912 0
53 W -435.154988509 0
53 Y -432.717306214 0
54 A -434.54681453 0
54 C -431.766695728 0
54 D -435.519663801 0
54 E -433.88302391 0
54 F -434.749861184 0
54 G -432.159294016 0
54 H -435.226251879 0
54 I -429.455878729 0
54 K -433.276573762 0
54 L -435.705483043 0
54 M -430.362954156 0
54 N -435.567568273 0
54 P -408.194854196 0
54 Q -433.732048055 0
54 R -435.234795815 0
54 S -433.868437745 0
54 T -433.841129273 0
54 V -431.698773937 0
54 W -440.336564951 1
54 Y -436.622094776 0
55 A -437.842003817 0
55 C -436.052115233 0
55 D -432.239781336 0
55 E -437.207669283 0
55 F -440.462853305 0
55 G -434.407733081 0
55 H -438.212988432 0
55 I -436.443208455 0
55 K -435.753945878 0
55 L -440.346909663 1
55 M -438.930787239 0
55 N -434.968955748 0
55 P -383.407662666 0
55 Q -436.669953056 0
55 R -438.515336129 0
55 S -435.863022357 0
55 T -437.09065222 0
55 V -435.578558601 0
55 W -440.034279997 0
55 Y -437.808416969 0
56 A -438.868829901 0
56 C -435.882576948 0
56 D -440.089737826 0
56 E -440.751840593 0
56 F -438.533000679 0
56 G -437.183767808 0
56 H -439.119576389 0
56 I -440.323693674 1
56 K -439.825448903 0
56 L -440.729299132 0
56 M -440.302241114 0
56 N -439.096026258 0
56 P -433.890929881 0
56 Q -438.623326115 0
56 R -439.412129207 0
56 S -439.011776737 0
56 T -439.120599196 0
56 V -439.730326863 0
56 W -438.972840749 0
56 Y -438.140930253 0
57 A -440.53313684 0
57 C -437.131847762 0
57 D -441.45907795 0
57 E -443.039234991 0
57 F -439.637672755 0
57 G -437.941098715 0
57 H -440.245485457 0
57 I -441.401353532 0
57 K -441.20537277 0
57 L -442.512709556 0
57 M -441.972505716 0
57 N -440.114303389 0
57 P -422.990475021 0
57 Q -440.237229779 0
57 R -441.240547444 0
57 S -440.332574756 1
57 T -440.456733712 0
57 V -440.875850864 0
57 W -440.16868735 0
57 Y -438.749935521 0
58 A -435.216196051 0
58 C -434.740436983 0
58 D -428.47530096 0
58 E -427.808013518 0
58 F -426.358718373 0
58 G -432.160971134 0
58 H -432.285326291 0
58 I -440.355451324 0
58 K -424.813078275 0
58 L -433.540212031 0
58 M -431.640726449 0
58 N -433.337875366 0
58 P -377.82732656 0
58 Q -425.755756424 0
58 R -428.848926885 0
58 S -433.744584928 0
58 T -436.084516299 0
58 V -440.34963179 1
58 W -409.967031146 0
58 Y -425.916793675 0
59 A -435.88660086 0
59 C -436.048256985 0
59 D -432.926543699 0
59 E -432.235946908 0
59 F -432.270114825 0
59 G -432.39445015 0
59 H -428.242932614 0
59 I -438.083683946 0
59 K -431.207539244 0
59 L -436.577277389 0
59 M -436.768563839 0
59 N -434.531734703 0
59 P -376.53157302 0
59 Q -433.975813443 0
59 R -433.717713621 0
59 S -434.213420325 0
59 T -436.403764623 0
59 V -440.335602229 1
59 W -432.917144849 0
59 Y -432.333250233 0
60 A -438.401013557 0
60 C -436.516694273 0
60 D -438.7587168 0
60 E -439.695521765 0
60 F -438.209882024 0
60 G -437.067588868 0
60 H -438.644223911 0
60 I -440.299018653 0
60 K -439.728863734 0
60 L -440.3528752 1
60 M -438.475648106 0
60 N -438.638020483 0
60 P -379.328504302 0
60 Q -439.344975608 0
60 R -439.89543375 0
60 S -438.070232278 0
60 T -439.02800378 0
60 V -439.699872232 0
60 W -439.046925313 0
60 Y -438.107582366 0
61 A -438.437603931 0
61 C -435.325774536 0
61 D -437.81382677 0
61 E -437.930263549 0
61 F -437.369215604 0
61 G -435.986782798 0
61 H -438.367117477 0
61 I -435.183245844 0
61 K -438.15394444 0
61 L -440.356241241 1
61 M -440.003817752 0
61 N -438.110115905 0
61 P -389.185153268 0
61 Q -437.250872354 0
61 R -438.871743061 0
61 S -437.403776504 0
61 T -436.476149277 0
61 V -437.064171366 0
61 W -441.243262816 0
61 Y -437.005237349 0
62 A -430.082885498 0
62 C -421.396041261 0
62 D -418.526502186 0
62 E -404.986576726 0
62 F -410.962810472 0
62 G -440.340045104 1
62 H -410.281923843 0
62 I -385.302215167 0
62 K -401.818053339 0
62 L -397.878351714 0
62 M -386.992073333 0
62 N -417.142679485 0
62 P -353.908165263 0
62 Q -403.926692451 0
62 R -397.064009452 0
62 S -429.073152002 0
62 T -411.129797306 0
62 V -395.815758856 0
62 W -408.14838271 0
62 Y -405.833857114 0
63 A -438.716301642 0
63 C -437.318399931 0
63 D -438.035890155 0
63 E -440.65987658 0
63 F -440.238487311 0
63 G -436.712416932 0
63 H -439.525269245 0
63 I -440.356559254 1
63 K -438.708315388 0
63 L -437.969442003 0
63 M -440.046361423 0
63 N -438.520851654 0
63 P -381.963209784 0
63 Q -438.354735855 0
63 R -438.840495147 0
63 S -437.782114825 0
63 T -438.581988466 0
63 V -439.206299586 0
63 W -440.282025551 0
63 Y -438.206730555 0
64 A -439.754206661 0
64 C -437.948317704 0
64 D -439.8515632 0
64 E -440.344025204 1
64 F -438.020454262 0
64 G -438.694873581 0
64 H -439.535009422 0
64 I -437.27442979 0
64 K -440.501554628 0
64 L -441.077504081 0
64 M -440.595755092 0
64 N -440.316099066 0
64 P -399.969460086 0
64 Q -439.474028767 0
64 R -440.212612044 0
64 S -439.512621624 0
64 T -438.644841407 0
64 V -437.178227937 0
64 W -441.481010372 0
64 Y -438.017953457 0
65 A -441.457333508 0
65 C -437.325759188 0
65 D -430.360047937 0
65 E -435.253408568 0
65 F -435.010951459 0
65 G -437.60783089 0
65 H -433.228866173 0
65 I -433.297950723 0
65 K -432.751435061 0
65 L -431.43696552 0
65 M -435.97390668 0
65 N -436.677491726 0
65 P -374.815512728 0
65 Q -435.853525843 0
65 R -432.772078276 0
65 S -440.331989429 1
65 T -436.860249757 0
65 V -430.093870089 0
65 W -436.23827049 0
65 Y -434.757727811 0
66 A -423.639864758 0
66 C -422.581246767 0
66 D -429.965589737 0
66 E -425.145683957 0
66 F -422.906935015 0
66 G -440.331292699 1
66 H -426.423490373 0
66 I -420.410807432 0
66 K -425.177482554 0
66 L -424.501250181 0
66 M -423.527644073 0
66 N -426.298107568 0
66 P -360.342608674 0
66 Q -424.756544469 0
66 R -425.022147189 0
66 S -430.73899655 0
66 T -420.44198536 0
66 V -419.955446139 0
66 W -422.570363133 0
66 Y -422.382887084 0
67 A -436.241946688 0
67 C -432.738233436 0
67 D -436.361687961 0
67 E -437.582627592 0
67 F -437.408678685 0
67 G -434.159590028 0
67 H -437.412322316 0
67 I -438.874886531 0
67 K -436.140442399 0
67 L -440.337025397 1
67 M -438.040562768 0
67 N -435.057559581 0
67 P -435.341671412 0
67 Q -438.002984959 0
67 R -436.238533756 0
67 S -436.435411818 0
67 T -436.073426612 0
67 V -436.153516769 0
67 W -436.681703401 0
67 Y -438.265944647 0
68 A -439.710905071 0
68 C -438.387802316 0
68 D -441.340143502 0
68 E -443.00324651 0
68 F -439.070956765 0
68 G -439.240656307 0
68 H -443.206387311 0
68 I -439.309918532 0
68 K -441.207319967 0
68 L -440.492492663 0
68 M -439.640343706 0
68 N -440.343292664 1
68 P -436.010868224 0
68 Q -441.688418047 0
68 R -440.112759085 0
68 S -441.672183563 0
68 T -440.444297536 0
68 V -439.135316115 0
68 W -440.814537148 0
68 Y -438.968816886 0
69 A -435.441240224 0
69 C -433.803511672 0
69 D -435.937986973 0
69 E -435.655687641 0
69 F -434.573710429 0
69 G -433.384914836 0
69 H -437.321664387 0
69 I -431.838211971 0
69 K -434.863789136 0
69 L -436.523975404 0
69 M -434.943405026 0
69 N -440.348102773 1
69 P -393.612992474 0
69 Q -436.040155993 0
69 R -436.523601976 0
69 S -434.287103855 0
69 T -431.611766997 0
69 V -426.111504857 0
69 W -434.56578936 0
69 Y -434.400089061 0
70 A -437.017835116 0
70 C -435.803789321 0
70 D -440.358530637 1
70 E -439.376102651 0
70 F -437.079602669 0
70 G -437.241909234 0
70 H -440.823960975 0
70 I -422.864650871 0
70 K -428.694982844 0
70 L -437.678076397 0
70 M -436.562407224 0
70 N -439.846626233 0
70 P -387.418054538 0
70 Q -438.880397328 0
70 R -436.416845007 0
70 S -436.039649772 0
70 T -430.94028951 0
70 V -421.868225338 0
70 W -437.574637122 0
70 Y -436.689716347 0
71 A -431.877031229 0
71 C -431.586679976 0
71 D -433.133642528 0
71 E -429.639402748 0
71 F -440.358370008 1
71 G -428.630452522 0
71 H -437.333805245 0
71 I -397.503990005 0
71 K -429.684463197 0
71 L -430.719664001 0
71 M -433.933583666 0
71 N -435.278090817 0
71 P -389.806034416 0
71 Q -429.122852044 0
71 R -433.415488171 0
71 S -430.584186921 0
71 T -427.628299846 0
71 V -422.639732417 0
71 W -439.163574223 0
71 Y -439.719393028 0
72 A -433.347585965 0
72 C -433.718098843 0
72 D -430.24553057 0
72 E -432.875635201 0
72 F -434.869355477 0
72 G -430.492968176 0
72 H -434.527577055 0
72 I -438.583747485 0
72 K -429.405108319 0
72 L -440.35037835 1
72 M -438.897291453 0
72 N -433.723580719 0
72 P -374.97587355 0
72 Q -435.509367604 0
72 R -435.312478637 0
72 S -433.786630728 0
72 T -434.662388768 0
72 V -436.794831031 0
72 W -435.784458047 0
72 Y -434.848722539 0
73 A -438.175216412 0
73 C -436.649170333 0
73 D -436.26793823 0
73 E -437.367370375 0
73 F -438.988570937 0
73 G -435.462033667 0
73 H -441.02819772 0
73 I -433.32480761 0
73 K -438.943982917 0
73 L -440.333889477 1
73 M -439.414542137 0
73 N -436.911770956 0
73 P -436.88839156 0
73 Q -437.075855262 0
73 R -439.142519581 0
73 S -437.60624373 0
73 T -436.035797889 0
73 V -436.777523561 0
73 W -440.257414366 0
73 Y -438.897082338 0
74 A -437.818851031 0
74 C -435.53090784 0
74 D -437.516599211 0
74 E -438.963848605 0
74 F -436.786386942 0
74 G -436.050726961 0
74 H -438.109641001 0
74 I -438.251096324 0
74 K -438.529751033 0
74 L -439.154258978 0
74 M -436.846780579 0
74 N -437.29772303 0
74 P -441.426364844 0
74 Q -438.116633163 0
74 R -440.355705467 1
74 S -438.61849106 0
74 T -437.988196236 0
74 V -437.861737301 0
74 W -437.403608489 0
74 Y -437.279767678 0
75 A -436.535579885 0
75 C -434.958497749 0
75 D -440.135443921 0
75 E -438.404627663 0
75 F -436.863822663 0
75 G -436.295217477 0
75 H -438.96134225 0
75 I -421.642196743 0
75 K -438.996408575 0
75 L -437.093535945 0
75 M -436.423705966 0
75 N -440.337214896 1
75 P -404.490922532 0
75 Q -436.883178201 0
75 R -438.24213878 0
75 S -437.891993548 0
75 T -432.800040005 0
75 V -424.192274918 0
75 W -436.035441689 0
75 Y -436.507027028 0
76 A -433.571122081 0
76 C -434.944797361 0
76 D -440.353784956 1
76 E -435.699155126 0
76 F -429.116423139 0
76 G -430.25762714 0
76 H -436.400235891 0
76 I -435.898063601 0
76 K -428.975086464 0
76 L -438.228161361 0
76 M -435.468554831 0
76 N -439.5732394 0
76 P -428.086655761 0
76 Q -435.374370117 0
76 R -429.339748083 0
76 S -434.354829642 0
76 T -434.767503087 0
76 V -433.012026892 0
76 W -431.503300625 0
76 Y -426.101817117 0
77 A -438.93795738 0
77 C -437.338008702 0
77 D -439.95993822 0
77 E -441.129123675 0
77 F -439.065000082 0
77 G -438.561278816 0
77 H -442.119699088 0
77 I -438.808712898 0
77 K -440.890700212 0
77 L -439.616114311 0
77 M -438.777101525 0
77 N -438.970535451 0
77 P -440.177059877 0
77 Q -439.669912063 0
77 R -440.317378108 1
77 S -440.93752335 0
77 T -439.408386639 0
77 V -438.238319969 0
77 W -436.173143465 0
77 Y -439.089291655 0
78 A -435.711455863 0
78 C -434.571995511 0
78 D -435.750146255 0
78 E -436.567873966 0
78 F -438.417101677 0
78 G -432.81379436 0
78 H -437.465708713 0
78 I -427.146860041 0
78 K -435.77230694 0
78 L -440.329657808 1
78 M -436.747439377 0
78 N -437.21052081 0
78 P -404.390833511 0
78 Q -436.829965244 0
78 R -436.488369013 0
78 S -435.019380374 0
78 T -435.940679338 0
78 V -431.855691459 0
78 W -438.109180739 0
78 Y -438.018368726 0
79 A -433.991319331 0
79 C -435.097412774 0
79 D -432.910479216 0
79 E -431.577572173 0
79 F -423.133578614 0
79 G -429.718466516 0
79 H -422.688755004 0
79 I -441.08964528 0
79 K -427.942082171 0
79 L -437.84991192 0
79 M -432.583132928 0
79 N -435.546760565 0
79 P -398.891457687 0
79 Q -435.102143933 0
79 R -432.428178689 0
79 S -433.061951717 0
79 T -435.862254084 0
79 V -440.311509661 1
79 W -411.653522181 0
79 Y -421.360122999 0
80 A -432.13671257 0
80 C -431.201707895 0
80 D -433.175638214 0
80 E -433.596285214 0
80 F -433.727032941 0
80 G -428.765403896 0
80 H -432.95946983 0
80 I -440.346688704 1
80 K -433.67816824 0
80 L -438.430514081 0
80 M -434.167038649 0
80 N -433.04954058 0
80 P -402.853316647 0
80 Q -432.651780183 0
80 R -433.742765427 0
80 S -431.816266587 0
80 T -434.495548113 0
80 V -437.645660325 0
80 W -433.372551528 0
80 Y -432.632541878 0
81 A -440.34890288 1
81 C -434.575956113 0
81 D -426.85425301 0
81 E -427.286973773 0
81 F -408.605867118 0
81 G -433.534477936 0
81 H -417.78742213 0
81 I -422.753438393 0
81 K -424.598683988 0
81 L -423.017085076 0
81 M -428.074193395 0
81 N -426.68875847 0
81 P -377.93568169 0
81 Q -428.402444941 0
81 R -412.907321806 0
81 S -437.038324286 0
81 T -434.894297047 0
81 V -434.008698483 0
81 W -414.203158032 0
81 Y -420.385200538 0
82 A -439.422013768 0
82 C -437.23487831 0
82 D -434.706063757 0
82 E -436.290041392 0
82 F -440.362226215 1
82 G -434.874337455 0
82 H -441.091539015 0
82 I -430.990627381 0
82 K -436.929512272 0
82 L -436.11782954 0
82 M -436.102374798 0
82 N -438.454911977 0
82 P -410.921187698 0
82 Q -436.837151083 0
82 R -437.910327566 0
82 S -438.782085402 0
82 T -436.973465783 0
82 V -433.591204174 0
82 W -439.124743762 0
82 Y -439.748357637 0
83 A -431.567864589 0
83 C -432.739765383 0
83 D -429.874372762 0
83 E -427.753530514 0
83 F -416.355467038 0
83 G -431.092786017 0
83 H -429.600766692 0
83 I -429.260418554 0
83 K -418.758475546 0
83 L -434.12227982 0
83 M -431.09465967 0
83 N -432.899293602 0
83 P -397.594856845 0
83 Q -430.646404199 0
83 R -409.010540515 0
83 S -427.662629607 0
83 T -440.357292112 1
83 V -434.109165513 0
83 W -373.571819066 0
83 Y -405.858564433 0
84 A -438.435907289 0
84 C -437.111128887 0
84 D -437.126345818 0
84 E -438.001308944 0
84 F -436.73347059 0
84 G -438.56711631 0
84 H -439.581386482 0
84 I -436.632359949 0
84 K -438.704234574 0
84 L -438.860169934 0
84 M -438.028816998 0
84 N -438.406419669 0
84 P -420.930998661 0
84 Q -436.938073471 0
84 R -433.371748319 0
84 S -440.35504408 1
84 T -438.64679478 0
84 V -436.976579698 0
84 W -437.180930029 0
84 Y -435.76113953 0
85 A -429.304688482 0
85 C -431.905395907 0
85 D -430.454003911 0
85 E -421.909719508 0
85 F -425.885617295 0
85 G -428.510724832 0
85 H -428.485610004 0
85 I -433.597240816 0
85 K -420.973296842 0
85 L -440.356218623 1
85 M -437.837473198 0
85 N -431.769556644 0
85 P -417.014152227 0
85 Q -430.336744349 0
85 R -424.481146156 0
85 S -421.898148526 0
85 T -423.017570532 0
85 V -425.331159125 0
85 W -424.624262258 0
85 Y -423.541741542 0
86 A -424.014657865 0
86 C -424.664322789 0
86 D -417.571978105 0
86 E -427.499852981 0
86 F -419.143710186 0
86 G -422.561880196 0
86 H -428.985627726 0
86 I -440.361132629 1
86 K -423.596022878 0
86 L -429.363358031 0
86 M -427.957426373 0
86 N -424.449899201 0
86 P -386.638332746 0
86 Q -424.486890827 0
86 R -423.870682854 0
86 S -431.395964583 0
86 T -426.518806239 0
86 V -436.573885808 0
86 W -413.357369509 0
86 Y -418.303654353 0
87 A -428.843882938 0
87 C -425.637451513 0
87 D -426.558861662 0
87 E -430.629262998 0
87 F -424.754443422 0
87 G -440.344591164 1
87 H -425.861447047 0
87 I -406.441569882 0
87 K -427.825358752 0
87 L -424.836308702 0
87 M -426.868971466 0
87 N -425.871372193 0
87 P -421.939249496 0
87 Q -430.51716085 0
87 R -427.81930659 0
87 S -426.061007057 0
87 T -426.602150205 0
87 V -400.820610043 0
87 W -423.613298974 0
87 Y -426.02298398 0
88 A -440.345292956 1
88 C -434.824984286 0
88 D -429.177228113 0
88 E -430.20144906 0
88 F -431.269999008 0
88 G -436.879335565 0
88 H -431.347925592 0
88 I -410.32237856 0
88 K -438.225974908 0
88 L -423.377104705 0
88 M -434.83526266 0
88 N -437.736334158 0
88 P -425.681261606 0
88 Q -434.197683556 0
88 R -431.256706712 0
88 S -439.852833365 0
88 T -439.685447537 0
88 V -433.734156527 0
88 W -431.370771021 0
88 Y -432.215839612 0
89 A -433.943333788 0
89 C -431.925166271 0
89 D -436.882902483 0
89 E -436.661467609 0
89 F -436.896149837 0
89 G -440.339051787 1
89 H -436.919976202 0
89 I -421.205107301 0
89 K -436.632028323 0
89 L -435.456083949 0
89 M -434.018517794 0
89 N -437.930913928 0
89 P -384.141226676 0
89 Q -434.876403957 0
89 R -436.480464631 0
89 S -435.442458647 0
89 T -434.321744554 0
89 V -420.891447124 0
89 W -434.579238958 0
89 Y -436.434421749 0
90 A -437.433450837 0
90 C -436.915594837 0
90 D -439.564610536 0
90 E -440.354317253 1
90 F -437.394380763 0
90 G -437.095778051 0
90 H -439.815107424 0
90 I -435.466976847 0
90 K -437.991201139 0
90 L -438.855978254 0
90 M -438.885644253 0
90 N -437.232440742 0
90 P -367.235688649 0
90 Q -441.216553143 0
90 R -439.369813393 0
90 S -437.096341839 0
90 T -435.62853958 0
90 V -435.648427129 0
90 W -437.536145234 0
90 Y -437.107326612 0
91 A -434.631312827 0
91 C -434.138147134 0
91 D -432.314995376 0
91 E -440.342518223 1
91 F -433.295814811 0
91 G -431.309137718 0
91 H -433.771390086 0
91 I -436.903415879 0
91 K -436.281210341 0
91 L -436.55119181 0
91 M -435.365672925 0
91 N -433.081473929 0
91 P -410.62160839 0
91 Q -435.307451366 0
91 R -436.306544628 0
91 S -435.083103058 0
91 T -435.229353463 0
91 V -437.080458571 0
91 W -432.74655049 0
91 Y -432.881386934 0
92 A -436.553840451 0
92 C -434.015040678 0
92 D -440.344048282 1
92 E -435.942814166 0
92 F -434.422612253 0
92 G -432.762389758 0
92 H -435.431440504 0
92 I -434.552226585 0
92 K -432.384612653 0
92 L -426.300459519 0
92 M -433.369271351 0
92 N -434.70285786 0
92 P -392.151343624 0
92 Q -433.935193866 0
92 R -433.748720933 0
92 S -435.306117621 0
92 T -436.792709868 0
92 V -436.812693162 0
92 W -434.315628639 0
92 Y -433.882376257 0
93 A -436.427863385 0
93 C -434.19420371 0
93 D -432.940657909 0
93 E -436.462392111 0
93 F -435.564083179 0
93 G -432.83040809 0
93 H -435.770556841 0
93 I -435.980634188 0
93 K -436.907819781 0
93 L -435.12369762 0
93 M -436.499955928 0
93 N -434.444793541 0
93 P -408.210141432 0
93 Q -438.183545836 0
93 R -440.361456458 1
93 S -436.422146577 0
93 T -436.876134756 0
93 V -436.196896743 0
93 W -436.413296776 0
93 Y -435.410919493 0
94 A -433.80891573 0
94 C -433.887849781 0
94 D -430.602500967 0
94 E -431.664064434 0
94 F -425.29496294 0
94 G -429.284206831 0
94 H -435.390653036 0
94 I -437.614061032 0
94 K -434.125478118 0
94 L -433.418184314 0
94 M -433.835811072 0
94 N -433.763562369 0
94 P -398.867059422 0
94 Q -431.33317168 0
94 R -433.194905472 0
94 S -433.208445611 0
94 T -436.869207132 0
94 V -440.341423637 1
94 W -432.175076004 0
94 Y -432.93615229 0
95 A -434.815771569 0
95 C -434.747643835 0
95 D -432.437939786 0
95 E -437.512128093 0
95 F -436.800209141 0
95 G -430.974308545 0
95 H -434.618936838 0
95 I -439.144724 0
95 K -437.365314971 0
95 L -440.344080547 1
95 M -437.970400285 0
95 N -435.121611695 0
95 P -423.728645681 0
95 Q -436.063170646 0
95 R -437.322214148 0
95 S -435.049688454 0
95 T -437.14094795 0
95 V -438.762606309 0
95 W -434.181773529 0
95 Y -436.172840593 0
96 A -428.45754672 0
96 C -428.642631879 0
96 D -425.424831458 0
96 E -427.801707658 0
96 F -440.757084638 0
96 G -426.14195885 0
96 H -434.638043163 0
96 I -429.279666741 0
96 K -427.143421367 0
96 L -435.418501755 0
96 M -434.121825813 0
96 N -428.863790455 0
96 P -392.815943742 0
96 Q -428.694915644 0
96 R -430.912366972 0
96 S -430.226497528 0
96 T -430.91365276 0
96 V -433.749553821 0
96 W -430.347692708 0
96 Y -440.364825761 1
97 A -439.698161363 0
97 C -437.226561447 0
97 D -440.73817263 0
97 E -441.891877458 0
97 F -441.380646656 0
97 G -437.505895585 0
97 H -438.730953117 0
97 I -438.034371621 0
97 K -439.703891729 0
97 L -438.03793602 0
97 M -439.680579478 0
97 N -438.617594556 0
97 P -440.337110265 1
97 Q -438.902144796 0
97 R -438.728114511 0
97 S -440.201562373 0
97 T -435.504288648 0
97 V -438.099929128 0
97 W -443.844752403 0
97 Y -441.323932151 0
98 A -437.470702463 0
98 C -438.246466854 0
98 D -433.410679792 0
98 E -431.756856581 0
98 F -427.590468782 0
98 G -434.551937528 0
98 H -425.941787635 0
98 I -437.804202195 0
98 K -432.291985179 0
98 L -437.35205372 0
98 M -435.914827692 0
98 N -438.633160509 0
98 P -386.56810588 0
98 Q -432.776850872 0
98 R -436.369658165 0
98 S -439.377286242 0
98 T -441.093297689 0
98 V -440.361033001 1
98 W -421.623834589 0
98 Y -410.241011608 0
99 A -439.795677468 0
99 C -438.205459182 0
99 D -441.247598742 0
99 E -441.071649514 0
99 F -439.251627761 0
99 G -439.25937446 0
99 H -439.834401279 0
99 I -439.336828727 0
99 K -441.145083543 0
99 L -440.431068271 0
99 M -439.595019498 0
99 N -440.128520954 0
99 P -425.108541913 0
99 Q -439.595552805 0
99 R -440.35434598 1
99 S -441.933295322 0
99 T -440.331883324 0
99 V -439.058654317 0
99 W -438.839967863 0
99 Y -439.074580646 0
100 A -438.895904012 0
100 C -437.966062408 0
100 D -438.777179047 0
100 E -438.6298183 0
100 F -437.63368898 0
100 G -437.216416407 0
100 H -439.503341953 0
100 I -438.48107125 0
100 K -440.65875738 0
100 L -440.925394425 0
100 M -437.784812539 0
100 N -438.810422584 0
100 P -403.60375992 0
100 Q -438.284818237 0
100 R -440.343820031 1
100 S -438.326305668 0
100 T -437.640425641 0
100 V -437.677348311 0
100 W -439.828430661 0
100 Y -438.416006002 0
101 A -429.98539492 0
101 C -430.47367889 0
101 D -430.413139095 0
101 E -433.005699997 0
101 F -433.551932518 0
101 G -426.224070009 0
101 H -431.312335781 0
101 I -435.875144425 0
101 K -425.359039518 0
101 L -440.383749892 1
101 M -433.478966261 0
101 N -431.418904293 0
101 P -389.087097371 0
101 Q -432.058792735 0
101 R -425.429181881 0
101 S -429.674288608 0
101 T -428.927151417 0
101 V -432.604867365 0
101 W -428.669261824 0
101 Y -423.436070196 0
102 A -438.513973211 0
102 C -437.214654521 0
102 D -437.961735231 0
102 E -440.190006983 0
102 F -439.725322942 0
102 G -436.531031575 0
102 H -439.606734552 0
102 I -438.960481726 0
102 K -440.751396418 0
102 L -440.394432528 0
102 M -439.928745717 0
102 N -438.205407241 0
102 P -419.606754828 0
102 Q -439.812910255 0
102 R -439.872258964 0
102 S -439.006015126 0
102 T -439.70981038 0
102 V -440.357970442 1
102 W -439.317450147 0
102 Y -440.047119307 0
103 A -437.441481614 0
103 C -435.422254372 0
103 D -440.357246005 1
103 E -439.255194703 0
103 F -436.894211569 0
103 G -436.164226573 0
103 H -437.669799154 0
103 I -436.495932394 0
103 K -436.796852915 0
103 L -437.265771839 0
103 M -438.058938127 0
103 N -436.224818718 0
103 P -439.312244787 0
103 Q -437.806198748 0
103 R -436.182565983 0
103 S -437.01175877 0
103 T -436.59995015 0
103 V -436.548912815 0
103 W -437.16333169 0
103 Y -436.479209593 0
104 A -432.22167297 0
104 C -431.137482571 0
104 D -433.69259137 0
104 E -432.921201615 0
104 F -433.238750806 0
104 G -440.331721042 1
104 H -434.117023552 0
104 I -418.867258297 0
104 K -434.898966641 0
104 L -433.247935021 0
104 M -431.9345206 0
104 N -434.950607531 0
104 P -363.182851999 0
104 Q -433.49165848 0
104 R -434.166058441 0
104 S -432.209270103 0
104 T -428.404096167 0
104 V -418.261070121 0
104 W -431.547546707 0
104 Y -432.693433807 0
105 A -436.977333053 0
105 C -435.110846237 0
105 D -433.762153625 0
105 E -435.965669736 0
105 F -437.549632434 0
105 G -432.318780857 0
105 H -437.142816569 0
105 I -439.280423938 0
105 K -437.169048135 0
105 L -434.133795839 0
105 M -436.643919539 0
105 N -434.458169694 0
105 P -381.533898036 0
105 Q -435.629129616 0
105 R -438.535458445 0
105 S -435.374103863 0
105 T -432.878269262 0
105 V -440.364295518 1
105 W -437.005428816 0
105 Y -437.336569876 0
106 A -436.563622134 0
106 C -436.246733351 0
106 D -437.608419027 0
106 E -438.693451502 0
106 F -436.680064654 0
106 G -434.056340129 0
106 H -436.628052281 0
106 I -440.364600156 1
106 K -437.975055656 0
106 L -438.803762627 0
106 M -438.338805797 0
106 N -437.388052729 0
106 P -435.425879684 0
106 Q -437.571757502 0
106 R -438.730684235 0
106 S -437.307480675 0
106 T -439.033965614 0
106 V -439.879962539 0
106 W -437.825546348 0
106 Y -436.502310453 0
107 A -429.929949749 0
107 C -430.614726813 0
107 D -428.13400814 0
107 E -429.277271809 0
107 F -439.108619773 0
107 G -425.904692323 0
107 H -435.121922842 0
107 I -430.396254537 0
107 K -430.287374849 0
107 L -435.444943558 0
107 M -433.161461208 0
107 N -431.557113683 0
107 P -405.001865577 0
107 Q -429.933057042 0
107 R -427.159031944 0
107 S -428.779533062 0
107 T -429.934204727 0
107 V -431.36760288 0
107 W -429.74296391 0
107 Y -440.352131775 1
108 A -435.919378187 0
108 C -436.281269157 0
108 D -434.511655732 0
108 E -436.482501999 0
108 F -436.321362957 0
108 G -431.258876966 0
108 H -437.070011058 0
108 I -437.420110862 0
108 K -437.854407511 0
108 L -440.348904592 1
108 M -440.211312699 0
108 N -434.849279262 0
108 P -397.165280362 0
108 Q -437.276765476 0
108 R -438.572456199 0
108 S -434.90319918 0
108 T -437.345023826 0
108 V -439.593691005 0
108 W -435.350338312 0
108 Y -435.755356878 0
109 A -422.877755377 0
109 C -423.349330971 0
109 D -419.813043124 0
109 E -420.62041414 0
109 F -440.317917707 1
109 G -425.664998916 0
109 H -431.748432928 0
109 I -435.762181657 0
109 K -420.704263433 0
109 L -434.018150205 0
109 M -433.288337313 0
109 N -421.415483686 0
109 P -405.088370355 0
109 Q -420.93564454 0
109 R -425.727882054 0
109 S -421.453087954 0
109 T -431.717762641 0
109 V -434.411401874 0
109 W -430.642022817 0
109 Y -431.315883434 0
110 A -421.96451176 0
110 C -429.969500385 0
110 D -425.381229925 0
110 E -424.843764893 0
110 F -440.757618636 0
110 G -418.821357188 0
110 H -434.715692692 0
110 I -416.960689356 0
110 K -424.867664514 0
110 L -431.942717032 0
110 M -433.334569309 0
110 N -429.409889722 0
110 P -375.363344217 0
110 Q -427.110188627 0
110 R -426.860382985 0
110 S -429.487394987 0
110 T -430.329573851 0
110 V -428.693520292 0
110 W -428.953978008 0
110 Y -432.483553487 1
111 A -438.067837443 0
111 C -437.972181949 0
111 D -436.465888879 0
111 E -427.568011037 0
111 F -395.325408562 0
111 G -433.532935767 0
111 H -406.776544687 0
111 I -425.291138984 0
111 K -417.137595976 0
111 L -429.237025917 0
111 M -414.792929844 0
111 N -439.43966467 0
111 P -392.770965188 0
111 Q -425.761505488 0
111 R -422.886249318 0
111 S -437.043023027 0
111 T -437.746830567 0
111 V -432.454049607 1
111 W -405.502108719 0
111 Y -399.467509004 0
112 A -433.686502984 0
112 C -434.784184565 0
112 D -432.114807605 0
112 E -428.634220555 0
112 F -411.260494617 0
112 G -430.685588406 0
112 H -419.434509708 0
112 I -428.719650322 0
112 K -421.045873242 0
112 L -435.664786818 0
112 M -430.785284721 0
112 N -433.298926192 0
112 P -426.03739209 0
112 Q -423.457390577 0
112 R -421.352164849 0
112 S -436.103326872 0
112 T -440.356180884 1
112 V -436.159383596 0
112 W -400.093356673 0
112 Y -404.099047454 0
113 A -428.404821897 0
113 C -434.727401026 0
113 D -425.410106502 0
113 E -426.073228919 0
113 F -440.353236339 1
113 G -422.444612214 0
113 H -429.694265937 0
113 I -426.26104341 0
113 K -422.14674535 0
113 L -434.975686708 0
113 M -433.45994831 0
113 N -434.702866255 0
113 P -409.590844908 0
113 Q -434.864503782 0
113 R -432.400150421 0
113 S -435.595102378 0
113 T -437.386011041 0
113 V -433.55627573 0
113 W -424.945617294 0
113 Y -431.067020376 0
114 A -434.834898036 0
114 C -432.899808234 0
114 D -435.464565446 0
114 E -437.00639145 0
114 F -435.028073682 0
114 G -431.956107366 0
114 H -435.018951791 0
114 I -435.433327022 0
114 K -436.545989312 0
114 L -435.390162419 0
114 M -433.979208094 0
114 N -435.03616058 0
114 P -440.342945976 1
114 Q -434.68659718 0
114 R -435.491087764 0
114 S -435.012613892 0
114 T -435.040267162 0
114 V -434.851253365 0
114 W -425.592935392 0
114 Y -426.461514089 0
115 A -432.975109132 0
115 C -429.598696627 0
115 D -436.003132701 0
115 E -434.283620904 0
115 F -434.619681209 0
115 G -440.349422276 1
115 H -435.65813804 0
115 I -422.199385157 0
115 K -435.676950971 0
115 L -434.162854972 0
115 M -433.422519958 0
115 N -436.845530488 0
115 P -389.383571944 0
115 Q -433.007984823 0
115 R -435.200213581 0
115 S -434.460930388 0
115 T -431.134254769 0
115 V -421.79386021 0
115 W -433.128180822 0
115 Y -433.842658128 0
116 A -438.319138956 0
116 C -437.138653375 0
116 D -429.032201316 0
116 E -427.419049351 0
116 F -441.499887546 0
116 G -434.964951745 0
116 H -440.39462086 0
116 I -425.525404478 0
116 K -435.118789459 0
116 L -439.57244348 0
116 M -439.994528032 0
116 N -438.721209917 0
116 P -368.069613795 0
116 Q -436.217559646 0
116 R -440.334561838 1
116 S -437.01867909 0
116 T -428.489738587 0
116 V -427.442251903 0
116 W -432.444954421 0
116 Y -438.21353655 0
117 A -436.532107808 0
117 C -434.150211728 0
117 D -428.673975305 0
117 E -437.223471668 0
117 F -432.13779232 0
117 G -433.730250274 0
117 H -440.325254787 1
117 I -431.982748836 0
117 K -432.266427553 0
117 L -431.071093686 0
117 M -434.290534224 0
117 N -436.58874458 0
117 P -423.460472877 0
117 Q -436.072880271 0
117 R -433.540430027 0
117 S -437.21911246 0
117 T -433.21855869 0
117 V -434.52582788 0
117 W -434.2946133 0
117 Y -440.019492172 0
118 A -438.995541895 0
118 C -436.385317712 0
118 D -439.769542995 0
118 E -440.122728763 0
118 F -438.629423618 0
118 G -437.140141255 0
118 H -439.283767754 0
118 I -438.541089826 0
118 K -439.626274002 0
118 L -440.329556353 1
118 M -438.741635958 0
118 N -439.681628339 0
118 P -417.883519813 0
118 Q -437.716682199 0
118 R -439.620923089 0
118 S -438.37635991 0
118 T -437.860927627 0
118 V -438.285240887 0
118 W -438.737585972 0
118 Y -438.477002296 0
119 A -436.987955216 0
119 C -435.78190348 0
119 D -439.468008148 0
119 E -432.259778089 1
119 F -439.352675262 0
119 G -435.439460505 0
119 H -439.535366671 0
119 I -430.856727234 0
119 K -439.657276621 0
119 L -432.157709146 0
119 M -430.943060682 0
119 N -438.295876535 0
119 P -410.474706367 0
119 Q -439.141181641 0
119 R -438.987453949 0
119 S -437.856815309 0
119 T -430.726404242 0
119 V -438.64832226 0
119 W -438.117067523 0
119 Y -431.677658492 0
120 A -434.913729921 0
120 C -434.294776909 0
120 D -431.157102286 0
120 E -432.737509852 0
120 F -397.159099056 0
120 G -429.426559703 0
120 H -390.44036722 0
120 I -432.071732457 0
120 K -425.914966074 0
120 L -437.261270843 0
120 M -440.317021595 1
120 N -434.151545969 0
120 P -356.828040015 0
120 Q -432.543555553 0
120 R -426.730439706 0
120 S -431.701913339 0
120 T -431.951435479 0
120 V -432.282536947 0
120 W -410.478914449 0
120 Y -395.663628869 0
121 A -439.78021525 0
121 C -438.20056345 0
121 D -433.789556027 0
121 E -437.503655114 0
121 F -441.456002605 0
121 G -436.787292546 0
121 H -440.493503368 0
121 I -439.200047386 0
121 K -439.374421116 0
121 L -439.349589105 0
121 M -440.195005579 0
121 N -440.208266945 0
121 P -398.966446145 0
121 Q -438.016626155 0
121 R -440.361771428 1
121 S -439.507413987 0
121 T -438.573792099 0
121 V -439.381137892 0
121 W -442.856789065 0
121 Y -441.221025092 0
122 A -425.220827195 0
122 C -399.712655369 0
122 D -390.231788365 0
122 E -374.144791758 0
122 F -394.771894893 0
122 G -434.145519432 1
122 H -393.045216797 0
122 I -378.885443053 0
122 K -389.527036727 0
122 L -404.208244401 0
122 M -405.459951384 0
122 N -392.561044743 0
122 P -366.649942008 0
122 Q -394.705383357 0
122 R -384.331618903 0
122 S -416.559554474 0
122 T -379.037667597 0
122 V -380.355011578 0
122 W -388.107777105 0
122 Y -400.14628249 0
123 A -438.250808482 0
123 C -437.256299246 0
123 D -437.665893862 0
123 E -439.748642656 0
123 F -440.261864557 0
123 G -436.584358552 0
123 H -439.361676331 0
123 I -438.863317558 0
123 K -439.684642617 0
123 L -440.084627639 0
123 M -439.658946521 0
123 N -438.253678854 0
123 P -421.616698684 0
123 Q -437.954949464 0
123 R -440.167953016 0
123 S -438.365244307 0
123 T -438.26888285 0
123 V -438.508430109 0
123 W -439.757329892 0
123 Y -440.206268059 1
124 A -431.432902072 0
124 C -431.771397987 0
124 D -430.172515153 0
124 E -435.909534696 0
124 F -434.332467812 0
124 G -426.268428928 0
124 H -433.281149822 0
124 I -434.242680621 0
124 K -429.151573789 0
124 L -440.371197764 1
124 M -438.026382636 0
124 N -432.274619005 0
124 P -389.502768966 0
124 Q -435.236263522 0
124 R -425.031640099 0
124 S -431.473625981 0
124 T -433.693069435 0
124 V -438.257563433 0
124 W -430.829864727 0
124 Y -433.373843868 0
125 A -436.394299395 0
125 C -434.069874671 0
125 D -438.268998207 0
125 E -440.369653493 1
125 F -435.923714585 0
125 G -432.69706483 0
125 H -434.867562129 0
125 I -437.826507178 0
125 K -435.902190039 0
125 L -436.682868372 0
125 M -436.903204652 0
125 N -437.151363076 0
125 P -393.498805306 0
125 Q -436.929213655 0
125 R -436.297355823 0
125 S -435.515338786 0
125 T -436.753035885 0
125 V -438.317945894 0
125 W -436.011614248 0
125 Y -435.624417505 0
126 A -430.541758179 0
126 C -429.653060805 0
126 D -430.143715524 0
126 E -430.727040321 0
126 F -434.156160294 0
126 G -427.094835151 0
126 H -432.606514407 0
126 I -438.132502131 0
126 K -433.446069059 0
126 L -440.365931362 1
126 M -434.763304573 0
126 N -431.615578678 0
126 P -428.1461111 0
126 Q -432.763501249 0
126 R -433.769534798 0
126 S -431.219929072 0
126 T -433.209291255 0
126 V -436.286316324 0
126 W -429.150295507 0
126 Y -433.718008028 0
127 A -436.84474066 0
127 C -435.459811835 0
127 D -435.099552972 0
127 E -437.224536271 0
127 F -434.712923085 0
127 G -437.46570393 0
127 H -438.241190442 0
127 I -432.92567889 0
127 K -437.782702793 0
127 L -437.349454717 0
127 M -438.67249073 0
127 N -435.899518708 0
127 P -407.491278886 0
127 Q -436.636461986 0
127 R -440.32174765 1
127 S -436.266495677 0
127 T -435.429587568 0
127 V -438.365871571 0
127 W -434.828533565 0
127 Y -435.033916217 0
