1 A -436.068362456 0
1 C -434.657690049 0
1 D -437.544781718 0
1 E -437.53701713 0
1 F -436.541548549 0
1 G -436.458868843 0
1 H -437.295066267 0
1 I -436.060805495 0
1 K -437.498014362 0
1 L -437.765231567 0
1 M -436.247128766 0
1 N -436.187662664 0
1 P -440.546313542 1
1 Q -436.204634355 0
1 R -436.75479427 0
1 S -437.191627345 0
1 T -435.992292992 0
1 V -435.289651568 0
1 W -438.514111818 0
1 Y -436.805067044 0
2 A -440.563512806 1
2 C -440.563512806 1
2 D -440.563512806 1
2 E -440.563512806 1
2 F -440.563512806 1
2 G -440.563512806 1
2 H -440.563512806 1
2 I -440.563512806 1
2 K -440.563512806 1
2 L -440.563512806 1
2 M -440.563512806 1
2 N -440.563512806 1
2 P -440.563512806 1
2 Q -440.563512806 1
2 R -440.563512806 1
2 S -440.563512806 1
2 T -440.563512806 1
2 V -440.563512806 1
2 W -440.563512806 1
2 Y -440.563512806 1
3 A -439.698601529 0
3 C -438.188328274 0
3 D -435.379988681 0
3 E -438.336889615 0
3 F -437.460637683 0
3 G -436.853351265 0
3 H -437.573182762 0
3 I -430.383417712 0
3 K -438.597254758 0
3 L -438.446899425 0
3 M -439.036010839 0
3 N -437.529114738 0
3 P -362.546367299 0
3 Q -438.845493838 0
3 R -440.589676128 1
3 S -439.080080482 0
3 T -438.546633675 0
3 V -437.834411347 0
3 W -437.356606922 0
3 Y -437.025683964 0
4 A -436.908989107 0
4 C -436.456060759 0
4 D -434.417939381 0
4 E -436.771477176 0
4 F -438.832571707 0
4 G -432.575097708 0
4 H -438.350674799 0
4 I -441.416894862 0
4 K -435.317093538 0
4 L -440.561242197 1
4 M -437.443402156 0
4 N -435.845167142 0
4 P -391.781509253 0
4 Q -436.792852868 0
4 R -428.734559673 0
4 S -436.345471223 0
4 T -438.942344117 0
4 V -440.824397372 0
4 W -436.068379433 0
4 Y -437.299147244 0
5 A -435.947041265 0
5 C -435.444117935 0
5 D -436.171515435 0
5 E -438.257494773 0
5 F -440.962614147 0
5 G -433.561788112 0
5 H -439.329340921 0
5 I -440.768679205 0
5 K -439.477497353 0
5 L -440.543403439 1
5 M -438.230741394 0
5 N -437.331182326 0
5 P -431.848462776 0
5 Q -436.839362615 0
5 R -440.887814479 0
5 S -436.813635301 0
5 T -438.252344484 0
5 V -439.982136724 0
5 W -438.810945538 0
5 Y -438.789582608 0
6 A -432.467986315 0
6 C -432.044117857 0
6 D -424.996490294 0
6 E -425.887806931 0
6 F -419.9209203 0
6 G -428.041116569 0
6 H -425.920017847 0
6 I -440.57418463 1
6 K -422.53557715 0
6 L -437.00899918 0
6 M -436.958367708 0
6 N -422.420434793 0
6 P -382.168086499 0
6 Q -426.013797707 0
6 R -423.027159236 0
6 S -431.814032426 0
6 T -434.620431463 0
6 V -438.272067102 0
6 W -409.061929042 0
6 Y -417.672723115 0
7 A -438.012135818 0
7 C -437.88507972 0
7 D -434.378027536 0
7 E -435.886859228 0
7 F -438.699847636 0
7 G -434.328788237 0
7 H -440.083387161 0
7 I -440.393845913 0
7 K -434.787658279 0
7 L -437.129489604 0
7 M -432.393026421 0
7 N -438.101862694 0
7 P -417.177504184 0
7 Q -428.637443883 0
7 R -442.124367183 0
7 S -437.203523067 0
7 T -439.08406462 0
7 V -433.203668392 1
7 W -436.557672323 0
7 Y -436.954166383 0
8 A -436.862421316 0
8 C -436.083574968 0
8 D -431.084387414 0
8 E -427.900695718 0
8 F -415.432243927 0
8 G -426.488217608 0
8 H -424.558046899 0
8 I -432.551838935 0
8 K -419.624443609 0
8 L -427.958718659 0
8 M -428.048037604 0
8 N -434.878552988 0
8 P -397.238383199 0
8 Q -431.235047596 0
8 R -408.905808158 0
8 S -436.209224971 0
8 T -437.049882626 0
8 V -440.577901595 1
8 W -404.102354856 0
8 Y -421.865433751 0
9 A -432.975864139 0
9 C -432.953062396 0
9 D -440.563210711 1
9 E -435.469563222 0
9 F -436.285964443 0
9 G -436.05529846 0
9 H -435.141821986 0
9 I -434.830601514 0
9 K -435.898926209 0
9 L -429.189340391 0
9 M -434.513005892 0
9 N -439.166703661 0
9 P -407.367720175 0
9 Q -433.537785957 0
9 R -436.112875642 0
9 S -436.963198207 0
9 T -437.916096905 0
9 V -434.746453728 0
9 W -427.173342465 0
9 Y -437.693937361 0
10 A -432.53963867 0
10 C -430.818233502 0
10 D -440.12893469 1
10 E -435.891559023 0
10 F -432.954670709 0
10 G -430.431517839 0
10 H -436.209548696 0
10 I -431.093979332 0
10 K -431.623956555 0
10 L -430.334116847 0
10 M -431.491928704 0
10 N -425.057262772 0
10 P -426.008698088 0
10 Q -433.891597194 0
10 R -431.003797585 0
10 S -433.070968736 0
10 T -432.095754899 0
10 V -431.146613911 0
10 W -425.907442932 0
10 Y -432.991166205 0
11 A -438.614034084 0
11 C -429.051103005 0
11 D -439.714248485 0
11 E -439.397570338 0
11 F -431.880183215 0
11 G -438.216289901 0
11 H -440.755406836 0
11 I -437.974397468 0
11 K -440.049238796 0
11 L -440.11879641 1
11 M -438.800139201 0
11 N -440.860903945 0
11 P -403.60879795 0
11 Q -438.71476005 0
11 R -440.124229864 0
11 S -431.363833128 0
11 T -438.82881055 0
11 V -437.952958752 0
11 W -438.345617624 0
11 Y -431.697475874 0
12 A -439.403145539 0
12 C -437.437251595 0
12 D -430.433889332 0
12 E -426.664736966 0
12 F -435.30932284 0
12 G -432.710614512 0
12 H -427.281881077 0
12 I -421.91433658 0
12 K -439.525733226 0
12 L -439.055524172 0
12 M -438.030474629 0
12 N -440.600544627 0
12 P -379.674920463 0
12 Q -430.741519529 0
12 R -440.571005449 1
12 S -431.799690311 0
12 T -426.796230391 0
12 V -420.56051931 0
12 W -435.261704509 0
12 Y -424.301427789 0
13 A -435.695930474 0
13 C -435.797154769 0
13 D -433.239659286 0
13 E -436.332508629 0
13 F -437.402940337 0
13 G -433.607423462 0
13 H -437.104224272 0
13 I -436.747752516 0
13 K -438.817933159 0
13 L -438.438348 0
13 M -436.183950744 0
13 N -437.131176496 0
13 P -411.317952908 0
13 Q -436.882542471 0
13 R -440.136353728 1
13 S -435.862544495 0
13 T -427.977514013 0
13 V -436.303524843 0
13 W -437.606966787 0
13 Y -437.209596072 0
14 A -431.483826296 0
14 C -432.371834059 0
14 D -431.552030252 0
14 E -432.115644435 0
14 F -440.592959142 1
14 G -428.990902324 0
14 H -434.842236035 0
14 I -433.913091733 0
14 K -427.47442668 0
14 L -435.326390825 0
14 M -436.214410209 0
14 N -432.853366316 0
14 P -431.197788737 0
14 Q -433.309731561 0
14 R -431.12832125 0
14 S -431.161843858 0
14 T -434.474445624 0
14 V -432.608346254 0
14 W -437.31336793 0
14 Y -434.069240928 0
15 A -435.058846769 0
15 C -434.742589761 0
15 D -440.547448365 1
15 E -436.430302913 0
15 F -437.335927973 0
15 G -435.192932236 0
15 H -436.769333961 0
15 I -436.13943656 0
15 K -437.639429423 0
15 L -436.740586219 0
15 M -429.59222354 0
15 N -440.076535595 0
15 P -409.175854726 0
15 Q -435.901582728 0
15 R -428.017522976 0
15 S -436.746423407 0
15 T -437.984238399 0
15 V -428.558892524 0
15 W -438.558473423 0
15 Y -437.903062591 0
16 A -435.801730131 0
16 C -435.246440343 0
16 D -435.285741684 0
16 E -435.015298592 0
16 F -435.861295262 0
16 G -432.816825869 0
16 H -436.161537516 0
16 I -436.126748039 0
16 K -437.177465619 0
16 L -439.349567346 0
16 M -435.240558778 0
16 N -434.973940603 0
16 P -390.664225881 0
16 Q -433.86708987 0
16 R -431.081434332 0
16 S -437.568835425 0
16 T -440.522221947 1
16 V -437.194799052 0
16 W -436.334723891 0
16 Y -428.824306138 0
17 A -436.291979922 0
17 C -434.863943797 0
17 D -433.625586015 0
17 E -437.386272266 0
17 F -437.857210997 0
17 G -436.078996939 0
17 H -440.550912331 1
17 I -431.935436076 0
17 K -438.392432137 0
17 L -438.342696598 0
17 M -435.516333902 0
17 N -431.783585346 0
17 P -426.692382393 0
17 Q -430.90842937 0
17 R -438.636098413 0
17 S -437.556258544 0
17 T -438.127296985 0
17 V -436.896568969 0
17 W -437.465390504 0
17 Y -430.402423297 0
18 A -436.130512462 0
18 C -435.934394732 0
18 D -435.75126158 0
18 E -437.596065928 0
18 F -440.557634532 1
18 G -433.253810596 0
18 H -439.051132732 0
18 I -436.763138787 0
18 K -438.290959819 0
18 L -439.044238468 0
18 M -437.176083651 0
18 N -435.825032947 0
18 P -390.819244667 0
18 Q -435.125041389 0
18 R -437.751048634 0
18 S -437.851372577 0
18 T -434.421411845 0
18 V -437.008913678 0
18 W -438.281838237 0
18 Y -438.971439827 0
19 A -429.97995797 0
19 C -430.760535294 0
19 D -428.78404128 0
19 E -433.71393562 0
19 F -434.710630048 0
19 G -424.389813356 0
19 H -433.128004453 0
19 I -440.583107862 1
19 K -424.932416319 0
19 L -434.408878119 0
19 M -435.18816219 0
19 N -430.78991509 0
19 P -385.899126077 0
19 Q -432.433604451 0
19 R -424.196699563 0
19 S -430.091201883 0
19 T -433.089445448 0
19 V -436.846262661 0
19 W -422.765859206 0
19 Y -424.73591474 0
20 A -435.954581845 0
20 C -434.123910628 0
20 D -434.565045868 0
20 E -438.374220197 0
20 F -433.851141284 0
20 G -430.878950515 0
20 H -432.402130029 0
20 I -437.950752541 0
20 K -434.814633488 0
20 L -440.544044782 1
20 M -437.783563452 0
20 N -433.952996495 0
20 P -427.716467514 0
20 Q -435.464297312 0
20 R -435.649184116 0
20 S -434.38435459 0
20 T -435.866636925 0
20 V -437.626254999 0
20 W -433.56053563 0
20 Y -434.050902063 0
21 A -429.518511295 0
21 C -432.862047039 0
21 D -429.219420697 0
21 E -433.728821045 0
21 F -425.68081815 0
21 G -422.649721649 0
21 H -428.569841494 0
21 I -436.976165868 0
21 K -422.189707229 0
21 L -436.821666819 0
21 M -433.216759063 0
21 N -429.866393858 0
21 P -394.734915328 0
21 Q -427.831631619 0
21 R -423.103687619 0
21 S -429.052527964 0
21 T -434.536103266 0
21 V -440.596745302 1
21 W -419.95548918 0
21 Y -425.137267024 0
22 A -432.704514721 0
22 C -431.513884538 0
22 D -440.539410875 1
22 E -436.178636299 0
22 F -432.806574468 0
22 G -430.190042529 0
22 H -433.752563114 0
22 I -434.279926475 0
22 K -432.287327936 0
22 L -434.364369558 0
22 M -433.727545172 0
22 N -435.127580241 0
22 P -432.770218054 0
22 Q -433.739184719 0
22 R -432.054642948 0
22 S -432.537047236 0
22 T -432.564594089 0
22 V -433.741889353 0
22 W -434.916126935 0
22 Y -432.817524207 0
23 A -436.030700529 0
23 C -434.457706466 0
23 D -433.696121846 0
23 E -435.467480838 0
23 F -435.285506345 0
23 G -434.44766853 0
23 H -436.216236234 0
23 I -436.008926474 0
23 K -440.54054442 1
23 L -436.71527195 0
23 M -437.262864137 0
23 N -434.296103878 0
23 P -392.781189083 0
23 Q -435.866919879 0
23 R -438.234638454 0
23 S -435.948565126 0
23 T -433.913849471 0
23 V -434.747422145 0
23 W -436.639682178 0
23 Y -434.921981799 0
24 A -435.764250917 0
24 C -434.609725183 0
24 D -435.515900701 0
24 E -435.63207584 0
24 F -433.989671944 0
24 G -435.092685057 0
24 H -436.809078589 0
24 I -434.671317597 0
24 K -437.062788826 0
24 L -436.037647275 0
24 M -435.508201636 0
24 N -436.816155042 0
24 P -417.803759707 0
24 Q -435.793279483 0
24 R -440.56779806 1
24 S -437.474722082 0
24 T -435.084797899 0
24 V -434.312027522 0
24 W -434.717743906 0
24 Y -433.500652261 0
25 A -440.564824038 1
25 C -440.564824038 1
25 D -440.564824038 1
25 E -440.564681607 1
25 F -440.564824038 1
25 G -440.564681607 1
25 H -440.564824038 1
25 I -440.564824038 1
25 K -440.564824038 1
25 L -440.564681607 1
25 M -440.564824038 1
25 N -440.564824038 1
25 P -440.564824038 1
25 Q -440.564824038 1
25 R -440.564824038 1
25 S -440.564824038 1
25 T -440.564824038 1
25 V -440.564824038 1
25 W -440.564824038 1
25 Y -440.564824038 1
26 A -439.177033401 0
26 C -436.399920856 0
26 D -440.908489658 0
26 E -441.099256744 0
26 F -437.975387998 0
26 G -437.98807546 0
26 H -439.403162068 0
26 I -439.17651409 0
26 K -440.594938109 0
26 L -440.555568834 1
26 M -439.061374801 0
26 N -439.377464696 0
26 P -436.663120772 0
26 Q -439.273540358 0
26 R -440.118584749 0
26 S -440.62267946 0
26 T -439.993872197 0
26 V -439.058519321 0
26 W -437.920514273 0
26 Y -437.662546936 0
27 A -439.056254953 0
27 C -436.577055226 0
27 D -438.220550659 0
27 E -439.537743291 0
27 F -439.724557958 0
27 G -435.670708734 0
27 H -440.462416175 0
27 I -436.700855118 0
27 K -437.992692366 0
27 L -438.206035757 0
27 M -439.569125276 0
27 N -438.735875048 0
27 P -408.28964645 0
27 Q -438.7317414 0
27 R -437.744417402 0
27 S -438.74227262 0
27 T -440.56003991 1
27 V -438.583895799 0
27 W -438.493523232 0
27 Y -440.588520479 0
28 A -429.602370522 0
28 C -429.322134976 0
28 D -429.476432429 0
28 E -428.536373783 0
28 F -440.593363163 1
28 G -424.345295416 0
28 H -435.61739318 0
28 I -434.264698311 0
28 K -427.258211232 0
28 L -432.687853095 0
28 M -434.301853258 0
28 N -431.582410136 0
28 P -389.591142046 0
28 Q -431.243433163 0
28 R -426.569843597 0
28 S -429.387585688 0
28 T -431.106027131 0
28 V -434.657482993 0
28 W -435.39362923 0
28 Y -438.813082677 0
29 A -435.213057973 0
29 C -435.564144657 0
29 D -433.095804943 0
29 E -438.440564675 0
29 F -434.438317507 0
29 G -431.043864885 0
29 H -431.552488976 0
29 I -440.226615328 0
29 K -435.947988667 0
29 L -440.562673802 1
29 M -438.646810778 0
29 N -434.882922138 0
29 P -400.492776223 0
29 Q -436.28122997 0
29 R -435.320837884 0
29 S -435.266394423 0
29 T -437.906480808 0
29 V -439.501577918 0
29 W -429.777603698 0
29 Y -431.731316396 0
30 A -432.371578002 0
30 C -433.612575376 0
30 D -434.404619813 0
30 E -430.946822384 0
30 F -436.809554333 0
30 G -425.681137339 0
30 H -433.511021971 0
30 I -440.897322453 0
30 K -423.385566275 0
30 L -433.7368795 0
30 M -434.921281263 0
30 N -434.539987178 0
30 P -405.029728882 0
30 Q -424.095039173 0
30 R -397.233843295 0
30 S -432.478347085 0
30 T -435.748064587 0
30 V -440.569791583 1
30 W -417.480153471 0
30 Y -426.654845254 0
31 A -435.34452036 0
31 C -434.793741893 0
31 D -433.018911211 0
31 E -436.241198863 0
31 F -433.845500942 0
31 G -429.079658715 0
31 H -435.841860241 0
31 I -441.679275214 0
31 K -434.122017955 0
31 L -438.884590249 0
31 M -438.049927611 0
31 N -436.701211909 0
31 P -403.151876988 0
31 Q -436.385942913 0
31 R -439.021933953 0
31 S -434.659070565 0
31 T -436.553207277 0
31 V -440.552676346 1
31 W -435.353584094 0
31 Y -434.729583816 0
32 A -424.469514932 0
32 C -424.810262792 0
32 D -422.265611074 0
32 E -422.69460309 0
32 F -426.53968225 0
32 G -420.052849518 0
32 H -426.745536423 0
32 I -430.715956062 0
32 K -418.93963098 0
32 L -440.568757688 1
32 M -428.268777799 0
32 N -425.1517981 0
32 P -401.629409859 0
32 Q -425.868672889 0
32 R -415.094101263 0
32 S -424.929284529 0
32 T -426.684602506 0
32 V -428.992895748 0
32 W -383.011192939 0
32 Y -424.387592713 0
33 A -436.221147535 0
33 C -436.206058812 0
33 D -429.980618756 0
33 E -436.617887392 0
33 F -436.1200769 0
33 G -434.097780619 0
33 H -435.604864132 0
33 I -440.506508663 0
33 K -439.013707549 0
33 L -438.935410411 0
33 M -438.482821845 0
33 N -435.859664455 0
33 P -401.985372685 0
33 Q -438.880939044 0
33 R -432.544257927 0
33 S -436.759923991 0
33 T -439.179531876 0
33 V -440.550866835 1
33 W -433.331684292 0
33 Y -434.549909247 0
34 A -435.032485347 0
34 C -435.247821819 0
34 D -436.727236289 0
34 E -419.672670846 0
34 F -436.69976594 0
34 G -421.132140632 0
34 H -440.558157592 1
34 I -432.651630194 0
34 K -420.154586409 0
34 L -423.120775063 0
34 M -427.892768684 0
34 N -440.434999524 0
34 P -387.501478477 0
34 Q -425.893554035 0
34 R -427.601728125 0
34 S -435.18054686 0
34 T -434.500452312 0
34 V -438.370541272 0
34 W -423.212056648 0
34 Y -435.548816958 0
35 A -437.457043109 0
35 C -437.028408908 0
35 D -440.430727271 0
35 E -440.543393196 1
35 F -439.51216779 0
35 G -437.039580769 0
35 H -439.89316269 0
35 I -438.974932385 0
35 K -440.445713827 0
35 L -440.980764988 0
35 M -439.302677012 0
35 N -440.423098855 0
35 P -436.120929395 0
35 Q -439.41074235 0
35 R -433.253795289 0
35 S -439.12118867 0
35 T -440.184717787 0
35 V -438.340816883 0
35 W -440.919030959 0
35 Y -438.998666316 0
36 A -427.127524227 0
36 C -416.7858113 0
36 D -414.924676707 0
36 E -403.699528097 0
36 F -400.494466785 0
36 G -440.528124965 1
36 H -408.961423644 0
36 I -404.196145549 0
36 K -388.10655452 0
36 L -411.917578181 0
36 M -401.944788842 0
36 N -415.221902595 0
36 P -389.68285606 0
36 Q -401.07086907 0
36 R -412.024606421 0
36 S -424.776561895 0
36 T -417.292047928 0
36 V -402.296771904 0
36 W -385.712404984 0
36 Y -399.58408694 0
37 A -437.839065932 0
37 C -437.537157034 0
37 D -439.573786019 0
37 E -440.344975701 0
37 F -440.13830938 0
37 G -437.939371548 0
37 H -440.530172025 1
37 I -439.411492201 0
37 K -440.692164603 0
37 L -440.618057612 0
37 M -438.475040334 0
37 N -439.824436482 0
37 P -426.411381345 0
37 Q -439.377304867 0
37 R -439.811942106 0
37 S -439.259710523 0
37 T -440.412420567 0
37 V -439.648210306 0
37 W -439.53072679 0
37 Y -439.438270945 0
38 A -436.981375159 0
38 C -436.252917498 0
38 D -435.696465025 0
38 E -437.495928735 0
38 F -437.188487321 0
38 G -434.787198326 0
38 H -437.083633493 0
38 I -434.48873077 0
38 K -437.61009984 0
38 L -440.536465695 1
38 M -436.593802005 0
38 N -437.00130358 0
38 P -415.543913553 0
38 Q -437.31047175 0
38 R -436.428622129 0
38 S -436.290857082 0
38 T -434.492217378 0
38 V -435.589458294 0
38 W -436.679264541 0
38 Y -435.479881162 0
39 A -434.680738795 0
39 C -433.176486128 0
39 D -438.085032454 0
39 E -437.58403158 0
39 F -430.769614939 0
39 G -434.862888111 0
39 H -437.311515468 0
39 I -433.852741741 0
39 K -435.149242625 0
39 L -435.283317889 0
39 M -433.922689021 0
39 N -434.985178444 0
39 P -439.871165478 1
39 Q -434.664724381 0
39 R -434.367895926 0
39 S -437.117821279 0
39 T -435.583963745 0
39 V -433.97146426 0
39 W -432.418613394 0
39 Y -431.800664773 0
40 A -441.360782572 0
40 C -437.341516668 0
40 D -441.683029774 0
40 E -441.793507154 0
40 F -435.474699567 0
40 G -438.161338645 0
40 H -439.585794229 0
40 I -440.377617175 0
40 K -440.228943582 0
40 L -441.729849722 0
40 M -439.513695684 1
40 N -439.545493694 0
40 P -440.144424872 0
40 Q -438.538927485 0
40 R -441.26905609 0
40 S -440.425927084 0
40 T -440.975486504 0
40 V -439.941620848 0
40 W -433.388662101 0
40 Y -436.305490482 0
41 A -438.566830821 0
41 C -436.928466389 0
41 D -439.96404011 0
41 E -441.113123331 0
41 F -438.695342671 0
41 G -436.425638037 0
41 H -441.58485372 0
41 I -437.639302895 0
41 K -438.451666007 0
41 L -438.811988516 0
41 M -438.452467073 0
41 N -439.348852943 0
41 P -425.746697971 0
41 Q -439.68151459 0
41 R -439.936290385 1
41 S -439.88715411 0
41 T -439.219000633 0
41 V -437.174125773 0
41 W -440.151392103 0
41 Y -438.533597051 0
42 A -436.680542024 0
42 C -434.821293779 0
42 D -437.470421706 0
42 E -438.591115952 0
42 F -435.933550182 0
42 G -433.297784207 0
42 H -436.952755989 0
42 I -439.811775566 0
42 K -430.58600643 0
42 L -438.744728022 0
42 M -437.340818366 0
42 N -436.654200633 0
42 P -395.202508908 0
42 Q -436.904063864 0
42 R -438.238876458 0
42 S -436.281190436 0
42 T -437.621406708 0
42 V -439.484221955 1
42 W -428.202622579 0
42 Y -427.998452828 0
43 A -440.575495286 0
43 C -436.551772782 0
43 D -437.010985538 0
43 E -435.817643795 0
43 F -430.017260296 0
43 G -427.918175558 0
43 H -430.311829048 0
43 I -432.662054737 0
43 K -433.061121493 0
43 L -433.811300244 0
43 M -438.299202997 0
43 N -439.922167721 1
43 P -362.856642039 0
43 Q -439.492265574 0
43 R -428.136190552 0
43 S -437.500037045 0
43 T -435.977824731 0
43 V -432.422201036 0
43 W -422.308771286 0
43 Y -429.611207938 0
44 A -433.874201796 0
44 C -418.478456232 0
44 D -412.055238245 0
44 E -414.881003297 0
44 F -374.860136458 0
44 G -432.418773647 1
44 H -389.307880138 0
44 I -389.217035233 0
44 K -393.820524667 0
44 L -403.092734839 0
44 M -417.673813147 0
44 N -414.564569202 0
44 P -420.186679573 0
44 Q -415.194372947 0
44 R -403.313010002 0
44 S -425.839189813 0
44 T -415.148730647 0
44 V -409.100017534 0
44 W -354.935247691 0
44 Y -376.071585046 0
45 A -439.962039416 1
45 C -438.826326124 0
45 D -432.350423349 0
45 E -429.584244867 0
45 F -438.196734798 0
45 G -430.901414441 0
45 H -439.040012892 0
45 I -435.532503385 0
45 K -431.185511234 0
45 L -436.87522015 0
45 M -438.661939153 0
45 N -438.848123471 0
45 P -395.920417396 0
45 Q -436.272477969 0
45 R -431.429830997 0
45 S -437.556016954 0
45 T -437.659072022 0
45 V -435.91738332 0
45 W -421.074918194 0
45 Y -436.11049999 0
46 A -433.722830582 0
46 C -433.953788571 0
46 D -434.397935096 0
46 E -430.093194927 0
46 F -409.452973814 0
46 G -430.600101568 0
46 H -424.710558855 0
46 I -420.451664681 0
46 K -424.858659236 0
46 L -427.946535405 0
46 M -429.92538738 0
46 N -439.94526825 1
46 P -408.319704921 0
46 Q -433.15526644 0
46 R -429.740871352 0
46 S -434.903781249 0
46 T -433.899527999 0
46 V -433.544868108 0
46 W -403.424998311 0
46 Y -414.992218752 0
47 A -423.246317182 0
47 C -423.327154477 0
47 D -425.238253491 0
47 E -428.635726062 0
47 F -438.341578979 0
47 G -415.999198653 0
47 H -432.876287986 0
47 I -426.648349275 0
47 K -427.232568012 0
47 L -428.423927392 0
47 M -425.739856584 0
47 N -430.615050424 0
47 P -392.964433149 0
47 Q -428.608611872 0
47 R -426.080304598 0
47 S -429.347689278 0
47 T -424.446542567 0
47 V -432.491190978 0
47 W -440.588069488 1
47 Y -430.15423473 0
48 A -431.321129974 0
48 C -433.04048492 0
48 D -427.779388352 0
48 E -427.117593375 0
48 F -419.23704787 0
48 G -424.90656698 0
48 H -414.629605892 0
48 I -437.272241145 0
48 K -424.769872772 0
48 L -433.162920957 0
48 M -432.09696253 0
48 N -431.80248116 0
48 P -374.753731012 0
48 Q -426.170331711 0
48 R -417.887444413 0
48 S -424.496093873 0
48 T -435.083154013 0
48 V -440.586643184 1
48 W -405.925595423 0
48 Y -426.101716788 0
49 A -429.855734384 0
49 C -430.324616254 0
49 D -426.370944147 0
49 E -430.144263834 0
49 F -433.543251406 0
49 G -424.773054904 0
49 H -431.266893222 0
49 I -431.895207569 0
49 K -421.159746933 0
49 L -440.573885558 1
49 M -434.963295906 0
49 N -430.166753085 0
49 P -391.01231535 0
49 Q -432.736186517 0
49 R -421.765417309 0
49 S -429.505191984 0
49 T -430.521133156 0
49 V -432.828075306 0
49 W -421.120090439 0
49 Y -430.277350544 0
50 A -439.708430252 0
50 C -438.079466384 0
50 D -430.692721657 0
50 E -420.562641536 0
50 F -401.891129745 0
50 G -435.612753464 0
50 H -409.226331761 0
50 I -414.604472588 0
50 K -398.71466927 0
50 L -423.452487683 0
50 M -418.77634324 0
50 N -430.690000392 0
50 P -397.875914841 0
50 Q -419.734531504 0
50 R -383.056772072 0
50 S -439.714201105 0
50 T -440.554882639 1
50 V -432.199227722 0
50 W -360.488377394 0
50 Y -400.403819013 0
51 A -438.455576213 0
51 C -437.62279322 0
51 D -436.40582025 0
51 E -434.680998444 0
51 F -439.433342279 0
51 G -435.453284536 0
51 H -437.504654649 0
51 I -432.757785245 0
51 K -438.674416695 0
51 L -439.240219927 0
51 M -439.912102023 0
51 N -438.019102481 0
51 P -436.443176057 0
51 Q -438.160424044 0
51 R -440.566466125 1
51 S -438.703289179 0
51 T -440.054538138 0
51 V -436.365634511 0
51 W -440.854799527 0
51 Y -438.725308057 0
52 A -440.519224068 1
52 C -435.884029657 0
52 D -438.960734025 0
52 E -441.101703284 0
52 F -437.437112472 0
52 G -437.059131 0
52 H -438.796183046 0
52 I -439.681381836 0
52 K -439.891107807 0
52 L -438.000660644 0
52 M -437.953547977 0
52 N -437.881038367 0
52 P -385.870580653 0
52 Q -438.830998943 0
52 R -439.883878783 0
52 S -438.31610577 0
52 T -437.970855846 0
52 V -439.153230296 0
52 W -439.024691623 0
52 Y -437.387101733 0
53 A -437.726349504 0
53 C -435.192400809 0
53 D -438.827863321 0
53 E -440.521770779 1
53 F -434.982242213 0
53 G -435.866046181 0
53 H -436.76099655 0
53 I -433.117129127 0
53 K -438.143503991 0
53 L -437.936415206 0
53 M -436.654234622 0
53 N -437.182696508 0
53 P -429.463052778 0
53 Q -437.713589383 0
53 R -437.439008912 0
53 S -437.660415199 0
53 T -433.644737519 0
53 V -433.285962058 0
53 W -435.508418782 0
53 Y -434.867266542 0
54 A -436.884358317 0
54 C -430.629911411 0
54 D -439.825078897 0
54 E -434.576943355 0
54 F -434.197210375 0
54 G -434.422303277 0
54 H -436.997037757 0
54 I -431.357529229 0
54 K -435.811780659 0
54 L -436.074639809 0
54 M -434.386713161 0
54 N -436.730590283 0
54 P -409.283289542 0
54 Q -434.485880168 0
54 R -432.55591453 0
54 S -435.643776472 0
54 T -435.500761015 0
54 V -433.591709701 0
54 W -440.540082699 1
54 Y -436.499716531 0
55 A -439.62778797 0
55 C -437.544087295 0
55 D -434.421625114 0
55 E -437.880599302 0
55 F -439.35216322 0
55 G -436.833208623 0
55 H -436.708668842 0
55 I -433.42539825 0
55 K -438.245355694 0
55 L -438.041689336 0
55 M -440.312588106 0
55 N -434.843472721 0
55 P -384.408321462 0
55 Q -436.676055862 0
55 R -438.342786363 0
55 S -437.518807483 0
55 T -437.002164253 0
55 V -440.54971022 1
55 W -439.578522886 0
55 Y -437.171284659 0
56 A -440.05072606 0
56 C -437.075605661 0
56 D -441.678009923 0
56 E -441.926393577 0
56 F -438.859394345 0
56 G -438.897597863 0
56 H -440.050829837 0
56 I -440.702787679 0
56 K -441.178268141 0
56 L -441.277355577 0
56 M -440.319132264 0
56 N -440.42688609 0
56 P -426.18018262 0
56 Q -440.773603019 0
56 R -440.778614727 0
56 S -440.534266236 1
56 T -439.819568053 0
56 V -439.961423452 0
56 W -440.638534742 0
56 Y -436.588874227 0
57 A -438.631888036 0
57 C -435.094958062 0
57 D -439.525614769 0
57 E -439.956653115 0
57 F -436.950463627 0
57 G -436.011939309 0
57 H -438.175704782 0
57 I -439.300074216 0
57 K -439.365919882 0
57 L -440.517854939 1
57 M -440.225035521 0
57 N -438.096665207 0
57 P -419.942837604 0
57 Q -437.26940212 0
57 R -439.301304206 0
57 S -438.307282499 0
57 T -438.345433852 0
57 V -438.712349785 0
57 W -437.707777318 0
57 Y -437.179461988 0
58 A -435.970683895 0
58 C -434.551270412 0
58 D -431.049780324 0
58 E -430.202292046 0
58 F -420.620450081 0
58 G -431.999956337 0
58 H -433.696244208 0
58 I -428.137694405 0
58 K -425.489922388 0
58 L -422.485297852 0
58 M -432.140682362 0
58 N -434.877973809 0
58 P -386.942417255 0
58 Q -431.097660421 0
58 R -429.231020326 0
58 S -433.967254858 0
58 T -437.29722646 0
58 V -440.568730999 1
58 W -413.69810789 0
58 Y -427.278267037 0
59 A -436.334713714 0
59 C -436.620684385 0
59 D -434.238361685 0
59 E -436.013829627 0
59 F -429.571575605 0
59 G -433.268549743 0
59 H -427.338179745 0
59 I -440.460847963 0
59 K -427.93804843 0
59 L -439.646250604 0
59 M -432.53416433 0
59 N -436.672092344 0
59 P -378.10731241 0
59 Q -436.785044992 0
59 R -434.563033665 0
59 S -434.963093569 0
59 T -436.806191251 0
59 V -440.569790181 1
59 W -432.803443084 0
59 Y -439.277332698 0
60 A -440.697152604 0
60 C -438.246398102 0
60 D -440.58819032 0
60 E -441.53685533 0
60 F -439.822562092 0
60 G -439.577023049 0
60 H -441.021584033 0
60 I -442.105886979 0
60 K -441.782830038 0
60 L -441.971064172 0
60 M -441.541238796 0
60 N -440.359561496 0
60 P -378.196300886 0
60 Q -440.322728614 0
60 R -442.126151739 0
60 S -440.507007388 1
60 T -441.20427718 0
60 V -441.355305598 0
60 W -441.575230785 0
60 Y -439.75456096 0
61 A -438.610721875 0
61 C -435.889077109 0
61 D -438.627455591 0
61 E -438.407774765 0
61 F -438.051424597 0
61 G -436.4128332 0
61 H -438.66801489 0
61 I -435.031376591 0
61 K -438.902617304 0
61 L -440.540403045 1
61 M -440.261901882 0
61 N -438.976480903 0
61 P -380.386804325 0
61 Q -437.378544349 0
61 R -440.696464569 0
61 S -437.654253815 0
61 T -436.298143517 0
61 V -437.227044535 0
61 W -443.242864451 0
61 Y -437.866261505 0
62 A -430.346608335 0
62 C -421.809933423 0
62 D -419.084516846 0
62 E -406.331894301 0
62 F -410.503892756 0
62 G -440.611771256 1
62 H -413.11465687 0
62 I -387.434353186 0
62 K -401.547596345 0
62 L -399.309335221 0
62 M -396.883226446 0
62 N -417.841542051 0
62 P -354.02873205 0
62 Q -405.651696094 0
62 R -397.507105281 0
62 S -429.434834696 0
62 T -411.52645687 0
62 V -395.356526701 0
62 W -407.947714883 0
62 Y -403.790059701 0
63 A -438.769365614 0
63 C -437.427176595 0
63 D -438.040256469 0
63 E -439.918687558 1
63 F -440.153891632 0
63 G -436.849672581 0
63 H -439.527020992 0
63 I -440.228629191 0
63 K -440.025312698 0
63 L -437.103850933 0
63 M -439.492964737 0
63 N -438.515994677 0
63 P -381.97605853 0
63 Q -438.12443527 0
63 R -438.033140843 0
63 S -437.388767672 0
63 T -438.72933488 0
63 V -438.57564434 0
63 W -439.177928769 0
63 Y -437.318001839 0
64 A -440.89513134 0
64 C -439.153856723 0
64 D -440.582433773 1
64 E -441.114160772 0
64 F -439.006061749 0
64 G -439.910765675 0
64 H -440.589155829 0
64 I -438.604553299 0
64 K -441.772933648 0
64 L -442.102621671 0
64 M -441.831909327 0
64 N -441.243298581 0
64 P -400.134567433 0
64 Q -440.29119975 0
64 R -441.196304769 0
64 S -440.727950292 0
64 T -439.956316035 0
64 V -438.44941388 0
64 W -440.697888367 0
64 Y -438.884059461 0
65 A -440.603042044 1
65 C -436.467810932 0
65 D -429.541838324 0
65 E -433.726792064 0
65 F -433.550051499 0
65 G -436.455030931 0
65 H -433.411917763 0
65 I -430.521359882 0
65 K -431.411605582 0
65 L -430.46801946 0
65 M -432.058115795 0
65 N -436.030224668 0
65 P -373.796312235 0
65 Q -434.93587457 0
65 R -431.286562976 0
65 S -439.343459629 0
65 T -434.589944935 0
65 V -429.504658301 0
65 W -434.025292006 0
65 Y -432.055521631 0
66 A -422.927297281 0
66 C -422.189962099 0
66 D -426.310579214 0
66 E -423.716095604 0
66 F -422.172745396 0
66 G -439.895907117 1
66 H -423.665244144 0
66 I -417.588191294 0
66 K -424.450008926 0
66 L -423.574872542 0
66 M -422.747112197 0
66 N -424.332419289 0
66 P -365.721179974 0
66 Q -423.977551182 0
66 R -424.707801354 0
66 S -429.677913883 0
66 T -417.249803395 0
66 V -417.001828557 0
66 W -421.997836185 0
66 Y -421.717518661 0
67 A -437.415848898 0
67 C -433.981715671 0
67 D -437.303843815 0
67 E -438.072044578 0
67 F -439.898826095 1
67 G -433.800494438 0
67 H -438.091881864 0
67 I -438.50411343 0
67 K -436.304581921 0
67 L -440.358063506 0
67 M -436.364587834 0
67 N -436.123286783 0
67 P -434.375388241 0
67 Q -437.740064007 0
67 R -436.189053729 0
67 S -435.463389792 0
67 T -436.827582492 0
67 V -436.900231582 0
67 W -439.800998204 0
67 Y -440.293194822 0
68 A -435.649271308 0
68 C -434.318140519 0
68 D -438.097948504 0
68 E -439.566251524 1
68 F -433.995031856 0
68 G -435.111912524 0
68 H -439.131339498 0
68 I -435.413966148 0
68 K -437.071846578 0
68 L -436.858929141 0
68 M -436.01652674 0
68 N -436.771450059 0
68 P -423.084454192 0
68 Q -437.578979055 0
68 R -435.990031916 0
68 S -437.567286918 0
68 T -436.664666531 0
68 V -435.236453476 0
68 W -436.939317176 0
68 Y -435.108102948 0
69 A -436.375038958 0
69 C -435.08043619 0
69 D -435.021910474 0
69 E -436.001155439 0
69 F -436.463021802 0
69 G -434.721144668 0
69 H -437.588157705 0
69 I -433.54225555 0
69 K -437.002126341 0
69 L -435.878849389 0
69 M -435.98369767 0
69 N -439.892574548 1
69 P -395.201371813 0
69 Q -436.390212256 0
69 R -438.47366363 0
69 S -435.916028511 0
69 T -433.86724659 0
69 V -428.861587781 0
69 W -434.464097578 0
69 Y -436.174606968 0
70 A -436.009937358 0
70 C -434.854304619 0
70 D -439.059799134 0
70 E -437.916277324 0
70 F -437.066667911 0
70 G -436.227655668 0
70 H -439.922163048 1
70 I -422.090591805 0
70 K -436.2349647 0
70 L -437.045934831 0
70 M -435.415055807 0
70 N -438.764418685 0
70 P -386.420442008 0
70 Q -438.453870305 0
70 R -434.95899421 0
70 S -435.013117537 0
70 T -429.773884834 0
70 V -420.93764749 0
70 W -436.661871223 0
70 Y -435.299426044 0
71 A -431.773494934 0
71 C -430.148582735 0
71 D -431.532477149 0
71 E -427.439440743 0
71 F -439.927206281 1
71 G -428.550999701 0
71 H -437.428057265 0
71 I -395.915255457 0
71 K -428.944669003 0
71 L -429.804206603 0
71 M -424.969005977 0
71 N -435.159937111 0
71 P -378.006367766 0
71 Q -429.365023669 0
71 R -432.921106832 0
71 S -430.482810802 0
71 T -427.474520925 0
71 V -420.911104863 0
71 W -438.663856776 0
71 Y -439.18164351 0
72 A -433.61024446 0
72 C -433.958977915 0
72 D -430.53261964 0
72 E -432.193751488 0
72 F -434.588548096 0
72 G -430.802433875 0
72 H -434.253262568 0
72 I -438.161497595 0
72 K -432.889368674 0
72 L -440.585677409 1
72 M -438.460183547 0
72 N -434.02847554 0
72 P -374.739010787 0
72 Q -435.098514783 0
72 R -434.860373385 0
72 S -434.146291562 0
72 T -434.944454919 0
72 V -437.079562976 0
72 W -435.813361157 0
72 Y -434.279802788 0
73 A -438.467722255 0
73 C -437.436498446 0
73 D -437.21989731 0
73 E -438.744464561 0
73 F -439.530289559 0
73 G -434.085317223 0
73 H -442.036122595 0
73 I -436.122454304 0
73 K -439.576351293 0
73 L -440.578163379 1
73 M -440.407753935 0
73 N -437.585802408 0
73 P -436.497714555 0
73 Q -437.561792415 0
73 R -439.592176168 0
73 S -437.981449034 0
73 T -436.746239514 0
73 V -437.768958864 0
73 W -441.206712004 0
73 Y -439.456988525 0
74 A -436.68931758 0
74 C -434.60642502 0
74 D -437.124790294 0
74 E -437.815992165 0
74 F -437.015740752 0
74 G -435.144926577 0
74 H -437.390497486 0
74 I -436.722627991 0
74 K -437.529832477 0
74 L -438.162366082 0
74 M -435.835899125 0
74 N -436.320107053 0
74 P -440.581608904 1
74 Q -437.225391244 0
74 R -439.367425151 0
74 S -437.639200401 0
74 T -436.293702419 0
74 V -436.351992669 0
74 W -436.30513114 0
74 Y -436.561889214 0
75 A -438.823158527 0
75 C -437.23871052 0
75 D -442.472332855 0
75 E -440.697388839 0
75 F -439.106403873 0
75 G -438.65933594 0
75 H -441.240325555 0
75 I -423.967884211 0
75 K -441.302411804 0
75 L -439.397005682 0
75 M -438.729515229 0
75 N -442.609369822 0
75 P -407.120639425 0
75 Q -439.162492994 0
75 R -440.559075024 1
75 S -440.148481956 0
75 T -435.204665739 0
75 V -426.551903572 0
75 W -437.848106993 0
75 Y -438.73768041 0
76 A -434.090823835 0
76 C -435.502604759 0
76 D -440.538913301 1
76 E -435.790202542 0
76 F -432.631190621 0
76 G -430.799173988 0
76 H -436.875136983 0
76 I -435.816096195 0
76 K -429.488453908 0
76 L -438.838295227 0
76 M -434.667384081 0
76 N -439.962068661 0
76 P -428.422694238 0
76 Q -435.25711277 0
76 R -430.825051651 0
76 S -434.75344419 0
76 T -435.269359201 0
76 V -433.565302475 0
76 W -430.878239847 0
76 Y -430.656219903 0
77 A -440.346580206 0
77 C -438.773991038 0
77 D -441.36765423 0
77 E -442.549810503 0
77 F -440.472415639 0
77 G -439.997294672 0
77 H -443.578471187 0
77 I -440.284027338 0
77 K -442.36760881 0
77 L -441.053675508 0
77 M -440.25296625 0
77 N -440.41831657 0
77 P -441.582404811 0
77 Q -441.094161396 0
77 R -441.785620971 0
77 S -442.390173669 0
77 T -440.850709527 0
77 V -439.697940283 0
77 W -441.033561463 0
77 Y -440.537898924 1
78 A -436.160067776 0
78 C -434.859626142 0
78 D -433.298887253 0
78 E -434.253972628 0
78 F -434.92800701 0
78 G -431.750560188 0
78 H -438.18763218 0
78 I -429.942465193 0
78 K -434.831637779 0
78 L -440.510361934 1
78 M -439.140906561 0
78 N -435.967047279 0
78 P -407.746091145 0
78 Q -437.396762568 0
78 R -438.032189792 0
78 S -434.136096894 0
78 T -435.821933593 0
78 V -431.451819704 0
78 W -436.276279402 0
78 Y -434.556612812 0
79 A -433.774212354 0
79 C -435.123954579 0
79 D -432.817978822 0
79 E -431.133043485 0
79 F -424.726912904 0
79 G -429.134761497 0
79 H -422.321833832 0
79 I -441.089281292 0
79 K -418.181155541 0
79 L -434.900741167 0
79 M -432.21236928 0
79 N -435.338546796 0
79 P -398.410851262 0
79 Q -434.820099355 0
79 R -432.028865987 0
79 S -432.660568281 0
79 T -435.652663197 0
79 V -440.54345215 1
79 W -416.065292368 0
79 Y -422.964634012 0
80 A -432.464509089 0
80 C -431.387453623 0
80 D -433.36880423 0
80 E -433.059617793 0
80 F -435.280579425 0
80 G -429.2425079 0
80 H -435.478344925 0
80 I -440.571971355 1
80 K -433.131656025 0
80 L -438.061440917 0
80 M -433.940140373 0
80 N -433.19376185 0
80 P -403.356955836 0
80 Q -431.826084247 0
80 R -434.811585945 0
80 S -432.151535814 0
80 T -434.875227844 0
80 V -437.636596053 0
80 W -434.754430907 0
80 Y -436.181424929 0
81 A -440.589151899 1
81 C -435.016063919 0
81 D -427.162397743 0
81 E -427.518149018 0
81 F -408.127273269 0
81 G -433.797950214 0
81 H -415.879220401 0
81 I -423.612855195 0
81 K -414.285057236 0
81 L -423.525889877 0
81 M -429.447838066 0
81 N -429.976069255 0
81 P -380.83773111 0
81 Q -428.684252014 0
81 R -407.868900685 0
81 S -437.535989096 0
81 T -435.460153014 0
81 V -434.570954785 0
81 W -400.888132134 0
81 Y -406.751375885 0
82 A -439.599380145 0
82 C -437.401250777 0
82 D -434.898835519 0
82 E -436.513936765 0
82 F -440.588216184 1
82 G -435.105003821 0
82 H -441.309317928 0
82 I -431.26502653 0
82 K -437.042528747 0
82 L -435.123897689 0
82 M -428.919489795 0
82 N -438.655123858 0
82 P -411.059207787 0
82 Q -437.052545471 0
82 R -438.177972628 0
82 S -438.986297381 0
82 T -437.227906114 0
82 V -433.985721368 0
82 W -439.396690414 0
82 Y -438.259282309 0
83 A -424.43619788 0
83 C -432.993589194 0
83 D -429.99815852 0
83 E -427.88287006 0
83 F -424.926123113 0
83 G -431.490308213 0
83 H -430.006877854 0
83 I -428.953863253 0
83 K -419.63525073 0
83 L -434.226390986 0
83 M -431.542685142 0
83 N -433.206859003 0
83 P -398.001314497 0
83 Q -431.06922105 0
83 R -410.112134649 0
83 S -435.584772251 0
83 T -440.563315297 1
83 V -434.192101974 0
83 W -385.57736165 0
83 Y -415.187156013 0
84 A -437.073931691 0
84 C -435.681258595 0
84 D -436.100182224 0
84 E -437.144841335 0
84 F -435.522092366 0
84 G -437.094303135 0
84 H -438.397571484 0
84 I -435.465409688 0
84 K -437.682240221 0
84 L -438.284101638 0
84 M -436.870445972 0
84 N -437.457297351 0
84 P -425.312585323 0
84 Q -436.390714915 0
84 R -439.94732985 1
84 S -438.859485591 0
84 T -437.259550594 0
84 V -435.702659812 0
84 W -435.927893453 0
84 Y -434.83985984 0
85 A -430.104228935 0
85 C -423.104145083 0
85 D -430.207694737 0
85 E -431.112390106 0
85 F -426.032157447 0
85 G -429.859423783 0
85 H -424.060900704 0
85 I -436.079777311 0
85 K -425.595186626 0
85 L -439.929163384 1
85 M -437.427644315 0
85 N -430.782901862 0
85 P -408.461327098 0
85 Q -430.638374324 0
85 R -423.244446319 0
85 S -429.308254043 0
85 T -430.535740007 0
85 V -431.616772106 0
85 W -429.885404653 0
85 Y -426.158281283 0
86 A -430.754715216 0
86 C -424.797866514 0
86 D -419.634772439 0
86 E -419.781799438 0
86 F -417.166436206 0
86 G -422.2804643 0
86 H -427.531797774 0
86 I -439.946535884 1
86 K -424.853259988 0
86 L -430.171321929 0
86 M -434.730041585 0
86 N -423.826013045 0
86 P -386.52037212 0
86 Q -423.832980002 0
86 R -423.772382126 0
86 S -423.840645787 0
86 T -426.499969563 0
86 V -429.424606964 0
86 W -419.734695981 0
86 Y -414.548225873 0
87 A -428.571417086 0
87 C -426.853102005 0
87 D -425.851460248 0
87 E -430.363755007 0
87 F -424.435796743 0
87 G -432.211081847 1
87 H -426.537475156 0
87 I -407.482174352 0
87 K -428.047133469 0
87 L -422.538310447 0
87 M -426.449233776 0
87 N -425.700964867 0
87 P -420.727028036 0
87 Q -430.358362801 0
87 R -425.298714721 0
87 S -424.813272794 0
87 T -426.177445759 0
87 V -403.334234121 0
87 W -419.84999505 0
87 Y -416.874887872 0
88 A -440.942894522 0
88 C -435.349962474 0
88 D -430.042772902 0
88 E -430.7288898 0
88 F -431.361889553 0
88 G -437.526551607 0
88 H -432.004095576 0
88 I -410.639264367 0
88 K -438.818542528 0
88 L -423.585773423 0
88 M -435.784085256 0
88 N -438.344434098 0
88 P -425.797613469 0
88 Q -435.235911602 0
88 R -439.180658021 0
88 S -440.547390807 1
88 T -440.371575373 0
88 V -434.222382685 0
88 W -431.103405651 0
88 Y -432.042413514 0
89 A -433.926296887 0
89 C -432.085026185 0
89 D -435.101888125 0
89 E -434.47724022 0
89 F -434.317373512 0
89 G -440.555342458 1
89 H -435.685593215 0
89 I -420.423362999 0
89 K -436.025398367 0
89 L -434.776224642 0
89 M -433.631375457 0
89 N -436.927134716 0
89 P -364.065675787 0
89 Q -434.061455077 0
89 R -436.364102925 0
89 S -435.318793456 0
89 T -433.613814825 0
89 V -420.270287166 0
89 W -433.381494127 0
89 Y -435.67420192 0
90 A -436.772907599 0
90 C -436.333502799 0
90 D -438.972322039 0
90 E -440.53631848 1
90 F -437.180582311 0
90 G -436.449359081 0
90 H -439.512431639 0
90 I -435.305150216 0
90 K -436.764171016 0
90 L -438.875632905 0
90 M -439.239845259 0
90 N -438.020425467 0
90 P -366.513580055 0
90 Q -441.164849054 0
90 R -438.144921956 0
90 S -436.444261708 0
90 T -434.987110517 0
90 V -435.008158753 0
90 W -436.059415772 0
90 Y -434.65069574 0
91 A -435.108250241 0
91 C -434.333290327 0
91 D -432.017621245 0
91 E -440.537443173 1
91 F -433.761143121 0
91 G -431.873938909 0
91 H -434.279745915 0
91 I -436.499129162 0
91 K -436.451202099 0
91 L -436.693474226 0
91 M -436.018001424 0
91 N -433.412681269 0
91 P -411.292271607 0
91 Q -438.01647945 0
91 R -436.324653439 0
91 S -435.603763095 0
91 T -435.44921946 0
91 V -436.188539473 0
91 W -433.32915071 0
91 Y -433.373118818 0
92 A -437.098991218 0
92 C -434.362882277 0
92 D -440.535637785 1
92 E -436.53275137 0
92 F -434.953249395 0
92 G -432.82009157 0
92 H -436.121023114 0
92 I -435.200617296 0
92 K -431.50266607 0
92 L -425.155107231 0
92 M -431.994450334 0
92 N -435.343209835 0
92 P -392.53888869 0
92 Q -433.541263184 0
92 R -432.747943601 0
92 S -435.432455895 0
92 T -437.405333051 0
92 V -437.203281746 0
92 W -435.104288393 0
92 Y -434.534076931 0
93 A -436.576414318 0
93 C -434.345160444 0
93 D -433.187075635 0
93 E -436.673800895 0
93 F -435.792850496 0
93 G -433.127084656 0
93 H -436.036648738 0
93 I -436.264295198 0
93 K -437.123303611 0
93 L -435.398206957 0
93 M -436.72067345 0
93 N -434.662587728 0
93 P -409.399323135 0
93 Q -438.370466672 0
93 R -440.567929801 1
93 S -436.575734742 0
93 T -437.021729391 0
93 V -436.448286448 0
93 W -436.365098298 0
93 Y -435.653086089 0
94 A -434.063488601 0
94 C -434.197865788 0
94 D -430.833201532 0
94 E -431.8282031 0
94 F -426.865150206 0
94 G -429.514093128 0
94 H -434.244643842 0
94 I -437.867795605 0
94 K -434.576576071 0
94 L -433.786126592 0
94 M -434.03308204 0
94 N -434.009065207 0
94 P -399.277574607 0
94 Q -431.588302881 0
94 R -434.062746491 0
94 S -433.448794484 0
94 T -437.091896667 0
94 V -440.578253729 1
94 W -432.572812402 0
94 Y -421.587235228 0
95 A -436.908963859 0
95 C -436.240598468 0
95 D -435.05571487 0
95 E -441.363927776 0
95 F -438.192829792 0
95 G -433.132247968 0
95 H -437.652307433 0
95 I -439.974267537 0
95 K -438.610639301 0
95 L -440.95422076 0
95 M -439.328000171 0
95 N -436.765270514 0
95 P -426.312554668 0
95 Q -438.693909367 0
95 R -440.578117442 1
95 S -437.374031481 0
95 T -438.861974167 0
95 V -440.213273424 0
95 W -438.706219395 0
95 Y -438.419607155 0
96 A -430.819487692 0
96 C -428.984132532 0
96 D -427.407284505 0
96 E -429.601944457 0
96 F -441.392325514 0
96 G -427.384107848 0
96 H -435.333751296 0
96 I -431.062929955 0
96 K -426.767097342 0
96 L -435.18192775 0
96 M -434.054384659 0
96 N -429.82819988 0
96 P -393.179145614 0
96 Q -432.658254644 0
96 R -430.526393973 0
96 S -430.84480531 0
96 T -431.650367164 0
96 V -432.347167881 0
96 W -442.645522216 0
96 Y -440.586165049 1
97 A -442.304215329 0
97 C -438.871142748 0
97 D -444.356816228 0
97 E -444.646554525 0
97 F -442.076203021 0
97 G -440.566795357 1
97 H -442.377039668 0
97 I -440.528495605 0
97 K -441.53050393 0
97 L -438.811868236 0
97 M -442.895835489 0
97 N -440.822324902 0
97 P -442.428625238 0
97 Q -441.631026348 0
97 R -441.249037217 0
97 S -442.352541748 0
97 T -439.917585148 0
97 V -440.522727807 0
97 W -444.542260256 0
97 Y -441.798929292 0
98 A -437.78640644 0
98 C -438.836265174 0
98 D -434.14904293 0
98 E -431.405786296 0
98 F -428.193978941 0
98 G -434.827783335 0
98 H -426.462271035 0
98 I -437.7028939 0
98 K -432.497410391 0
98 L -437.634324724 0
98 M -433.946024978 0
98 N -438.965392194 0
98 P -386.662164589 0
98 Q -433.207416526 0
98 R -436.701970336 0
98 S -439.578310737 0
98 T -441.281679676 0
98 V -440.576290537 1
98 W -421.582568754 0
98 Y -411.631575019 0
99 A -439.217759974 0
99 C -438.105726261 0
99 D -440.73039437 0
99 E -442.805772536 0
99 F -441.210912443 0
99 G -438.795302856 0
99 H -442.734062632 0
99 I -439.154936751 0
99 K -441.138852532 0
99 L -439.761882262 0
99 M -439.079381094 0
99 N -440.169713029 0
99 P -424.823920158 0
99 Q -441.051896287 0
99 R -440.573826347 1
99 S -441.513610611 0
99 T -439.896006259 0
99 V -438.941337082 0
99 W -443.229169589 0
99 Y -441.102464174 0
100 A -438.092868042 0
100 C -437.004992212 0
100 D -438.812956186 0
100 E -438.610923485 0
100 F -438.738572988 0
100 G -436.652855701 0
100 H -439.315484325 0
100 I -437.503902635 0
100 K -440.594568181 0
100 L -440.543381068 1
100 M -439.433371966 0
100 N -438.963541296 0
100 P -404.733516288 0
100 Q -437.782260995 0
100 R -439.811333633 0
100 S -438.330924421 0
100 T -437.632526302 0
100 V -437.127955148 0
100 W -438.856019631 0
100 Y -438.701208686 0
101 A -430.14765117 0
101 C -430.718743926 0
101 D -430.625200246 0
101 E -433.055928278 0
101 F -434.122743944 0
101 G -426.45933207 0
101 H -431.706549942 0
101 I -435.699495688 0
101 K -425.386882625 0
101 L -440.570332399 1
101 M -433.102881338 0
101 N -431.627940633 0
101 P -392.207250405 0
101 Q -432.015351252 0
101 R -425.151088807 0
101 S -429.834151662 0
101 T -430.440926972 0
101 V -432.380468938 0
101 W -428.765013012 0
101 Y -429.946454674 0
102 A -438.590065935 0
102 C -437.32026221 0
102 D -438.020424357 0
102 E -440.359184186 0
102 F -439.631081676 0
102 G -436.589015077 0
102 H -439.643901449 0
102 I -439.011652922 0
102 K -440.832455106 0
102 L -440.535052426 1
102 M -439.519062287 0
102 N -437.989410056 0
102 P -418.547836911 0
102 Q -440.080447417 0
102 R -439.944488071 0
102 S -439.063337056 0
102 T -439.591574523 0
102 V -440.382023403 0
102 W -438.665775483 0
102 Y -440.068519862 0
103 A -437.652957073 0
103 C -435.632441904 0
103 D -440.533350344 1
103 E -439.940898004 0
103 F -436.9781252 0
103 G -436.341156322 0
103 H -437.851166684 0
103 I -436.665251766 0
103 K -436.993659129 0
103 L -439.013496728 0
103 M -438.261055379 0
103 N -436.381025561 0
103 P -439.398389976 0
103 Q -437.436696253 0
103 R -437.082117427 0
103 S -437.20789807 0
103 T -436.810635989 0
103 V -436.684961043 0
103 W -437.311872805 0
103 Y -436.645809723 0
104 A -432.461570051 0
104 C -431.356286144 0
104 D -433.875784127 0
104 E -433.127973074 0
104 F -433.457470736 0
104 G -440.533741114 1
104 H -434.351162587 0
104 I -419.074638204 0
104 K -435.074085193 0
104 L -433.467363454 0
104 M -432.139898665 0
104 N -435.146018468 0
104 P -363.503252984 0
104 Q -433.672425365 0
104 R -434.333110382 0
104 S -432.418273542 0
104 T -428.647213658 0
104 V -418.459092959 0
104 W -431.714141446 0
104 Y -432.86211927 0
105 A -434.953653428 0
105 C -434.680999257 0
105 D -432.688591415 0
105 E -435.503652351 0
105 F -438.950551428 0
105 G -430.505455801 0
105 H -437.755219702 0
105 I -441.004254771 0
105 K -436.644136751 0
105 L -438.702094851 0
105 M -437.345165544 0
105 N -434.676345077 0
105 P -382.299434018 0
105 Q -435.939273218 0
105 R -438.674378814 0
105 S -434.570443097 0
105 T -437.882944816 0
105 V -440.529550509 1
105 W -438.217751672 0
105 Y -439.029145178 0
106 A -437.111173867 0
106 C -436.965492367 0
106 D -440.444064913 0
106 E -440.219091849 0
106 F -436.886178991 0
106 G -434.923181945 0
106 H -437.366343344 0
106 I -440.51954957 1
106 K -438.132498672 0
106 L -441.387905271 0
106 M -438.473009468 0
106 N -438.060549762 0
106 P -436.279523484 0
106 Q -437.854697197 0
106 R -439.627469655 0
106 S -437.789861589 0
106 T -439.336340975 0
106 V -440.087487855 0
106 W -438.792298569 0
106 Y -436.755502641 0
107 A -429.344877009 0
107 C -429.615081041 0
107 D -428.446315248 0
107 E -427.9683938 0
107 F -438.992475423 0
107 G -425.487587664 0
107 H -435.247757592 0
107 I -432.248058414 0
107 K -429.607479708 0
107 L -434.068536195 0
107 M -432.232309167 0
107 N -431.618518469 0
107 P -404.540136179 0
107 Q -428.993572656 0
107 R -425.657411388 0
107 S -428.252864719 0
107 T -429.192727738 0
107 V -430.546309954 0
107 W -433.096827262 0
107 Y -440.522522539 1
108 A -437.102081126 0
108 C -436.704827913 0
108 D -435.476348328 0
108 E -437.874238677 0
108 F -438.542403878 0
108 G -432.543754025 0
108 H -439.251162584 0
108 I -440.696250574 0
108 K -437.904060823 0
108 L -440.931028119 0
108 M -439.483798316 0
108 N -436.02584272 0
108 P -398.319492193 0
108 Q -437.811985742 0
108 R -438.487139045 0
108 S -436.206291612 0
108 T -437.347017124 0
108 V -440.565312691 1
108 W -438.240351755 0
108 Y -437.914383735 0
109 A -422.583047467 0
109 C -428.930192562 0
109 D -419.113454859 0
109 E -427.481527872 0
109 F -440.548731009 1
109 G -418.746192015 0
109 H -431.805194464 0
109 I -435.105680902 0
109 K -419.615515468 0
109 L -433.766080534 0
109 M -432.790130624 0
109 N -421.269286468 0
109 P -405.023353138 0
109 Q -426.682195411 0
109 R -417.468645544 0
109 S -421.159996113 0
109 T -430.668441377 0
109 V -433.676265131 0
109 W -429.681239451 0
109 Y -438.831174854 0
110 A -428.492828131 0
110 C -428.358828844 0
110 D -424.313025808 0
110 E -425.395254152 0
110 F -440.546799636 1
110 G -424.265182602 0
110 H -426.309308611 0
110 I -424.485504079 0
110 K -421.495090714 0
110 L -432.68673392 0
110 M -433.03544515 0
110 N -428.38272856 0
110 P -375.894505708 0
110 Q -427.91115015 0
110 R -422.488317894 0
110 S -427.804922682 0
110 T -428.76570381 0
110 V -427.521983141 0
110 W -416.506122153 0
110 Y -437.365969062 0
111 A -438.333353089 0
111 C -438.207572234 0
111 D -436.701998152 0
111 E -425.824518291 0
111 F -396.554157579 0
111 G -433.760431171 0
111 H -419.878072996 0
111 I -431.591860684 0
111 K -418.050186225 0
111 L -429.777926513 0
111 M -413.727807635 0
111 N -439.789996366 0
111 P -394.018888423 0
111 Q -426.713487774 0
111 R -423.287686612 0
111 S -437.282143445 0
111 T -437.967773956 0
111 V -440.581464758 1
111 W -396.89722663 0
111 Y -397.017397553 0
112 A -434.237818403 0
112 C -434.203601219 0
112 D -424.208315817 0
112 E -421.171093876 0
112 F -416.586374792 0
112 G -430.760870652 0
112 H -419.907530102 0
112 I -429.266881148 0
112 K -420.923936384 0
112 L -434.753775454 0
112 M -432.53057504 0
112 N -432.47213093 0
112 P -426.696356457 0
112 Q -431.647449103 0
112 R -414.29577527 0
112 S -436.547170067 0
112 T -439.950796985 1
112 V -435.275749935 0
112 W -410.447744345 0
112 Y -412.12682435 0
113 A -437.408577163 0
113 C -435.797056133 0
113 D -433.19070922 0
113 E -435.154330787 0
113 F -439.935909973 1
113 G -423.873404039 0
113 H -430.758073109 0
113 I -421.235791927 0
113 K -423.402750784 0
113 L -435.653469793 0
113 M -431.320311116 0
113 N -435.679449146 0
113 P -411.524851975 0
113 Q -435.991720815 0
113 R -425.70376269 0
113 S -436.830938836 0
113 T -438.596126206 0
113 V -435.020603332 0
113 W -432.868039249 0
113 Y -439.211296832 0
114 A -433.857621251 0
114 C -433.056872617 0
114 D -432.666483229 0
114 E -435.322847034 0
114 F -433.825068754 0
114 G -431.818147117 0
114 H -434.572673955 0
114 I -434.965763394 0
114 K -435.1683766 0
114 L -434.506000643 0
114 M -434.073423274 0
114 N -433.112802687 0
114 P -439.938658566 1
114 Q -432.937253415 0
114 R -435.674528079 0
114 S -433.732835128 0
114 T -434.008635497 0
114 V -434.525463208 0
114 W -433.535938203 0
114 Y -425.653541337 0
115 A -433.132018317 0
115 C -429.751250903 0
115 D -437.706197268 0
115 E -435.395431427 0
115 F -427.465397531 0
115 G -440.556267961 1
115 H -437.110737089 0
115 I -421.84599818 0
115 K -435.061387139 0
115 L -435.371198757 0
115 M -432.902697134 0
115 N -438.668835435 0
115 P -387.902919053 0
115 Q -434.490948141 0
115 R -424.268217882 0
115 S -434.749140892 0
115 T -433.94751011 0
115 V -421.608592972 0
115 W -432.233030245 0
115 Y -428.061419257 0
116 A -440.232383744 0
116 C -437.576189416 0
116 D -437.274626093 0
116 E -428.485443972 0
116 F -442.467073365 0
116 G -436.523210384 0
116 H -441.339265335 0
116 I -426.914274619 0
116 K -436.089757291 0
116 L -440.557499067 0
116 M -439.211458036 0
116 N -439.704245854 0
116 P -361.355633378 0
116 Q -437.173085297 0
116 R -439.900602084 1
116 S -430.384178613 0
116 T -430.022383677 0
116 V -435.57927436 0
116 W -432.395162172 0
116 Y -439.216999976 0
117 A -430.359836639 0
117 C -427.716546722 0
117 D -437.677394042 0
117 E -436.969045568 0
117 F -440.37128381 0
117 G -435.086440814 0
117 H -440.561786589 1
117 I -431.530921792 0
117 K -435.101695619 0
117 L -430.389860421 0
117 M -434.527006948 0
117 N -437.623854059 0
117 P -416.957450795 0
117 Q -436.618175985 0
117 R -434.914094656 0
117 S -438.697673862 0
117 T -425.929349058 0
117 V -434.673892413 0
117 W -441.560843148 0
117 Y -439.367838153 0
118 A -439.934209695 0
118 C -437.297651304 0
118 D -440.610417477 0
118 E -441.009532915 0
118 F -439.535036713 0
118 G -438.011156729 0
118 H -440.159753665 0
118 I -439.388544778 0
118 K -432.694054953 0
118 L -441.216862745 0
118 M -439.612001389 0
118 N -440.567132883 0
118 P -418.690978308 0
118 Q -438.822631371 0
118 R -440.558274032 1
118 S -439.312746305 0
118 T -438.77764147 0
118 V -439.160161416 0
118 W -439.64972708 0
118 Y -439.435172443 0
119 A -430.874596622 0
119 C -425.312627698 0
119 D -433.30421639 0
119 E -440.56201608 1
119 F -440.448991936 0
119 G -429.269909864 0
119 H -442.10964835 0
119 I -432.826705935 0
119 K -441.202228411 0
119 L -435.781895192 0
119 M -434.554121995 0
119 N -433.483428814 0
119 P -403.125983133 0
119 Q -440.332848155 0
119 R -434.434180558 0
119 S -431.769187964 0
119 T -434.362207703 0
119 V -432.500968121 0
119 W -439.442514818 0
119 Y -442.508992741 0
120 A -435.473404492 0
120 C -434.819799425 0
120 D -430.728325742 0
120 E -433.250563703 0
120 F -392.877234215 0
120 G -429.969804609 0
120 H -426.729907727 0
120 I -432.413999888 0
120 K -427.372557948 0
120 L -437.157669716 0
120 M -440.586281042 1
120 N -434.741769961 0
120 P -356.543480541 0
120 Q -432.927261314 0
120 R -427.250069545 0
120 S -432.228831139 0
120 T -432.571810626 0
120 V -433.082333182 0
120 W -385.669026297 0
120 Y -391.206272082 0
121 A -440.147102107 0
121 C -437.993309866 0
121 D -430.950843757 0
121 E -437.685333829 0
121 F -441.582031675 0
121 G -431.029304332 0
121 H -440.774442682 0
121 I -434.468215569 0
121 K -439.66942469 0
121 L -431.594093111 0
121 M -440.51737508 1
121 N -432.581237629 0
121 P -395.875061249 0
121 Q -439.361664402 0
121 R -440.490695669 0
121 S -439.985606713 0
121 T -438.436190112 0
121 V -438.008423316 0
121 W -440.938291765 0
121 Y -441.368394759 0
122 A -424.000182616 0
122 C -404.09499644 0
122 D -390.925360592 0
122 E -387.950200235 0
122 F -401.003305228 0
122 G -440.565242995 1
122 H -400.178810082 0
122 I -387.569679615 0
122 K -393.796475204 0
122 L -408.593395886 0
122 M -407.549028592 0
122 N -399.898522973 0
122 P -363.24053748 0
122 Q -402.936411867 0
122 R -396.569616736 0
122 S -403.202424193 0
122 T -380.107527208 0
122 V -387.87544283 0
122 W -390.045492437 0
122 Y -399.166550066 0
123 A -439.064618215 0
123 C -437.346124727 0
123 D -439.242316667 0
123 E -440.825185601 0
123 F -441.505217102 0
123 G -437.570118186 0
123 H -439.874259373 0
123 I -439.884994098 0
123 K -440.561198921 1
123 L -442.677115836 0
123 M -440.503550055 0
123 N -439.830200272 0
123 P -422.170332324 0
123 Q -439.543927033 0
123 R -441.523898841 0
123 S -439.2103316 0
123 T -439.095045637 0
123 V -439.488588299 0
123 W -440.776292974 0
123 Y -441.475993485 0
124 A -431.611458964 0
124 C -431.973449755 0
124 D -430.293833043 0
124 E -436.104511072 0
124 F -434.160692395 0
124 G -426.303323695 0
124 H -433.206764936 0
124 I -434.205367331 0
124 K -429.154088649 0
124 L -440.575448607 1
124 M -437.609394896 0
124 N -432.440235623 0
124 P -390.286252999 0
124 Q -435.273513529 0
124 R -425.701346007 0
124 S -431.556592915 0
124 T -433.783225266 0
124 V -438.250673064 0
124 W -431.246212605 0
124 Y -433.32432068 0
125 A -437.952306983 0
125 C -436.349331894 0
125 D -437.347036225 0
125 E -441.231583489 0
125 F -436.658881843 0
125 G -433.897841548 0
125 H -439.281850999 0
125 I -439.863778284 0
125 K -437.880833829 0
125 L -439.836473278 0
125 M -438.36988966 0
125 N -436.708329234 0
125 P -393.303309622 0
125 Q -438.102695689 0
125 R -437.639053276 0
125 S -436.942406639 0
125 T -438.533657015 0
125 V -440.562488825 1
125 W -436.558485711 0
125 Y -434.827199191 0
126 A -430.815556874 0
126 C -429.949702958 0
126 D -430.362873277 0
126 E -430.891945459 0
126 F -434.657274514 0
126 G -427.308251663 0
126 H -432.789947371 0
126 I -438.362414646 0
126 K -433.674168873 0
126 L -440.582535994 1
126 M -434.993193854 0
126 N -431.075103096 0
126 P -428.971066856 0
126 Q -432.954007723 0
126 R -433.718242211 0
126 S -431.396741808 0
126 T -433.37471851 0
126 V -436.554665338 0
126 W -429.372524883 0
126 Y -433.94832183 0
127 A -438.789897067 0
127 C -437.351063781 0
127 D -437.152380647 0
127 E -439.630140642 0
127 F -436.688976417 0
127 G -438.585345699 0
127 H -438.064630118 0
127 I -436.941000017 0
127 K -439.758982938 0
127 L -439.334941674 0
127 M -440.219263805 0
127 N -437.697159763 0
127 P -408.532086576 0
127 Q -438.867795849 0
127 R -440.571721398 1
127 S -438.306773301 0
127 T -437.785124711 0
127 V -438.664683383 0
127 W -436.598111249 0
127 Y -436.71760053 0
