1 A -435.373122029 0
1 C -433.961962718 0
1 D -436.852981005 0
1 E -436.841796604 0
1 F -435.841449158 0
1 G -435.762664175 0
1 H -436.612735084 0
1 I -435.370031216 0
1 K -436.795670201 0
1 L -437.077891051 0
1 M -435.552784073 0
1 N -435.474420063 0
1 P -439.823340108 1
1 Q -435.520619938 0
1 R -436.053750065 0
1 S -436.50212719 0
1 T -435.302818224 0
1 V -434.594591728 0
1 W -437.822700004 0
1 Y -436.1237141 0
2 A -439.848953555 1
2 C -439.848953555 1
2 D -439.848953555 1
2 E -439.848953555 1
2 F -439.848953555 1
2 G -439.848953555 1
2 H -439.848953555 1
2 I -439.831884235 1
2 K -439.831884235 1
2 L -439.848953555 1
2 M -439.848953555 1
2 N -439.848953555 1
2 P -439.848953555 1
2 Q -439.848953555 1
2 R -439.848953555 1
2 S -439.848953555 1
2 T -439.848953555 1
2 V -439.848953555 1
2 W -439.831884235 1
2 Y -439.848953555 1
3 A -438.916696165 0
3 C -437.393672003 0
3 D -434.461545201 0
3 E -437.920220046 0
3 F -437.094773845 0
3 G -435.937009697 0
3 H -436.770307396 0
3 I -432.683617151 0
3 K -437.931645364 0
3 L -438.127005838 0
3 M -437.885507195 0
3 N -436.778187275 0
3 P -361.688486496 0
3 Q -438.164244471 0
3 R -439.85433354 1
3 S -438.260211909 0
3 T -437.612048144 0
3 V -437.178810129 0
3 W -437.204315635 0
3 Y -436.623950982 0
4 A -436.209448572 0
4 C -435.727066501 0
4 D -433.801842652 0
4 E -435.865470601 0
4 F -438.378317423 0
4 G -431.86490619 0
4 H -437.72508198 0
4 I -439.994965524 0
4 K -435.579409866 0
4 L -439.081825714 0
4 M -436.730963737 0
4 N -435.00422151 0
4 P -391.187135949 0
4 Q -435.717026412 0
4 R -435.656633784 0
4 S -435.576152265 0
4 T -438.125076525 0
4 V -439.851948372 1
4 W -435.321675956 0
4 Y -436.622399759 0
5 A -434.99183575 0
5 C -434.886186687 0
5 D -435.213438745 0
5 E -437.559671142 0
5 F -438.397009723 0
5 G -432.218260851 0
5 H -436.983989061 0
5 I -440.12518111 0
5 K -437.959220736 0
5 L -439.844968 1
5 M -436.883821316 0
5 N -436.108302793 0
5 P -431.198474351 0
5 Q -436.038939833 0
5 R -438.447367128 0
5 S -435.569545916 0
5 T -437.54677438 0
5 V -439.696468238 0
5 W -439.090632805 0
5 Y -438.468446509 0
6 A -431.85251219 0
6 C -432.139207435 0
6 D -429.312665142 0
6 E -431.558334158 0
6 F -421.716963237 0
6 G -427.981430679 0
6 H -431.310298051 0
6 I -439.859536906 1
6 K -429.134444998 0
6 L -438.663670561 0
6 M -437.728777736 0
6 N -431.942181616 0
6 P -393.418046665 0
6 Q -432.874034924 0
6 R -429.268052445 0
6 S -431.649112567 0
6 T -434.862194708 0
6 V -437.72163248 0
6 W -418.298971711 0
6 Y -420.018991767 0
7 A -434.407385019 0
7 C -434.570651204 0
7 D -432.51214181 0
7 E -435.699084719 0
7 F -439.295261726 0
7 G -431.311479737 0
7 H -438.89328572 0
7 I -439.720017149 0
7 K -437.578109093 0
7 L -439.846815516 1
7 M -436.581578679 0
7 N -437.312823798 0
7 P -413.948070078 0
7 Q -434.959118608 0
7 R -439.195751236 0
7 S -434.636155743 0
7 T -436.11383259 0
7 V -439.275553457 0
7 W -434.3354095 0
7 Y -438.414068561 0
8 A -436.004396796 0
8 C -435.549154043 0
8 D -432.589946624 0
8 E -428.536883254 0
8 F -418.96096258 0
8 G -428.955807964 0
8 H -432.037048411 0
8 I -438.78644722 0
8 K -423.688412116 0
8 L -430.795731939 0
8 M -433.421252207 0
8 N -432.935516776 0
8 P -391.331290064 0
8 Q -432.451094646 0
8 R -419.629867767 0
8 S -435.66075337 0
8 T -436.70138758 0
8 V -439.828922675 1
8 W -419.374928121 0
8 Y -428.336821171 0
9 A -432.121009927 0
9 C -432.169066838 0
9 D -439.835742729 1
9 E -434.751261867 0
9 F -434.106445969 0
9 G -435.335672033 0
9 H -433.321836227 0
9 I -433.627043035 0
9 K -434.104913803 0
9 L -434.374870982 0
9 M -433.958117534 0
9 N -438.856689485 0
9 P -413.764325863 0
9 Q -432.288018085 0
9 R -432.31447175 0
9 S -436.919132449 0
9 T -437.290445714 0
9 V -433.557805064 0
9 W -431.854723818 0
9 Y -434.010462407 0
10 A -431.770665343 0
10 C -430.094731763 0
10 D -439.832889797 1
10 E -435.333003989 0
10 F -432.071486348 0
10 G -429.216964526 0
10 H -435.449492353 0
10 I -430.338989451 0
10 K -430.845421334 0
10 L -429.573019288 0
10 M -430.710862501 0
10 N -431.935400923 0
10 P -425.254928009 0
10 Q -433.339514518 0
10 R -429.822756017 0
10 S -432.272213484 0
10 T -431.329545773 0
10 V -430.378653698 0
10 W -432.914449924 0
10 Y -432.182928594 0
11 A -437.910297155 0
11 C -436.163374048 0
11 D -439.412071133 0
11 E -438.666674163 0
11 F -439.007159297 0
11 G -437.555059237 0
11 H -440.494833231 0
11 I -437.263238213 0
11 K -439.307224651 0
11 L -439.830603639 1
11 M -438.122305637 0
11 N -440.150115703 0
11 P -411.059184985 0
11 Q -437.987917307 0
11 R -439.402764153 0
11 S -438.463281482 0
11 T -438.093239508 0
11 V -437.275816089 0
11 W -438.088820894 0
11 Y -438.800578937 0
12 A -438.60474413 0
12 C -437.210327087 0
12 D -438.798421153 0
12 E -439.03258776 0
12 F -436.001320862 0
12 G -437.984839658 0
12 H -438.419148527 0
12 I -423.811939493 0
12 K -439.064991963 0
12 L -438.826107304 0
12 M -438.129273553 0
12 N -440.782762034 0
12 P -387.044714009 0
12 Q -439.870992876 0
12 R -439.788351111 1
12 S -437.106789931 0
12 T -432.135249085 0
12 V -424.986349845 0
12 W -438.847048203 0
12 Y -435.558715451 0
13 A -435.682025113 0
13 C -435.616982879 0
13 D -432.656219767 0
13 E -435.815738699 0
13 F -436.245990324 0
13 G -433.028136111 0
13 H -436.564869136 0
13 I -436.073159864 0
13 K -437.038091375 0
13 L -438.325269619 0
13 M -436.082663174 0
13 N -436.435181107 0
13 P -410.835001706 0
13 Q -436.812309813 0
13 R -439.828735735 1
13 S -435.220673071 0
13 T -435.061541616 0
13 V -435.70546142 0
13 W -436.598230311 0
13 Y -436.157660023 0
14 A -430.623600823 0
14 C -430.263248804 0
14 D -429.566512433 0
14 E -427.212735285 0
14 F -439.847004119 1
14 G -427.5341632 0
14 H -426.381243033 0
14 I -430.178963276 0
14 K -427.553829053 0
14 L -432.463262041 0
14 M -433.958372662 0
14 N -431.304947143 0
14 P -427.221448464 0
14 Q -429.310561741 0
14 R -430.69497251 0
14 S -429.155447731 0
14 T -431.01424162 0
14 V -429.047828625 0
14 W -435.833777036 0
14 Y -439.268247153 0
15 A -434.705142002 0
15 C -434.287540502 0
15 D -439.848733518 1
15 E -434.51017391 0
15 F -434.843914079 0
15 G -434.320466055 0
15 H -435.013297151 0
15 I -435.597811454 0
15 K -436.389687034 0
15 L -435.231773919 0
15 M -436.216596595 0
15 N -439.483714261 0
15 P -408.258409175 0
15 Q -435.174463549 0
15 R -434.532066275 0
15 S -436.221097282 0
15 T -436.929418419 0
15 V -435.235453314 0
15 W -434.897294253 0
15 Y -430.821920754 0
16 A -437.982457109 0
16 C -436.972919015 0
16 D -437.469765416 0
16 E -436.623750364 0
16 F -436.1321898 0
16 G -435.220010762 0
16 H -437.81064024 0
16 I -439.689529794 0
16 K -439.413610172 0
16 L -441.625037488 0
16 M -439.37805904 0
16 N -437.370119536 0
16 P -392.757652018 0
16 Q -435.666158824 0
16 R -439.733752142 0
16 S -439.845602982 1
16 T -442.273782953 0
16 V -438.619335612 0
16 W -436.948016381 0
16 Y -437.635771926 0
17 A -434.428820984 0
17 C -432.977228623 0
17 D -437.858950252 0
17 E -436.183436625 0
17 F -435.978001263 0
17 G -434.182958597 0
17 H -439.838771482 1
17 I -436.162356573 0
17 K -436.414268925 0
17 L -436.452147852 0
17 M -434.813329548 0
17 N -437.233649401 0
17 P -424.648569593 0
17 Q -435.172416 0
17 R -436.657990361 0
17 S -436.905234129 0
17 T -437.471662857 0
17 V -436.221358099 0
17 W -436.284199933 0
17 Y -435.865611792 0
18 A -434.957472184 0
18 C -435.301178001 0
18 D -432.161107946 0
18 E -437.015554282 0
18 F -437.552423233 0
18 G -432.072155529 0
18 H -435.771634619 0
18 I -437.140679401 0
18 K -436.156684437 0
18 L -439.832142466 1
18 M -437.157338595 0
18 N -435.339803703 0
18 P -394.416336726 0
18 Q -435.487983718 0
18 R -437.007233523 0
18 S -436.177354779 0
18 T -434.637170775 0
18 V -436.214613363 0
18 W -434.709191017 0
18 Y -435.090152015 0
19 A -429.064304966 0
19 C -429.796562794 0
19 D -429.329193823 0
19 E -433.231315615 0
19 F -429.580847601 0
19 G -424.061652782 0
19 H -433.827793565 0
19 I -439.857025135 1
19 K -425.631976373 0
19 L -436.208630039 0
19 M -435.688171647 0
19 N -429.940890629 0
19 P -384.807764171 0
19 Q -433.899945965 0
19 R -426.940191787 0
19 S -429.522802048 0
19 T -433.07242181 0
19 V -436.272328872 0
19 W -429.124919266 0
19 Y -430.694255709 0
20 A -434.229407235 0
20 C -434.750940642 0
20 D -434.35505171 0
20 E -436.877135299 0
20 F -435.069501886 0
20 G -430.929979119 0
20 H -436.249727988 0
20 I -440.963481125 0
20 K -437.523628791 0
20 L -439.838137328 1
20 M -434.817850879 0
20 N -435.982879453 0
20 P -425.788268847 0
20 Q -435.640611777 0
20 R -437.310832237 0
20 S -435.003185844 0
20 T -436.693583679 0
20 V -439.225745537 0
20 W -437.57907635 0
20 Y -434.622130057 0
21 A -428.753783917 0
21 C -432.110092227 0
21 D -428.104544945 0
21 E -430.611055003 0
21 F -425.630279713 0
21 G -421.887975082 0
21 H -428.138522259 0
21 I -436.771599379 0
21 K -421.961400066 0
21 L -436.289216902 0
21 M -432.596792107 0
21 N -430.860074403 0
21 P -393.970327436 0
21 Q -429.107650393 0
21 R -423.106752418 0
21 S -428.28270454 0
21 T -433.700017235 0
21 V -439.846678063 1
21 W -421.734501472 0
21 Y -424.468051679 0
22 A -431.974456257 0
22 C -430.772795209 0
22 D -439.843458897 1
22 E -435.461353077 0
22 F -430.690173111 0
22 G -429.440753583 0
22 H -433.062298343 0
22 I -433.502555601 0
22 K -431.515547416 0
22 L -433.629565819 0
22 M -433.003384765 0
22 N -434.37918714 0
22 P -431.94731271 0
22 Q -432.997892685 0
22 R -431.136281916 0
22 S -431.789278129 0
22 T -431.835224681 0
22 V -432.891837332 0
22 W -431.963453307 0
22 Y -430.970378446 0
23 A -435.341983895 0
23 C -433.723047255 0
23 D -432.982184357 0
23 E -434.761406866 0
23 F -434.595781904 0
23 G -433.745821307 0
23 H -435.521544665 0
23 I -435.287083949 0
23 K -439.833449219 1
23 L -436.00341188 0
23 M -436.535233442 0
23 N -433.583547496 0
23 P -392.087505298 0
23 Q -435.183369435 0
23 R -437.55284095 0
23 S -435.247421749 0
23 T -433.188247798 0
23 V -434.052956885 0
23 W -435.923422642 0
23 Y -434.192014129 0
24 A -435.065505527 0
24 C -433.8779194 0
24 D -434.816400827 0
24 E -434.95996919 0
24 F -433.269288996 0
24 G -434.368069132 0
24 H -436.095407963 0
24 I -433.970017089 0
24 K -436.326381423 0
24 L -435.328040528 0
24 M -434.772344162 0
24 N -436.255616921 0
24 P -416.996404952 0
24 Q -435.069454909 0
24 R -439.836148607 1
24 S -436.772863978 0
24 T -434.412154794 0
24 V -433.606026074 0
24 W -435.332431212 0
24 Y -432.78629954 0
25 A -439.838503692 1
25 C -439.838503692 1
25 D -439.84157299 1
25 E -439.84157299 1
25 F -439.838503692 1
25 G -439.838503692 1
25 H -439.838503692 1
25 I -439.84157299 1
25 K -439.838503692 1
25 L -439.838503692 1
25 M -439.838503692 1
25 N -439.84157299 1
25 P -439.838503692 1
25 Q -439.838503692 1
25 R -439.838503692 1
25 S -439.838503692 1
25 T -439.838503692 1
25 V -439.84157299 1
25 W -439.84157299 1
25 Y -439.838503692 1
26 A -439.459316644 1
26 C -437.137773337 0
26 D -441.569624781 0
26 E -441.737331119 0
26 F -439.091984409 0
26 G -438.633276161 0
26 H -440.284221731 0
26 I -439.712021522 0
26 K -441.230019807 0
26 L -441.088987976 0
26 M -440.102455287 0
26 N -440.024250093 0
26 P -437.339688016 0
26 Q -440.073902648 0
26 R -440.719740345 0
26 S -441.176739106 0
26 T -440.597852863 0
26 V -439.667844436 0
26 W -439.592381598 0
26 Y -439.111562161 0
27 A -440.210821629 0
27 C -438.424803435 0
27 D -437.234619099 0
27 E -439.776958252 0
27 F -440.860756836 0
27 G -436.553442441 0
27 H -440.670638929 0
27 I -437.734120216 0
27 K -439.889414169 0
27 L -440.094814089 0
27 M -439.766462647 0
27 N -439.241544249 0
27 P -409.779823268 0
27 Q -438.846837012 0
27 R -440.084203619 0
27 S -439.89310245 0
27 T -439.840339906 1
27 V -440.246919511 0
27 W -440.88681461 0
27 Y -440.972787928 0
28 A -428.326588251 0
28 C -428.22415615 0
28 D -428.09569651 0
28 E -429.195436778 0
28 F -439.846679157 1
28 G -422.961398511 0
28 H -434.702918087 0
28 I -433.13818861 0
28 K -425.233578012 0
28 L -432.293400077 0
28 M -433.015734601 0
28 N -429.079876564 0
28 P -388.931726918 0
28 Q -425.523978258 0
28 R -425.677085228 0
28 S -428.084583806 0
28 T -429.980416238 0
28 V -433.570918398 0
28 W -432.796800141 0
28 Y -438.028467949 0
29 A -433.935258996 0
29 C -434.321557507 0
29 D -431.824168217 0
29 E -437.091066361 0
29 F -433.791101161 0
29 G -429.85259065 0
29 H -433.272676767 0
29 I -436.683204177 0
29 K -435.045072778 0
29 L -439.835144747 1
29 M -437.151825367 0
29 N -433.648687388 0
29 P -398.895952652 0
29 Q -435.223300161 0
29 R -435.561974148 0
29 S -433.800251548 0
29 T -435.69861084 0
29 V -437.314732644 0
29 W -429.649117102 0
29 Y -429.657369419 0
30 A -431.768060011 0
30 C -433.040132778 0
30 D -431.063747451 0
30 E -428.473700693 0
30 F -432.539786012 0
30 G -424.559059854 0
30 H -433.536956028 0
30 I -437.325900174 0
30 K -410.455056956 0
30 L -435.872473775 0
30 M -431.643382519 0
30 N -433.42012938 0
30 P -404.441880033 0
30 Q -428.622131253 0
30 R -423.188719086 0
30 S -431.519499509 0
30 T -434.73622244 0
30 V -439.839273678 1
30 W -417.361959067 0
30 Y -429.047405328 0
31 A -433.584723818 0
31 C -433.521249826 0
31 D -431.208676662 0
31 E -431.797671675 0
31 F -434.942085372 0
31 G -427.315037455 0
31 H -434.983031565 0
31 I -439.839128446 1
31 K -431.887008023 0
31 L -435.816973254 0
31 M -436.301678179 0
31 N -435.290192964 0
31 P -401.367573384 0
31 Q -434.810320517 0
31 R -437.366610919 0
31 S -432.938455972 0
31 T -434.687872841 0
31 V -438.644820246 0
31 W -435.3745159 0
31 Y -434.809742165 0
32 A -430.403126481 0
32 C -430.681776966 0
32 D -426.940978285 0
32 E -427.224133801 0
32 F -433.907965888 0
32 G -425.18280353 0
32 H -433.631966418 0
32 I -435.664896395 0
32 K -425.420207225 0
32 L -439.855505507 1
32 M -435.207606153 0
32 N -431.06786915 0
32 P -401.343535464 0
32 Q -432.176791553 0
32 R -421.047621546 0
32 S -430.834184131 0
32 T -432.52975732 0
32 V -434.669112446 0
32 W -416.766301908 0
32 Y -431.139487818 0
33 A -435.569813585 0
33 C -435.710714267 0
33 D -429.705162432 0
33 E -436.729198629 0
33 F -435.614462474 0
33 G -433.979613801 0
33 H -435.319622228 0
33 I -437.864588264 0
33 K -438.443247906 0
33 L -439.829728967 1
33 M -438.016450796 0
33 N -435.202138945 0
33 P -400.866516427 0
33 Q -438.934151002 0
33 R -438.470145203 0
33 S -434.726048931 0
33 T -436.959223246 0
33 V -437.682884265 0
33 W -433.995455376 0
33 Y -434.744001802 0
34 A -434.520209188 0
34 C -434.753677249 0
34 D -436.336264767 0
34 E -426.738038184 0
34 F -436.682283288 0
34 G -426.52862362 0
34 H -439.847795286 1
34 I -439.466189265 0
34 K -427.013409667 0
34 L -429.797213877 0
34 M -434.814045295 0
34 N -439.857229546 0
34 P -386.531265141 0
34 Q -432.498372088 0
34 R -435.170432519 0
34 S -434.962893686 0
34 T -433.687084682 0
34 V -439.261795829 0
34 W -419.42298892 0
34 Y -436.954910532 0
35 A -437.270559694 0
35 C -436.556631915 0
35 D -440.549075972 0
35 E -439.691258931 0
35 F -439.140566837 0
35 G -437.018693829 0
35 H -440.522296245 0
35 I -439.043375483 0
35 K -439.52251223 0
35 L -439.577734493 0
35 M -439.619884593 0
35 N -439.85957201 0
35 P -440.701861779 0
35 Q -439.457271099 0
35 R -439.129657682 0
35 S -439.106279515 0
35 T -439.822626638 1
35 V -438.365305443 0
35 W -439.706764154 0
35 Y -438.896650436 0
36 A -425.988108794 0
36 C -415.985278733 0
36 D -414.033445402 0
36 E -407.754291788 0
36 F -408.705195615 0
36 G -439.828824552 1
36 H -407.464769094 0
36 I -398.156564544 0
36 K -396.639765928 0
36 L -413.27910166 0
36 M -406.630207514 0
36 N -409.227091313 0
36 P -396.773889891 0
36 Q -406.544825824 0
36 R -410.180720955 0
36 S -424.577389474 0
36 T -414.938851657 0
36 V -409.168987246 0
36 W -390.21032684 0
36 Y -404.773276771 0
37 A -437.141971715 0
37 C -436.798445871 0
37 D -438.850559467 0
37 E -439.608118524 0
37 F -439.439095396 0
37 G -437.202568579 0
37 H -439.817631666 1
37 I -438.698428173 0
37 K -440.002372489 0
37 L -439.892770028 0
37 M -437.777059091 0
37 N -439.10738717 0
37 P -425.652628711 0
37 Q -438.646578864 0
37 R -439.514633721 0
37 S -438.856180377 0
37 T -439.687125585 0
37 V -438.899030779 0
37 W -439.202115587 0
37 Y -439.191328027 0
38 A -436.063570628 0
38 C -433.772132259 0
38 D -434.821843669 0
38 E -435.915833737 0
38 F -435.886717569 0
38 G -434.709429892 0
38 H -435.477529439 0
38 I -434.304521325 0
38 K -437.342187141 0
38 L -439.831395249 1
38 M -435.822170737 0
38 N -436.108928545 0
38 P -414.559745377 0
38 Q -435.631552813 0
38 R -436.544081174 0
38 S -435.095095069 0
38 T -434.270688193 0
38 V -434.153575412 0
38 W -434.801278499 0
38 Y -434.480862827 0
39 A -435.557900901 0
39 C -433.693167222 0
39 D -438.543890327 0
39 E -436.647960743 0
39 F -433.414497302 0
39 G -435.042558001 0
39 H -435.512819478 0
39 I -434.181077903 0
39 K -435.853243109 0
39 L -436.341567394 0
39 M -435.084819271 0
39 N -435.147755671 0
39 P -439.83489336 1
39 Q -434.230703209 0
39 R -435.382847697 0
39 S -437.139566416 0
39 T -435.892894657 0
39 V -434.456744252 0
39 W -433.676958536 0
39 Y -433.363468126 0
40 A -439.060412602 0
40 C -436.36976741 0
40 D -439.287945868 0
40 E -440.154686502 0
40 F -435.547562977 0
40 G -436.046804353 0
40 H -439.829233509 1
40 I -440.690969661 0
40 K -440.165843796 0
40 L -440.259510622 0
40 M -440.012479571 0
40 N -437.515076698 0
40 P -438.970796015 0
40 Q -437.769135054 0
40 R -441.608855201 0
40 S -438.994938566 0
40 T -440.497023428 0
40 V -440.278450233 0
40 W -435.037123869 0
40 Y -438.275767878 0
41 A -438.862369982 0
41 C -436.573822329 0
41 D -438.809673856 0
41 E -439.560212649 0
41 F -439.754400385 0
41 G -436.889994671 0
41 H -441.186220119 0
41 I -435.994923673 0
41 K -439.403607086 0
41 L -434.857766784 0
41 M -438.619796261 0
41 N -439.185624339 0
41 P -422.131192741 0
41 Q -439.231325282 0
41 R -438.709213173 0
41 S -439.835634169 1
41 T -434.559796332 0
41 V -436.233868637 0
41 W -440.709860557 0
41 Y -439.617757625 0
42 A -436.674164411 0
42 C -434.954814772 0
42 D -436.748064579 0
42 E -438.447438647 0
42 F -435.726172828 0
42 G -433.749927528 0
42 H -436.731348002 0
42 I -439.833775981 1
42 K -438.536842909 0
42 L -438.659777338 0
42 M -437.329905623 0
42 N -436.199393711 0
42 P -392.164632551 0
42 Q -437.358160408 0
42 R -438.265223067 0
42 S -436.326611168 0
42 T -438.154285237 0
42 V -439.986097255 0
42 W -435.196972774 0
42 Y -435.883597441 0
43 A -438.538011647 0
43 C -435.071074686 0
43 D -436.599407533 0
43 E -434.832168569 0
43 F -431.640646019 0
43 G -434.142782052 0
43 H -436.317564471 0
43 I -431.216345884 0
43 K -431.377583395 0
43 L -428.299057831 0
43 M -436.900147142 0
43 N -439.36774972 1
43 P -361.835686027 0
43 Q -435.585082021 0
43 R -436.699089929 0
43 S -435.982850317 0
43 T -434.331812812 0
43 V -431.167417496 0
43 W -423.47876701 0
43 Y -431.37450973 0
44 A -434.744208196 0
44 C -418.64062095 0
44 D -417.18547209 0
44 E -417.005474016 0
44 F -382.450147711 0
44 G -439.862415513 1
44 H -394.509729084 0
44 I -393.855240456 0
44 K -405.254210103 0
44 L -404.888543196 0
44 M -408.145390011 0
44 N -415.394927828 0
44 P -420.562909223 0
44 Q -418.628812118 0
44 R -402.158931752 0
44 S -426.552443023 0
44 T -415.492029797 0
44 V -409.350453143 0
44 W -376.386489534 0
44 Y -373.801082684 0
45 A -439.846621908 1
45 C -437.336782317 0
45 D -428.586559037 0
45 E -434.281983399 0
45 F -437.948383787 0
45 G -438.054830848 0
45 H -438.14234485 0
45 I -425.534210046 0
45 K -429.977414819 0
45 L -435.561170505 0
45 M -438.305306303 0
45 N -433.728250746 0
45 P -396.393838667 0
45 Q -436.270550163 0
45 R -431.009410778 0
45 S -438.38169132 0
45 T -436.764106057 0
45 V -432.74805976 0
45 W -425.252849576 0
45 Y -435.922563566 0
46 A -433.632785548 0
46 C -433.674932574 0
46 D -434.939059529 0
46 E -431.904429853 0
46 F -416.417181784 0
46 G -430.674933404 0
46 H -424.407329948 0
46 I -427.527131248 0
46 K -422.038778084 0
46 L -434.973463901 0
46 M -430.97560827 0
46 N -439.874265713 1
46 P -417.407143869 0
46 Q -433.395161347 0
46 R -425.988970111 0
46 S -434.951264703 0
46 T -433.647343586 0
46 V -433.509368364 0
46 W -405.221454123 0
46 Y -413.477686804 0
47 A -427.361806278 0
47 C -427.391286535 0
47 D -429.389329746 0
47 E -427.998245266 0
47 F -434.698032468 0
47 G -418.505559084 0
47 H -432.763158687 0
47 I -431.071882843 0
47 K -423.244869559 0
47 L -429.629516698 0
47 M -428.253695333 0
47 N -426.077190392 0
47 P -393.602793226 0
47 Q -427.865363617 0
47 R -431.211872916 0
47 S -423.468304943 0
47 T -429.19519927 0
47 V -432.748107773 0
47 W -436.783556203 1
47 Y -436.542450351 0
48 A -425.518783611 0
48 C -430.322028559 0
48 D -425.049288172 0
48 E -419.065051244 0
48 F -416.077111163 0
48 G -421.747067994 0
48 H -422.270343424 0
48 I -433.344898434 0
48 K -417.202773795 0
48 L -426.95965954 0
48 M -428.387913946 0
48 N -425.994493188 0
48 P -368.976298242 0
48 Q -425.388733176 0
48 R -422.482175177 0
48 S -424.843091883 0
48 T -428.871123935 0
48 V -434.378433544 1
48 W -402.56900235 0
48 Y -414.741120181 0
49 A -422.038009501 0
49 C -424.250672766 0
49 D -420.455386741 0
49 E -427.166075477 0
49 F -430.003295625 0
49 G -417.375682987 0
49 H -423.46096591 0
49 I -424.01984709 0
49 K -416.75254116 0
49 L -437.689606964 1
49 M -433.639581089 0
49 N -424.14327145 0
49 P -386.68369084 0
49 Q -425.767231419 0
49 R -417.405789193 0
49 S -421.69119101 0
49 T -420.966789831 0
49 V -426.684002998 0
49 W -413.313234757 0
49 Y -423.82911352 0
50 A -437.339628685 0
50 C -436.32017271 0
50 D -430.418948769 0
50 E -416.746142007 0
50 F -398.366348511 0
50 G -434.983671596 0
50 H -407.797844087 0
50 I -413.777177239 0
50 K -396.858652211 0
50 L -422.767277933 0
50 M -417.833211748 0
50 N -429.718194735 0
50 P -396.660420608 0
50 Q -422.421467942 0
50 R -396.5496349 0
50 S -435.178257283 0
50 T -436.773380799 1
50 V -431.371889967 0
50 W -359.452322252 0
50 Y -398.892544354 0
51 A -433.788325906 0
51 C -433.237121344 0
51 D -430.956386396 0
51 E -433.489230553 0
51 F -428.156011452 0
51 G -429.118504782 0
51 H -429.790131128 0
51 I -432.216411626 0
51 K -435.68562602 0
51 L -436.55127198 0
51 M -436.572521357 0
51 N -428.540157604 0
51 P -435.84147174 0
51 Q -435.136557754 0
51 R -439.592369605 1
51 S -437.982591397 0
51 T -437.135050209 0
51 V -424.224029618 0
51 W -436.837240549 0
51 Y -428.221606908 0
52 A -439.878744544 0
52 C -435.294610324 0
52 D -437.033372325 0
52 E -439.665179349 0
52 F -437.286265739 0
52 G -434.083198053 0
52 H -438.201384296 0
52 I -434.785370651 0
52 K -437.383309542 0
52 L -439.744231817 1
52 M -435.95148904 0
52 N -437.115712935 0
52 P -385.974784642 0
52 Q -435.297493016 0
52 R -436.182618589 0
52 S -437.764345196 0
52 T -437.057384785 0
52 V -438.239182168 0
52 W -436.058104976 0
52 Y -434.815847308 0
53 A -434.563135411 0
53 C -430.220420334 0
53 D -428.509689713 0
53 E -430.417619786 1
53 F -427.162016169 0
53 G -432.75121535 0
53 H -431.434728304 0
53 I -427.818733142 0
53 K -428.255615674 0
53 L -434.726528324 0
53 M -433.044238722 0
53 N -426.923805457 0
53 P -426.182760287 0
53 Q -427.639484609 0
53 R -429.050574826 0
53 S -427.566681968 0
53 T -431.671401275 0
53 V -432.867163785 0
53 W -430.164170014 0
53 Y -427.40339812 0
54 A -431.018699963 0
54 C -427.727706762 0
54 D -437.057474536 0
54 E -431.435033839 0
54 F -430.997422294 0
54 G -430.917539193 0
54 H -431.513831176 0
54 I -425.909212065 0
54 K -432.649092822 0
54 L -429.215333299 0
54 M -434.124709135 0
54 N -433.800800573 0
54 P -404.518190445 0
54 Q -431.608588766 0
54 R -432.958043626 0
54 S -430.115351327 0
54 T -432.477511829 0
54 V -430.570658539 0
54 W -439.783864109 1
54 Y -434.97221298 0
55 A -434.700417091 0
55 C -434.522843425 0
55 D -433.856586292 0
55 E -433.754642807 0
55 F -436.718628692 0
55 G -433.992433997 0
55 H -432.967872739 0
55 I -432.012337525 0
55 K -433.694579592 0
55 L -433.960598772 0
55 M -436.756760861 0
55 N -430.505287968 0
55 P -380.658601351 0
55 Q -434.181401268 0
55 R -438.570752259 0
55 S -431.912102013 0
55 T -431.659569045 0
55 V -434.294740306 1
55 W -437.435821698 0
55 Y -437.940257439 0
56 A -436.817000442 0
56 C -432.112621287 0
56 D -441.330469403 0
56 E -438.6763319 0
56 F -432.394893972 0
56 G -429.417144675 0
56 H -436.801081602 1
56 I -437.702067791 0
56 K -435.422720354 0
56 L -438.279759739 0
56 M -438.054368942 0
56 N -435.431642407 0
56 P -426.177836301 0
56 Q -436.394268408 0
56 R -434.967978272 0
56 S -437.230575735 0
56 T -439.495990154 0
56 V -434.797698882 0
56 W -434.689265416 0
56 Y -435.730107499 0
57 A -431.80438483 0
57 C -429.822593017 0
57 D -430.600688754 0
57 E -436.125367279 0
57 F -430.443487926 0
57 G -429.968306669 0
57 H -432.055878565 0
57 I -433.305594474 0
57 K -433.264803017 0
57 L -439.831814585 1
57 M -436.651183574 0
57 N -434.342109108 0
57 P -414.134394982 0
57 Q -435.674903781 0
57 R -434.23026133 0
57 S -429.49261266 0
57 T -432.280906861 0
57 V -432.674707245 0
57 W -435.0060526 0
57 Y -431.60302582 0
58 A -431.0693973 0
58 C -430.263905534 0
58 D -428.35936045 0
58 E -427.384335543 0
58 F -418.239222413 0
58 G -425.941920422 0
58 H -430.915441925 0
58 I -430.720570379 0
58 K -422.701108357 0
58 L -420.87252307 0
58 M -431.893365729 0
58 N -432.17948869 0
58 P -384.28182687 0
58 Q -428.338321244 0
58 R -426.336817159 0
58 S -429.011263038 0
58 T -434.587369252 0
58 V -435.455382413 1
58 W -409.538380704 0
58 Y -424.682774846 0
59 A -436.837273829 0
59 C -434.209863458 0
59 D -433.87834878 0
59 E -433.740485936 0
59 F -432.045910497 0
59 G -425.710040089 0
59 H -430.165959335 0
59 I -439.424815137 0
59 K -424.802362648 0
59 L -439.787281235 0
59 M -430.663577285 0
59 N -437.190503105 0
59 P -374.354694052 0
59 Q -434.338497487 0
59 R -434.528687601 0
59 S -430.334591474 0
59 T -432.8047426 0
59 V -439.888588397 1
59 W -437.289239889 0
59 Y -432.771617346 0
60 A -435.431415193 0
60 C -433.242292591 0
60 D -436.47816106 0
60 E -436.09827487 0
60 F -433.592284904 0
60 G -431.472193271 0
60 H -435.696050318 0
60 I -437.498851394 0
60 K -436.466885662 0
60 L -440.74150725 0
60 M -434.03922941 0
60 N -439.048057689 0
60 P -376.864334476 0
60 Q -435.790464889 0
60 R -434.04009025 0
60 S -435.445363753 0
60 T -436.769795973 1
60 V -440.854748969 0
60 W -437.504982032 0
60 Y -433.028937728 0
61 A -432.40329229 0
61 C -429.502323719 0
61 D -434.657427127 0
61 E -432.775827662 0
61 F -431.733764087 0
61 G -432.881078135 0
61 H -432.197023624 0
61 I -431.635553088 0
61 K -432.159459591 0
61 L -434.265967864 1
61 M -434.825714475 0
61 N -432.819684504 0
61 P -380.986194805 0
61 Q -431.099202967 0
61 R -437.894037894 0
61 S -431.373406122 0
61 T -430.0994057 0
61 V -430.856371085 0
61 W -437.816803895 0
61 Y -433.992287449 0
62 A -424.124216378 0
62 C -415.330449311 0
62 D -408.693468461 0
62 E -400.32964856 0
62 F -407.813758645 0
62 G -434.379604747 1
62 H -406.62285609 0
62 I -380.901995778 0
62 K -396.355150245 0
62 L -395.41727637 0
62 M -402.135832504 0
62 N -415.027863347 0
62 P -350.271585162 0
62 Q -399.055635243 0
62 R -364.431071469 0
62 S -426.618445414 0
62 T -407.512470066 0
62 V -389.716192684 0
62 W -405.434635107 0
62 Y -400.217062527 0
63 A -438.952469959 0
63 C -437.552921957 0
63 D -438.193808541 0
63 E -440.918356139 0
63 F -440.639815107 0
63 G -436.974544196 0
63 H -440.501293459 0
63 I -440.542672263 0
63 K -439.079062415 0
63 L -437.867072858 0
63 M -439.856137075 1
63 N -438.957666316 0
63 P -382.13636378 0
63 Q -438.292733155 0
63 R -436.629437271 0
63 S -438.037103502 0
63 T -438.829053533 0
63 V -439.742743782 0
63 W -437.137406081 0
63 Y -436.120405859 0
64 A -438.22721314 0
64 C -436.688769249 0
64 D -438.496439223 0
64 E -439.200250124 0
64 F -436.888575703 0
64 G -437.25910952 0
64 H -438.259588885 0
64 I -436.051730345 0
64 K -439.571887831 0
64 L -440.007213754 0
64 M -437.968938652 0
64 N -438.985031613 0
64 P -397.482176078 0
64 Q -438.67478048 0
64 R -439.869617699 1
64 S -438.110058333 0
64 T -437.484055233 0
64 V -435.922966428 0
64 W -439.259038903 0
64 Y -436.63743406 0
65 A -439.838309518 1
65 C -435.647277668 0
65 D -428.75958274 0
65 E -433.694879834 0
65 F -433.675302057 0
65 G -435.972814519 0
65 H -431.594269811 0
65 I -431.889673877 0
65 K -431.075914383 0
65 L -429.830306998 0
65 M -432.842256137 0
65 N -435.045636245 0
65 P -373.039671163 0
65 Q -434.113067174 0
65 R -427.879829835 0
65 S -438.667693798 0
65 T -435.192765053 0
65 V -428.481610465 0
65 W -434.008949833 0
65 Y -433.358806144 0
66 A -423.112482674 0
66 C -422.354137779 0
66 D -426.711701806 0
66 E -423.532507314 0
66 F -422.388460004 0
66 G -439.824922349 1
66 H -423.808511782 0
66 I -418.038818948 0
66 K -424.309849384 0
66 L -423.787461931 0
66 M -422.631461947 0
66 N -424.243140668 0
66 P -365.895998763 0
66 Q -423.983770547 0
66 R -424.608711298 0
66 S -430.028784016 0
66 T -418.081802789 0
66 V -417.58404382 0
66 W -421.919929826 0
66 Y -421.624033554 0
67 A -435.992059488 0
67 C -432.298259915 0
67 D -435.945906001 0
67 E -437.461046003 0
67 F -437.170492999 0
67 G -433.967683868 0
67 H -436.451087886 0
67 I -437.742839568 0
67 K -436.401390304 0
67 L -439.822052697 1
67 M -437.357231925 0
67 N -434.576952829 0
67 P -434.537814507 0
67 Q -436.911087489 0
67 R -435.835196648 0
67 S -435.557621765 0
67 T -435.889058327 0
67 V -435.570065031 0
67 W -433.783353762 0
67 Y -437.868938321 0
68 A -436.531831472 0
68 C -435.267767103 0
68 D -438.197411548 0
68 E -439.820134632 1
68 F -436.202299042 0
68 G -436.087340789 0
68 H -440.116614852 0
68 I -436.130847093 0
68 K -438.03887386 0
68 L -437.333684648 0
68 M -436.466214091 0
68 N -437.157537292 0
68 P -432.779519132 0
68 Q -438.508112381 0
68 R -436.967652344 0
68 S -438.491308898 0
68 T -437.378547775 0
68 V -435.958536995 0
68 W -437.856443051 0
68 Y -436.06617058 0
69 A -435.630603396 0
69 C -434.792268474 0
69 D -434.50988779 0
69 E -434.831202303 0
69 F -436.220175205 0
69 G -433.881768665 0
69 H -438.788631491 0
69 I -433.735962577 0
69 K -436.391652259 0
69 L -437.865811544 0
69 M -436.694080023 0
69 N -439.825615633 1
69 P -394.460343616 0
69 Q -435.886316135 0
69 R -438.724268319 0
69 S -435.151741593 0
69 T -433.443562201 0
69 V -428.581463043 0
69 W -434.099010783 0
69 Y -436.004008909 0
70 A -436.084825483 0
70 C -434.91484732 0
70 D -439.285577751 0
70 E -438.215351717 0
70 F -436.192871044 0
70 G -436.321981858 0
70 H -439.840211218 1
70 I -422.154881369 0
70 K -436.14679024 0
70 L -436.805228988 0
70 M -435.720424319 0
70 N -438.824201791 0
70 P -386.52069098 0
70 Q -438.4921936 0
70 R -435.254698415 0
70 S -435.120094492 0
70 T -430.088435871 0
70 V -421.022882792 0
70 W -436.462545658 0
70 Y -435.61553194 0
71 A -431.38513413 0
71 C -431.072452235 0
71 D -432.682882184 0
71 E -429.670623147 0
71 F -439.837826354 1
71 G -428.191729921 0
71 H -436.874018342 0
71 I -397.116626325 0
71 K -426.137054725 0
71 L -430.469492719 0
71 M -433.387261595 0
71 N -433.056965802 0
71 P -379.504142572 0
71 Q -428.640952869 0
71 R -429.80660817 0
71 S -430.120802306 0
71 T -427.087009775 0
71 V -422.112808338 0
71 W -435.85712845 0
71 Y -436.11830758 0
72 A -430.828700856 0
72 C -427.719308499 0
72 D -427.662340543 0
72 E -426.881472665 0
72 F -428.965913126 0
72 G -426.970521453 0
72 H -431.202908516 0
72 I -433.084608468 0
72 K -429.587520737 0
72 L -434.329356204 1
72 M -435.357318182 0
72 N -431.06743506 0
72 P -369.160808268 0
72 Q -429.526031755 0
72 R -429.781567702 0
72 S -427.785750438 0
72 T -428.719984758 0
72 V -430.819030559 0
72 W -432.688320131 0
72 Y -432.579731788 0
73 A -433.293809843 0
73 C -436.074035437 0
73 D -433.491552708 0
73 E -437.157750548 0
73 F -433.025366756 0
73 G -434.719540403 0
73 H -435.992238701 0
73 I -430.48883548 0
73 K -435.326095117 0
73 L -437.808268935 1
73 M -435.881736533 0
73 N -436.507649818 0
73 P -436.182479071 0
73 Q -436.395729559 0
73 R -436.465240643 0
73 S -437.148319506 0
73 T -435.615788673 0
73 V -432.142429006 0
73 W -436.804217481 0
73 Y -436.363787223 0
74 A -438.351828484 0
74 C -436.391860585 0
74 D -437.597094669 0
74 E -438.787211692 0
74 F -436.678427637 0
74 G -434.685933993 0
74 H -438.702160487 0
74 I -438.713344203 0
74 K -439.624484432 0
74 L -439.831202692 1
74 M -437.505319247 0
74 N -437.929260596 0
74 P -442.231645493 0
74 Q -438.730217287 0
74 R -436.657850502 0
74 S -439.294033738 0
74 T -438.447528117 0
74 V -438.346999792 0
74 W -438.078039117 0
74 Y -437.28336819 0
75 A -436.189552758 0
75 C -434.612258248 0
75 D -439.846371483 1
75 E -435.993406821 0
75 F -434.721001532 0
75 G -429.118866583 0
75 H -436.632476747 0
75 I -419.205612884 0
75 K -434.33185714 0
75 L -434.681611157 0
75 M -436.085237177 0
75 N -437.915193164 0
75 P -404.521851989 0
75 Q -434.446542925 0
75 R -431.057254134 0
75 S -437.55188847 0
75 T -432.504678532 0
75 V -421.791744368 0
75 W -434.765768245 0
75 Y -429.598894814 0
76 A -430.350629893 0
76 C -431.756661819 0
76 D -436.825266273 1
76 E -434.993467435 0
76 F -428.480192296 0
76 G -425.678535546 0
76 H -434.917369285 0
76 I -435.114928549 0
76 K -419.900566622 0
76 L -435.295042855 0
76 M -432.476059103 0
76 N -436.165401657 0
76 P -424.551258838 0
76 Q -434.035199665 0
76 R -426.405025695 0
76 S -431.090888505 0
76 T -431.665081339 0
76 V -429.97321844 0
76 W -422.31844789 0
76 Y -420.290575552 0
77 A -437.139196176 0
77 C -435.587202615 0
77 D -438.181272373 0
77 E -439.355531076 0
77 F -437.234024061 0
77 G -436.799053515 0
77 H -440.350614587 0
77 I -437.043896179 0
77 K -439.142988163 0
77 L -437.845325745 0
77 M -437.046580147 0
77 N -437.214482469 0
77 P -438.345910588 0
77 Q -437.873363392 0
77 R -438.572236793 0
77 S -439.188356527 0
77 T -437.635994555 0
77 V -436.489634284 0
77 W -435.54790739 1
77 Y -437.31147245 0
78 A -437.035422035 0
78 C -435.184311434 0
78 D -431.554630976 0
78 E -434.061516958 0
78 F -432.527450595 0
78 G -427.46034166 0
78 H -431.797001794 0
78 I -427.015291644 0
78 K -434.770710299 0
78 L -437.792962977 1
78 M -439.161412967 0
78 N -437.167588639 0
78 P -408.89065219 0
78 Q -436.935688161 0
78 R -433.750455756 0
78 S -435.013587393 0
78 T -436.186001236 0
78 V -431.594100258 0
78 W -433.646476543 0
78 Y -433.3362432 0
79 A -430.482224499 0
79 C -432.350613207 0
79 D -427.520573531 0
79 E -428.283779638 0
79 F -421.607777686 0
79 G -423.757798248 0
79 H -419.935940844 0
79 I -435.054459565 0
79 K -419.916899072 0
79 L -432.033113613 0
79 M -426.552964742 0
79 N -432.465134945 0
79 P -392.621129411 0
79 Q -425.211736625 0
79 R -428.877534138 0
79 S -426.947457597 0
79 T -429.868176333 0
79 V -437.79264078 1
79 W -418.992093655 0
79 Y -419.96675022 0
80 A -429.552623832 0
80 C -428.473155335 0
80 D -427.24105619 0
80 E -425.331216912 0
80 F -434.290754187 0
80 G -426.413178233 0
80 H -434.64014628 0
80 I -436.741809082 1
80 K -429.995891931 0
80 L -435.148223916 0
80 M -421.892923257 0
80 N -430.231110583 0
80 P -400.460158604 0
80 Q -428.81533706 0
80 R -431.99765441 0
80 S -428.495423911 0
80 T -431.205519877 0
80 V -429.648258786 0
80 W -431.380200801 0
80 Y -435.182328511 0
81 A -434.323117774 1
81 C -428.607708059 0
81 D -421.473206922 0
81 E -425.012296684 0
81 F -419.914434111 0
81 G -427.512561315 0
81 H -418.456274347 0
81 I -422.589892667 0
81 K -420.295438395 0
81 L -421.244482723 0
81 M -423.566023135 0
81 N -424.652720046 0
81 P -374.450740108 0
81 Q -422.394417611 0
81 R -414.396000234 0
81 S -431.341826024 0
81 T -432.528219667 0
81 V -428.323905761 0
81 W -412.372227175 0
81 Y -402.838746991 0
82 A -436.832563599 0
82 C -434.693639474 0
82 D -432.147813994 0
82 E -433.647210219 0
82 F -437.725154739 1
82 G -432.327397679 0
82 H -438.533986266 0
82 I -425.106410066 0
82 K -430.844993173 0
82 L -430.20480099 0
82 M -430.122575196 0
82 N -432.495458165 0
82 P -408.31861062 0
82 Q -434.331759432 0
82 R -434.490555384 0
82 S -432.882782212 0
82 T -433.522452537 0
82 V -431.179066651 0
82 W -435.672642634 0
82 Y -433.802919765 0
83 A -431.11059842 0
83 C -432.285643771 0
83 D -429.941378733 0
83 E -427.411564648 0
83 F -424.03188424 0
83 G -430.840017386 0
83 H -429.075844971 0
83 I -428.217005003 0
83 K -418.812191844 0
83 L -434.229781129 0
83 M -430.070790028 0
83 N -432.554090697 0
83 P -397.419110862 0
83 Q -430.327412599 0
83 R -409.5970372 0
83 S -434.979413534 0
83 T -439.820604838 1
83 V -433.857111486 0
83 W -387.173032679 0
83 Y -409.739075246 0
84 A -436.930410334 0
84 C -435.498093369 0
84 D -436.039330074 0
84 E -437.11241621 0
84 F -435.409846269 0
84 G -437.001499584 0
84 H -438.322039548 0
84 I -435.347143687 0
84 K -437.333825851 0
84 L -438.22010545 0
84 M -436.837851464 0
84 N -437.361759804 0
84 P -419.762268516 0
84 Q -436.32834733 0
84 R -439.86803973 1
84 S -438.716172449 0
84 T -437.186344752 0
84 V -435.581200738 0
84 W -436.752898346 0
84 Y -434.850961324 0
85 A -428.913472449 0
85 C -429.112150925 0
85 D -431.547938023 0
85 E -432.133335237 0
85 F -429.167744269 0
85 G -426.513352223 0
85 H -426.235462849 0
85 I -435.644999509 0
85 K -426.691557511 0
85 L -439.842377242 1
85 M -437.319991643 0
85 N -432.062133963 0
85 P -416.684237373 0
85 Q -431.962640362 0
85 R -428.705853381 0
85 S -430.109020534 0
85 T -431.066727286 0
85 V -434.321577278 0
85 W -427.921757235 0
85 Y -426.586302707 0
86 A -431.23865707 0
86 C -432.290204328 0
86 D -426.442633197 0
86 E -427.092339592 0
86 F -424.02660451 0
86 G -429.597059356 0
86 H -427.82787706 0
86 I -439.831411103 1
86 K -431.986629421 0
86 L -437.313692196 0
86 M -435.216514217 0
86 N -430.594916104 0
86 P -393.472535672 0
86 Q -431.171182781 0
86 R -432.729489462 0
86 S -431.1913661 0
86 T -433.362064483 0
86 V -436.658832654 0
86 W -420.243072435 0
86 Y -421.27034999 0
87 A -427.269576358 0
87 C -425.97278965 0
87 D -424.305153677 0
87 E -427.648997379 0
87 F -423.780234626 0
87 G -439.839861131 1
87 H -425.06151354 0
87 I -406.714119224 0
87 K -427.069171128 0
87 L -424.082553581 0
87 M -425.156935696 0
87 N -426.731729342 0
87 P -420.390158996 0
87 Q -427.742675052 0
87 R -424.451014015 0
87 S -429.697545859 0
87 T -425.205353942 0
87 V -401.616369644 0
87 W -421.436185279 0
87 Y -423.901787188 0
88 A -440.240853795 0
88 C -434.652720617 0
88 D -429.342729098 0
88 E -429.515572056 0
88 F -430.646931388 0
88 G -436.836303503 0
88 H -431.295793093 0
88 I -409.756503074 0
88 K -438.102810838 0
88 L -423.289764932 0
88 M -435.093678326 0
88 N -437.622026327 0
88 P -425.578184716 0
88 Q -434.537658194 0
88 R -439.080230438 0
88 S -439.829996541 1
88 T -439.21575587 0
88 V -433.492550739 0
88 W -430.772189065 0
88 Y -431.953067711 0
89 A -433.221313778 0
89 C -431.354473625 0
89 D -434.383048682 0
89 E -433.764353894 0
89 F -433.624219178 0
89 G -439.83333529 1
89 H -434.965587283 0
89 I -419.716637622 0
89 K -435.334246022 0
89 L -434.054276584 0
89 M -432.926679769 0
89 N -436.221737111 0
89 P -363.370405885 0
89 Q -433.323090179 0
89 R -435.21643441 0
89 S -434.598824029 0
89 T -432.89808515 0
89 V -419.571879973 0
89 W -432.663514429 0
89 Y -434.956074325 0
90 A -436.222734348 0
90 C -435.666713719 0
90 D -438.217239329 0
90 E -439.837977025 1
90 F -436.149846681 0
90 G -435.923424783 0
90 H -438.62906906 0
90 I -434.224042286 0
90 K -436.292491225 0
90 L -437.57695818 0
90 M -437.486255952 0
90 N -437.222239501 0
90 P -365.896382472 0
90 Q -439.943335493 0
90 R -438.137504974 0
90 S -435.861567824 0
90 T -434.399241938 0
90 V -434.409044859 0
90 W -435.538332713 0
90 Y -435.864326512 0
91 A -433.571555326 0
91 C -433.235251041 0
91 D -431.355949742 0
91 E -439.842999844 1
91 F -432.492066881 0
91 G -431.724865768 0
91 H -432.726721384 0
91 I -435.71814132 0
91 K -435.296424156 0
91 L -435.604099677 0
91 M -434.567476014 0
91 N -432.208022428 0
91 P -410.940833694 0
91 Q -437.242439553 0
91 R -435.355119993 0
91 S -434.014429087 0
91 T -434.383726795 0
91 V -436.131776699 0
91 W -431.985671115 0
91 Y -431.863283497 0
92 A -436.258807051 0
92 C -433.669923274 0
92 D -439.852410093 1
92 E -435.690522076 0
92 F -434.143361032 0
92 G -432.008966315 0
92 H -435.307819372 0
92 I -434.432564407 0
92 K -430.091569886 0
92 L -424.965571262 0
92 M -429.115658013 0
92 N -434.512525303 0
92 P -391.678322917 0
92 Q -432.605072394 0
92 R -432.112105604 0
92 S -434.590514869 0
92 T -436.631257611 0
92 V -436.420888324 0
92 W -434.297819939 0
92 Y -433.689217429 0
93 A -435.406487656 0
93 C -433.570469968 0
93 D -432.112143476 0
93 E -435.425699501 0
93 F -434.814332265 0
93 G -432.100317792 0
93 H -434.688994638 0
93 I -435.459900748 0
93 K -436.090374926 0
93 L -434.15209002 0
93 M -435.617827112 0
93 N -433.586610442 0
93 P -408.288680068 0
93 Q -437.453863162 0
93 R -439.849273526 1
93 S -435.44549106 0
93 T -436.209847965 0
93 V -435.677406519 0
93 W -435.634339286 0
93 Y -434.535341051 0
94 A -433.392520408 0
94 C -433.535055344 0
94 D -430.550214085 0
94 E -431.21519719 0
94 F -426.677191247 0
94 G -428.938170848 0
94 H -434.702470735 0
94 I -437.199577153 0
94 K -433.811828351 0
94 L -433.504703324 0
94 M -433.313941606 0
94 N -433.5243081 0
94 P -398.425707248 0
94 Q -430.845465654 0
94 R -431.238223287 0
94 S -432.843810351 0
94 T -436.501271854 0
94 V -439.841389925 1
94 W -431.803198848 0
94 Y -432.808671912 0
95 A -435.820406726 0
95 C -435.153553412 0
95 D -433.969174961 0
95 E -440.278984045 0
95 F -437.049043855 0
95 G -432.054277738 0
95 H -436.541620992 0
95 I -438.88971714 0
95 K -437.534084718 0
95 L -439.848970529 1
95 M -438.255264801 0
95 N -435.701784158 0
95 P -425.238624263 0
95 Q -437.592344862 0
95 R -439.461857449 0
95 S -436.300078798 0
95 T -437.757023273 0
95 V -439.138057842 0
95 W -437.561041674 0
95 Y -437.270569422 0
96 A -429.185492809 0
96 C -427.311917805 0
96 D -425.86419299 0
96 E -427.97460671 0
96 F -439.807283984 1
96 G -425.755851824 0
96 H -433.664075343 0
96 I -429.441741325 0
96 K -424.505516464 0
96 L -433.559765099 0
96 M -432.44573454 0
96 N -428.185606941 0
96 P -392.160836871 0
96 Q -431.124177295 0
96 R -423.417921711 0
96 S -429.283922627 0
96 T -430.07568207 0
96 V -430.759965649 0
96 W -440.030109144 0
96 Y -436.948367994 0
97 A -439.327755871 0
97 C -436.34258503 0
97 D -439.50795009 0
97 E -440.410793922 0
97 F -438.551593352 0
97 G -437.093995839 0
97 H -438.682985547 0
97 I -437.721840025 0
97 K -439.327363751 0
97 L -438.109993092 0
97 M -438.723281249 0
97 N -438.493746247 0
97 P -439.08399968 0
97 Q -437.954694078 0
97 R -439.227687835 0
97 S -439.84076333 1
97 T -437.574914338 0
97 V -437.832067073 0
97 W -441.322170865 0
97 Y -438.503360515 0
98 A -437.059444948 0
98 C -438.097874285 0
98 D -433.283144994 0
98 E -431.592758892 0
98 F -422.216192337 0
98 G -434.023650333 0
98 H -425.682718272 0
98 I -437.60943294 0
98 K -432.104320779 0
98 L -436.811646231 0
98 M -432.838393181 0
98 N -438.185276472 0
98 P -386.076585611 0
98 Q -432.243408309 0
98 R -436.208804993 0
98 S -438.955168075 0
98 T -440.62242545 0
98 V -439.835189578 1
98 W -421.980491127 0
98 Y -410.562536687 0
99 A -439.472288016 0
99 C -437.263374391 0
99 D -440.624069051 0
99 E -440.702775098 0
99 F -437.635772027 0
99 G -439.074561598 0
99 H -438.999772975 0
99 I -437.501454878 0
99 K -440.120476937 0
99 L -439.819368599 1
99 M -439.102231151 0
99 N -439.614823619 0
99 P -422.144822582 0
99 Q -438.547291104 0
99 R -439.364117021 0
99 S -440.64864488 0
99 T -440.323961919 0
99 V -437.059947756 0
99 W -438.260430984 0
99 Y -437.627085416 0
100 A -437.541547156 0
100 C -436.562157515 0
100 D -438.259226067 0
100 E -438.065338138 0
100 F -436.071175325 0
100 G -436.110172267 0
100 H -437.80461218 0
100 I -437.018711321 0
100 K -439.929930266 0
100 L -439.850916076 1
100 M -438.936779718 0
100 N -438.095966227 0
100 P -410.83353334 0
100 Q -437.473248859 0
100 R -432.188730287 0
100 S -437.656310604 0
100 T -437.125083821 0
100 V -436.643809553 0
100 W -438.57484611 0
100 Y -435.854165177 0
101 A -429.203658263 0
101 C -429.775179339 0
101 D -429.522579299 0
101 E -430.555070979 0
101 F -432.895918836 0
101 G -425.457792878 0
101 H -430.730976008 0
101 I -434.849031803 0
101 K -423.742108879 0
101 L -439.760005748 1
101 M -432.563011499 0
101 N -430.767947119 0
101 P -391.344756954 0
101 Q -429.889753316 0
101 R -422.140325382 0
101 S -428.949117817 0
101 T -429.519346074 0
101 V -431.553543708 0
101 W -427.934554997 0
101 Y -427.415232599 0
102 A -439.261579239 0
102 C -438.008588347 0
102 D -438.720389428 0
102 E -440.961997718 0
102 F -440.273605794 0
102 G -437.206216933 0
102 H -440.278354671 0
102 I -439.828867581 1
102 K -441.419905275 0
102 L -441.264184705 0
102 M -440.185672761 0
102 N -438.699492103 0
102 P -418.660439599 0
102 Q -440.688961599 0
102 R -440.567935203 0
102 S -439.74105382 0
102 T -440.419232903 0
102 V -441.100970161 0
102 W -439.296722038 0
102 Y -438.569599916 0
103 A -437.069026002 0
103 C -434.914961787 0
103 D -439.831079539 1
103 E -438.743967544 0
103 F -436.329654787 0
103 G -435.561513495 0
103 H -437.151249317 0
103 I -435.902938133 0
103 K -436.154227542 0
103 L -436.758292798 0
103 M -437.5260235 0
103 N -435.728882328 0
103 P -438.987336216 0
103 Q -436.607357541 0
103 R -436.278985116 0
103 S -436.494029552 0
103 T -436.004820396 0
103 V -435.999978881 0
103 W -436.462043747 0
103 Y -435.959194401 0
104 A -431.657447294 0
104 C -430.525160218 0
104 D -433.091768046 0
104 E -432.331404985 0
104 F -432.656730708 0
104 G -439.719501285 1
104 H -433.545129023 0
104 I -418.279625533 0
104 K -434.255953093 0
104 L -432.659729722 0
104 M -431.358229823 0
104 N -434.378944731 0
104 P -362.650643804 0
104 Q -432.924005957 0
104 R -433.532017665 0
104 S -431.612240142 0
104 T -427.897914627 0
104 V -417.674776261 0
104 W -430.940502033 0
104 Y -432.124813948 0
105 A -436.462430387 0
105 C -436.274974545 0
105 D -434.779882706 0
105 E -435.335176841 0
105 F -434.951760462 0
105 G -431.364961874 0
105 H -436.816097519 0
105 I -440.226180371 0
105 K -433.85986498 0
105 L -438.139637171 0
105 M -437.710914635 0
105 N -435.01717279 0
105 P -381.579420291 0
105 Q -436.17978414 0
105 R -432.152235017 0
105 S -435.740049809 0
105 T -438.658184454 0
105 V -439.740861663 1
105 W -435.358819138 0
105 Y -437.963780421 0
106 A -429.974605354 0
106 C -429.680376207 0
106 D -432.742230698 0
106 E -436.715124866 0
106 F -434.098383806 0
106 G -430.330459394 0
106 H -435.746736197 0
106 I -439.743044764 1
106 K -433.832129395 0
106 L -438.422080709 0
106 M -438.33988955 0
106 N -436.443257127 0
106 P -428.8381652 0
106 Q -436.539042067 0
106 R -438.304222027 0
106 S -435.975498819 0
106 T -438.137227938 0
106 V -439.047092005 0
106 W -438.001850352 0
106 Y -433.861176699 0
107 A -428.485510423 0
107 C -428.752724694 0
107 D -427.511341478 0
107 E -422.209069357 0
107 F -433.348735493 0
107 G -424.667329691 0
107 H -434.292323553 0
107 I -428.877139739 0
107 K -426.473967669 0
107 L -433.245828706 0
107 M -426.203085409 0
107 N -428.148161775 0
107 P -403.971343086 0
107 Q -428.188047043 0
107 R -422.97611016 0
107 S -422.708535869 0
107 T -428.308377638 0
107 V -429.626894169 0
107 W -435.9461717 0
107 Y -437.477404146 1
108 A -434.590592953 0
108 C -433.3962839 0
108 D -431.41829591 0
108 E -436.179200926 0
108 F -433.802788055 0
108 G -432.594443323 0
108 H -432.934615082 0
108 I -437.819229098 0
108 K -430.31574063 0
108 L -434.874445452 0
108 M -434.465121199 0
108 N -435.777731391 0
108 P -398.069400509 0
108 Q -436.767381169 0
108 R -438.017401898 0
108 S -432.762757727 0
108 T -437.182952457 0
108 V -439.780903547 1
108 W -425.339296085 0
108 Y -401.640004033 0
109 A -424.953435314 0
109 C -423.703015264 0
109 D -420.673996825 0
109 E -422.423558904 0
109 F -439.807363379 1
109 G -422.514418573 0
109 H -428.167520688 0
109 I -431.799161479 0
109 K -425.690032619 0
109 L -430.395835823 0
109 M -432.520021892 0
109 N -423.760873084 0
109 P -401.405147454 0
109 Q -426.41137094 0
109 R -420.138861944 0
109 S -422.016098763 0
109 T -427.173036933 0
109 V -429.901444499 0
109 W -412.538935437 0
109 Y -438.754275223 0
110 A -427.902187129 0
110 C -427.035476159 0
110 D -424.010933379 0
110 E -425.127439943 0
110 F -439.784531493 1
110 G -424.434389451 0
110 H -432.090024895 0
110 I -426.014057387 0
110 K -420.91518022 0
110 L -429.989492371 0
110 M -430.06865034 0
110 N -427.959658718 0
110 P -375.630594481 0
110 Q -426.636029375 0
110 R -420.52612236 0
110 S -427.763996003 0
110 T -428.282878821 0
110 V -427.12075943 0
110 W -417.315856193 0
110 Y -433.838428279 0
111 A -439.793623051 1
111 C -439.62595982 0
111 D -438.443759886 0
111 E -431.332909302 0
111 F -393.184087539 0
111 G -433.20822002 0
111 H -421.244859726 0
111 I -429.311675864 0
111 K -412.495389594 0
111 L -429.503842573 0
111 M -425.864515858 0
111 N -440.646311407 0
111 P -393.242785081 0
111 Q -432.204242559 0
111 R -424.758219006 0
111 S -438.762517605 0
111 T -439.227277424 0
111 V -440.759148844 0
111 W -397.959962838 0
111 Y -385.544066504 0
112 A -434.17400006 0
112 C -434.023220843 0
112 D -431.663116687 0
112 E -428.63380393 0
112 F -414.706976394 0
112 G -431.030812379 0
112 H -419.731091927 0
112 I -429.069610308 0
112 K -417.674478094 0
112 L -434.671249275 0
112 M -426.600812764 0
112 N -432.319100105 0
112 P -425.313517331 0
112 Q -428.099758485 0
112 R -418.501194148 0
112 S -436.457705473 0
112 T -439.831650974 1
112 V -435.45789527 0
112 W -407.821374621 0
112 Y -409.348681989 0
113 A -435.525529608 0
113 C -434.119283957 0
113 D -432.173287209 0
113 E -433.233313846 0
113 F -439.378403856 1
113 G -430.26656792 0
113 H -437.426882261 0
113 I -428.192955161 0
113 K -432.880724085 0
113 L -434.231957775 0
113 M -434.52968694 0
113 N -433.66408389 0
113 P -418.575605957 0
113 Q -434.211858275 0
113 R -431.952116155 0
113 S -435.289415618 0
113 T -437.058864765 0
113 V -433.052747428 0
113 W -431.193501693 0
113 Y -438.513942424 0
114 A -434.235475614 0
114 C -433.345344043 0
114 D -434.0514457 0
114 E -435.676099872 0
114 F -433.413599299 0
114 G -431.876378972 0
114 H -434.974559571 0
114 I -435.484653571 0
114 K -435.641602681 0
114 L -434.493776682 0
114 M -434.513316241 0
114 N -433.845794562 0
114 P -439.830608768 1
114 Q -433.15967335 0
114 R -435.979744259 0
114 S -434.522593455 0
114 T -434.228946454 0
114 V -435.05609439 0
114 W -433.393797836 0
114 Y -433.326530146 0
115 A -432.607015724 0
115 C -428.992635684 0
115 D -436.061520963 0
115 E -435.414700322 0
115 F -434.398840219 0
115 G -439.8293473 1
115 H -436.200203791 0
115 I -422.093151558 0
115 K -435.468176502 0
115 L -434.084461173 0
115 M -433.006596944 0
115 N -437.689739379 0
115 P -388.399389337 0
115 Q -434.650502694 0
115 R -433.681111254 0
115 S -433.660138507 0
115 T -431.961525838 0
115 V -421.708982703 0
115 W -432.4735767 0
115 Y -433.699215095 0
116 A -440.306291669 0
116 C -437.023559848 0
116 D -437.540316064 0
116 E -434.391448751 0
116 F -440.593753474 0
116 G -436.702470877 0
116 H -441.310804141 0
116 I -431.190939249 0
116 K -434.702900926 0
116 L -439.556977867 0
116 M -439.811517851 0
116 N -437.928058089 0
116 P -370.415145274 0
116 Q -439.968472559 0
116 R -436.75061256 1
116 S -438.098418791 0
116 T -437.708860137 0
116 V -437.96678492 0
116 W -434.277739813 0
116 Y -437.114014327 0
117 A -435.101222593 0
117 C -432.960261077 0
117 D -435.021559018 0
117 E -435.89452587 0
117 F -437.247147339 0
117 G -434.089544061 0
117 H -438.854785707 0
117 I -431.596196206 0
117 K -435.659902867 0
117 L -431.011035255 0
117 M -433.650539418 0
117 N -435.282478342 0
117 P -423.175722944 0
117 Q -435.017647812 0
117 R -439.832087863 0
117 S -437.412713264 0
117 T -433.722676629 0
117 V -431.414578199 0
117 W -441.239335634 0
117 Y -439.837847991 1
118 A -438.788480066 0
118 C -436.196718417 0
118 D -439.477575837 0
118 E -439.086636768 0
118 F -439.281724409 0
118 G -436.025516574 0
118 H -439.166955419 0
118 I -439.057902968 0
118 K -439.505150397 0
118 L -440.791201446 0
118 M -438.566498515 0
118 N -439.557774251 0
118 P -418.74265754 0
118 Q -437.789762345 0
118 R -439.861261185 1
118 S -437.939538858 0
118 T -437.696312465 0
118 V -439.022488267 0
118 W -439.536441677 0
118 Y -439.26639902 0
119 A -436.739516684 0
119 C -435.594997383 0
119 D -439.403934877 0
119 E -440.301800398 0
119 F -439.007991712 0
119 G -435.284166501 0
119 H -439.822443299 1
119 I -438.773137366 0
119 K -439.466060068 0
119 L -440.05239224 0
119 M -438.528448693 0
119 N -437.953481211 0
119 P -401.878547551 0
119 Q -438.726581252 0
119 R -438.750524367 0
119 S -437.708790032 0
119 T -438.516783631 0
119 V -439.304975314 0
119 W -437.458205572 0
119 Y -440.908912411 0
120 A -434.511174466 0
120 C -433.988793513 0
120 D -431.250409008 0
120 E -434.443163026 0
120 F -411.921968158 0
120 G -428.739070117 0
120 H -416.662233586 0
120 I -435.361870199 0
120 K -430.718488461 0
120 L -439.853305136 1
120 M -441.165923387 0
120 N -433.699020908 0
120 P -356.002774907 0
120 Q -435.857148799 0
120 R -427.179613645 0
120 S -431.621646611 0
120 T -432.418908027 0
120 V -436.423658526 0
120 W -398.517722778 0
120 Y -408.112401705 0
121 A -436.708985314 1
121 C -434.513851769 0
121 D -429.246263788 0
121 E -434.288164927 0
121 F -438.088637959 0
121 G -432.153218435 0
121 H -434.775367424 0
121 I -433.936024824 0
121 K -436.189946411 0
121 L -435.984925359 0
121 M -437.473764329 0
121 N -435.607369187 0
121 P -395.255825246 0
121 Q -433.793326276 0
121 R -440.12621757 0
121 S -436.521422984 0
121 T -435.004798943 0
121 V -434.561025399 0
121 W -436.358945445 0
121 Y -436.53782764 0
122 A -424.219694265 0
122 C -399.116740293 0
122 D -395.847050438 0
122 E -392.14936868 0
122 F -399.873918103 0
122 G -439.76644498 1
122 H -398.702171551 0
122 I -385.714347251 0
122 K -393.49775485 0
122 L -401.969864064 0
122 M -399.546240786 0
122 N -398.765144189 0
122 P -351.090515326 0
122 Q -401.604697081 0
122 R -394.269888778 0
122 S -400.819824764 0
122 T -385.144969917 0
122 V -386.758512591 0
122 W -388.990485102 0
122 Y -394.625632325 0
123 A -435.413935498 0
123 C -433.859325782 0
123 D -435.551428474 0
123 E -434.515970436 0
123 F -437.694374942 0
123 G -431.190640604 0
123 H -435.058685714 0
123 I -437.177623393 0
123 K -436.814554355 0
123 L -439.75968895 1
123 M -432.555592407 0
123 N -436.275943805 0
123 P -418.34147113 0
123 Q -436.128607372 0
123 R -433.046595873 0
123 S -435.495214859 0
123 T -435.894425174 0
123 V -434.638473868 0
123 W -438.683610917 0
123 Y -437.642351279 0
124 A -430.297910074 0
124 C -430.503735557 0
124 D -429.334359119 0
124 E -432.850358631 0
124 F -434.481638311 0
124 G -422.538593654 0
124 H -432.840669489 0
124 I -432.871559547 0
124 K -425.309848426 0
124 L -439.770420865 1
124 M -438.219279539 0
124 N -431.292330573 0
124 P -389.011432713 0
124 Q -433.844908882 0
124 R -425.917893105 0
124 S -430.355370637 0
124 T -432.361315599 0
124 V -436.831241512 0
124 W -432.456560112 0
124 Y -433.587120828 0
125 A -435.301265263 0
125 C -435.123523814 0
125 D -434.696242535 0
125 E -439.151558349 0
125 F -438.153363112 0
125 G -433.088371492 0
125 H -437.118711969 0
125 I -439.151980484 0
125 K -437.729576639 0
125 L -439.739126148 1
125 M -437.230166549 0
125 N -435.659408236 0
125 P -397.267398741 0
125 Q -438.260998483 0
125 R -438.316330183 0
125 S -435.406239087 0
125 T -435.38646162 0
125 V -438.090680116 0
125 W -438.229965712 0
125 Y -434.450568804 0
126 A -430.007931038 0
126 C -429.030765184 0
126 D -429.648675552 0
126 E -430.129756963 0
126 F -433.850832443 0
126 G -426.616036096 0
126 H -432.006160865 0
126 I -437.560453182 0
126 K -432.768159351 0
126 L -439.832659092 1
126 M -434.157251765 0
126 N -430.211325934 0
126 P -427.398341366 0
126 Q -432.188235678 0
126 R -432.826267073 0
126 S -430.726634616 0
126 T -432.701222609 0
126 V -435.736923441 0
126 W -428.536924149 0
126 Y -433.184764438 0
127 A -437.995654722 0
127 C -437.48304468 0
127 D -437.452748803 0
127 E -440.012002652 0
127 F -435.907667619 0
127 G -438.302698415 0
127 H -439.843444143 1
127 I -441.7036312 0
127 K -440.11965764 0
127 L -440.908610687 0
127 M -440.321560196 0
127 N -438.829544385 0
127 P -415.477486424 0
127 Q -439.351999103 0
127 R -441.907816689 0
127 S -438.177381051 0
127 T -438.733235278 0
127 V -440.127152126 0
127 W -438.000425167 0
127 Y -435.954788689 0
