1 A -434.919197072 0
1 C -433.518541713 0
1 D -436.426540585 0
1 E -436.413329958 0
1 F -435.417138061 0
1 G -435.330539778 0
1 H -436.182175591 0
1 I -434.938734575 0
1 K -436.374780822 0
1 L -436.64674475 0
1 M -435.124552837 0
1 N -435.061681373 0
1 P -439.404949171 1
1 Q -435.092419604 0
1 R -435.631592164 0
1 S -436.091926894 0
1 T -434.871592579 0
1 V -434.147455643 0
1 W -437.382804943 0
1 Y -435.697100953 0
2 A -439.414711106 1
2 C -439.414711106 1
2 D -439.414711106 1
2 E -439.414711106 1
2 F -439.414711106 1
2 G -439.414711106 1
2 H -439.414711106 1
2 I -439.414711106 1
2 K -439.414711106 1
2 L -439.414711106 1
2 M -439.414711106 1
2 N -439.414711106 1
2 P -439.414711106 1
2 Q -439.414711106 1
2 R -439.414711106 1
2 S -439.414711106 1
2 T -439.414711106 1
2 V -439.414711106 1
2 W -439.414711106 1
2 Y -439.414711106 1
3 A -438.458843125 0
3 C -436.962317892 0
3 D -434.326664483 0
3 E -437.54462717 0
3 F -437.373062391 0
3 G -435.483729646 0
3 H -436.388467277 0
3 I -432.416625956 0
3 K -437.522313666 0
3 L -438.15504444 0
3 M -437.935499114 0
3 N -436.419690993 0
3 P -361.185773788 0
3 Q -437.759083581 0
3 R -440.015583882 1
3 S -437.822981405 0
3 T -437.250718967 0
3 V -436.945707311 0
3 W -435.069785676 0
3 Y -436.816169165 0
4 A -434.795884243 0
4 C -435.092360256 0
4 D -432.101908295 0
4 E -435.7712682 0
4 F -431.470294347 0
4 G -430.297841377 0
4 H -428.440954829 0
4 I -440.214644879 0
4 K -434.797949353 0
4 L -438.691377409 0
4 M -435.776235409 0
4 N -432.947929211 0
4 P -390.284159183 0
4 Q -435.364128758 0
4 R -435.60687441 0
4 S -434.985362648 0
4 T -437.121606374 0
4 V -439.401974956 1
4 W -425.724594494 0
4 Y -428.597322333 0
5 A -434.338871996 0
5 C -434.442136804 0
5 D -434.553915304 0
5 E -437.947873413 0
5 F -436.853628921 0
5 G -431.347518271 0
5 H -436.20452459 0
5 I -439.84031948 0
5 K -436.910555576 0
5 L -437.137705806 0
5 M -438.167829093 0
5 N -435.400634845 0
5 P -430.4618946 0
5 Q -436.912092357 0
5 R -437.635574669 0
5 S -434.802626483 0
5 T -437.239990182 0
5 V -439.419167164 1
5 W -438.388478134 0
5 Y -437.675804838 0
6 A -431.576851003 0
6 C -430.88100231 0
6 D -425.267360474 0
6 E -430.878768394 0
6 F -419.117907724 0
6 G -426.871396932 0
6 H -426.321269706 0
6 I -439.398951643 1
6 K -423.941230587 0
6 L -435.668290353 0
6 M -436.216872722 0
6 N -429.354878777 0
6 P -393.528889909 0
6 Q -433.356952748 0
6 R -424.048859789 0
6 S -430.803520767 0
6 T -433.48026321 0
6 V -437.243278847 0
6 W -419.156709874 0
6 Y -417.227799186 0
7 A -434.473449822 0
7 C -434.316037988 0
7 D -432.156604401 0
7 E -435.987120336 0
7 F -439.833448321 0
7 G -431.686263444 0
7 H -439.16803277 0
7 I -438.350464596 0
7 K -436.227549553 0
7 L -438.113536551 0
7 M -435.382300219 0
7 N -436.516585669 0
7 P -414.564601073 0
7 Q -435.829330387 0
7 R -438.345261169 0
7 S -434.132224413 0
7 T -436.381782847 0
7 V -437.924868481 0
7 W -439.711252881 0
7 Y -439.384462232 1
8 A -437.310551851 0
8 C -435.736114611 0
8 D -431.07795338 0
8 E -427.070891457 0
8 F -420.681165515 0
8 G -430.851101249 0
8 H -423.123200123 0
8 I -425.992076963 0
8 K -419.043357209 0
8 L -431.442360617 0
8 M -424.678148804 0
8 N -434.112478315 0
8 P -395.494574129 0
8 Q -426.121295626 0
8 R -407.288820324 0
8 S -435.688937614 0
8 T -436.458991831 0
8 V -439.412122981 1
8 W -406.938328625 0
8 Y -403.959101898 0
9 A -432.595370294 0
9 C -432.880004419 0
9 D -440.023863071 0
9 E -435.400112643 0
9 F -434.059441278 0
9 G -435.77989705 0
9 H -433.990542571 0
9 I -433.97547257 0
9 K -434.246587229 0
9 L -434.558221739 0
9 M -434.691841738 0
9 N -439.382270398 1
9 P -413.773816856 0
9 Q -432.843536865 0
9 R -433.642399928 0
9 S -437.251547009 0
9 T -437.791244979 0
9 V -434.245948824 0
9 W -432.864092549 0
9 Y -434.357525397 0
10 A -428.598004871 0
10 C -426.696961214 0
10 D -439.390627081 1
10 E -432.581628762 0
10 F -428.141923332 0
10 G -427.572586106 0
10 H -431.638895948 0
10 I -427.309879433 0
10 K -428.771849036 0
10 L -428.625501845 0
10 M -427.994968026 0
10 N -431.164318321 0
10 P -420.158107745 0
10 Q -430.225847089 0
10 R -427.69961836 0
10 S -429.471385826 0
10 T -428.923443089 0
10 V -427.044114069 0
10 W -429.939244792 0
10 Y -428.280527692 0
11 A -439.403655382 1
11 C -437.514682942 0
11 D -440.890758209 0
11 E -440.629961737 0
11 F -439.983225661 0
11 G -438.0722203 0
11 H -441.339462992 0
11 I -434.750425804 0
11 K -440.825339721 0
11 L -441.544089501 0
11 M -439.7760985 0
11 N -441.058956024 0
11 P -411.410821776 0
11 Q -439.9092245 0
11 R -440.910052133 0
11 S -439.474840921 0
11 T -439.291813748 0
11 V -438.109706208 0
11 W -439.15915355 0
11 Y -440.128574559 0
12 A -435.919362245 0
12 C -435.634281852 0
12 D -435.94171183 0
12 E -436.098816685 0
12 F -436.061278818 0
12 G -434.028098568 0
12 H -436.136967287 0
12 I -423.057927203 0
12 K -436.882432689 0
12 L -437.689534749 0
12 M -436.280938409 0
12 N -439.495312975 1
12 P -387.791034554 0
12 Q -437.402400112 0
12 R -438.468131421 0
12 S -434.702948715 0
12 T -432.718387205 0
12 V -427.441129675 0
12 W -433.511807094 0
12 Y -431.191944767 0
13 A -436.765480714 0
13 C -436.645235163 0
13 D -435.690684687 0
13 E -439.414939457 0
13 F -437.273877837 0
13 G -433.739032323 0
13 H -437.375052626 0
13 I -437.150841395 0
13 K -438.416100154 0
13 L -439.363893506 1
13 M -437.063278624 0
13 N -436.135039773 0
13 P -411.20752509 0
13 Q -439.265999384 0
13 R -440.91224067 0
13 S -435.886210403 0
13 T -437.616294067 0
13 V -436.469004254 0
13 W -438.292569861 0
13 Y -437.566630516 0
14 A -430.100938555 0
14 C -431.006898517 0
14 D -429.787290692 0
14 E -430.354709766 0
14 F -439.39441681 1
14 G -427.603452817 0
14 H -433.666898748 0
14 I -428.222621643 0
14 K -426.580554071 0
14 L -433.25315649 0
14 M -434.774910304 0
14 N -431.411476476 0
14 P -430.507872778 0
14 Q -431.613579324 0
14 R -430.021971517 0
14 S -429.706150619 0
14 T -433.033251796 0
14 V -431.221420953 0
14 W -436.73439848 0
14 Y -433.404549327 0
15 A -434.119426077 0
15 C -434.295363781 0
15 D -439.384629264 1
15 E -436.12442411 0
15 F -434.898777681 0
15 G -433.788116783 0
15 H -435.103697587 0
15 I -433.874312489 0
15 K -434.431488423 0
15 L -435.412925898 0
15 M -436.235854654 0
15 N -439.244559693 0
15 P -408.511338088 0
15 Q -434.423001808 0
15 R -435.478607212 0
15 S -435.620763149 0
15 T -436.900056469 0
15 V -435.124087436 0
15 W -436.190997269 0
15 Y -434.626103 0
16 A -435.759826454 0
16 C -434.65404091 0
16 D -435.368328668 0
16 E -434.335532404 0
16 F -434.358140539 0
16 G -432.922762756 0
16 H -434.640515617 0
16 I -437.417938757 0
16 K -437.380520393 0
16 L -439.367659087 1
16 M -437.871728447 0
16 N -435.61087373 0
16 P -390.487991453 0
16 Q -434.582965636 0
16 R -438.348488377 0
16 S -437.61970163 0
16 T -440.090738237 0
16 V -436.446056335 0
16 W -435.345617173 0
16 Y -434.677697082 0
17 A -435.927070542 0
17 C -434.252741234 0
17 D -436.469221243 0
17 E -437.558449943 0
17 F -437.332639572 0
17 G -435.257437083 0
17 H -439.385819487 1
17 I -433.557954949 0
17 K -437.827229856 0
17 L -437.739019098 0
17 M -435.841006839 0
17 N -437.748174263 0
17 P -425.50389456 0
17 Q -436.529207831 0
17 R -439.126125999 0
17 S -437.686142994 0
17 T -438.244879512 0
17 V -433.752397853 0
17 W -433.829382532 0
17 Y -437.999377107 0
18 A -438.839053091 0
18 C -439.015548993 0
18 D -437.65156452 0
18 E -440.975908194 0
18 F -438.58555297 0
18 G -435.950904194 0
18 H -438.783385057 0
18 I -440.407510331 0
18 K -439.829137728 0
18 L -443.015435841 0
18 M -441.030413799 0
18 N -438.914315362 0
18 P -400.410370471 0
18 Q -439.445490136 0
18 R -440.214510112 0
18 S -439.915124318 0
18 T -438.365448434 0
18 V -439.992976404 0
18 W -439.995094211 1
18 Y -437.264317675 0
19 A -429.291206596 0
19 C -429.904659978 0
19 D -428.447551462 0
19 E -432.946683643 0
19 F -431.021791932 0
19 G -423.221352803 0
19 H -429.34515304 0
19 I -439.412092398 1
19 K -424.647161276 0
19 L -435.42663591 0
19 M -436.200106103 0
19 N -429.36581275 0
19 P -375.183173412 0
19 Q -432.941856669 0
19 R -425.810615958 0
19 S -429.577521682 0
19 T -432.042979803 0
19 V -436.334676306 0
19 W -426.01041395 0
19 Y -426.95847205 0
20 A -433.909267342 0
20 C -432.597764602 0
20 D -434.538173608 0
20 E -437.194048416 0
20 F -438.858691339 0
20 G -431.548078707 0
20 H -436.005035376 0
20 I -440.03835904 1
20 K -434.009832918 0
20 L -438.439896615 0
20 M -436.07556387 0
20 N -434.092655806 0
20 P -424.114392601 0
20 Q -433.959618728 0
20 R -437.064732702 0
20 S -433.145961041 0
20 T -435.605542195 0
20 V -437.854117382 0
20 W -437.796961904 0
20 Y -439.163698169 0
21 A -428.228037942 0
21 C -432.331073188 0
21 D -428.186077521 0
21 E -431.672139625 0
21 F -425.471330072 0
21 G -421.280263074 0
21 H -428.330262289 0
21 I -436.645399964 0
21 K -422.082657819 0
21 L -435.801421918 0
21 M -432.172311928 0
21 N -431.504625726 0
21 P -394.109092455 0
21 Q -428.655861178 0
21 R -423.415954081 0
21 S -428.323418468 0
21 T -433.822301418 0
21 V -439.382816335 1
21 W -421.945159843 0
21 Y -424.384195469 0
22 A -432.128380067 0
22 C -430.932974404 0
22 D -440.016678484 1
22 E -435.655921881 0
22 F -431.248282304 0
22 G -429.609317268 0
22 H -432.62067939 0
22 I -433.630684535 0
22 K -431.112272743 0
22 L -433.764097624 0
22 M -433.161476094 0
22 N -433.970549069 0
22 P -431.656646474 0
22 Q -433.229723416 0
22 R -431.292779032 0
22 S -431.977025714 0
22 T -432.034892266 0
22 V -433.192421254 0
22 W -432.087371044 0
22 Y -431.292521674 0
23 A -437.364118302 0
23 C -438.144781675 0
23 D -435.079480695 0
23 E -439.019230383 0
23 F -436.595207041 0
23 G -437.239578019 0
23 H -437.544634544 0
23 I -437.24669537 0
23 K -437.256263818 0
23 L -441.354282402 0
23 M -438.229044761 0
23 N -437.499896125 0
23 P -394.112163202 0
23 Q -439.466701437 0
23 R -439.41718867 1
23 S -437.257389344 0
23 T -437.834061709 0
23 V -438.848939745 0
23 W -437.359776552 0
23 Y -438.620947384 0
24 A -434.640066597 0
24 C -433.490854567 0
24 D -434.418821636 0
24 E -435.096490515 0
24 F -433.783771585 0
24 G -433.98602744 0
24 H -435.715615896 0
24 I -433.564847281 0
24 K -436.54039445 0
24 L -434.911860986 0
24 M -434.404423983 0
24 N -435.8470539 0
24 P -416.755727598 0
24 Q -435.164815394 0
24 R -439.983294899 1
24 S -436.344362244 0
24 T -433.976916062 0
24 V -433.197323652 0
24 W -434.945845609 0
24 Y -433.740578265 0
25 A -439.994570654 1
25 C -439.994570654 1
25 D -439.994570654 1
25 E -439.994570654 1
25 F -439.994570654 1
25 G -439.994570654 1
25 H -439.994570654 1
25 I -439.994570654 1
25 K -439.994570654 1
25 L -439.994570654 1
25 M -439.994570654 1
25 N -439.994570654 1
25 P -439.994570654 1
25 Q -439.994570654 1
25 R -439.994570654 1
25 S -439.994570654 1
25 T -439.994570654 1
25 V -439.994570654 1
25 W -439.994570654 1
25 Y -439.994570654 1
26 A -437.013507497 0
26 C -434.408863305 0
26 D -438.646263365 0
26 E -439.239795321 0
26 F -436.274978368 0
26 G -435.682561251 0
26 H -437.792745377 0
26 I -437.731857467 0
26 K -438.547297632 0
26 L -439.403224773 1
26 M -437.23491775 0
26 N -437.221784779 0
26 P -434.487613424 0
26 Q -437.092584114 0
26 R -438.327559475 0
26 S -437.930769949 0
26 T -437.849902852 0
26 V -437.553025008 0
26 W -436.63186506 0
26 Y -436.094857631 0
27 A -436.603062109 0
27 C -435.095269978 0
27 D -432.920730095 0
27 E -435.706850181 0
27 F -436.630225405 0
27 G -432.421636671 0
27 H -434.843289524 0
27 I -435.2463138 0
27 K -436.652770522 0
27 L -439.403901827 1
27 M -439.832963148 0
27 N -435.067369081 0
27 P -406.06661598 0
27 Q -436.644156561 0
27 R -437.506375209 0
27 S -435.932990692 0
27 T -437.400376607 0
27 V -437.721079755 0
27 W -438.232175285 0
27 Y -436.236058354 0
28 A -427.872549652 0
28 C -428.368620362 0
28 D -427.602727571 0
28 E -426.175346236 0
28 F -439.391896489 1
28 G -422.4698106 0
28 H -434.240430251 0
28 I -432.627435708 0
28 K -424.734205089 0
28 L -431.743245714 0
28 M -432.862797976 0
28 N -428.628524519 0
28 P -389.193363425 0
28 Q -425.559361954 0
28 R -425.739842238 0
28 S -428.212242182 0
28 T -429.555892271 0
28 V -433.649214775 0
28 W -432.979615168 0
28 Y -436.261106803 0
29 A -433.58327539 0
29 C -433.961465224 0
29 D -431.450111495 0
29 E -436.66739315 0
29 F -433.296876893 0
29 G -429.418583631 0
29 H -432.765334157 0
29 I -436.42624237 0
29 K -434.743574225 0
29 L -439.401534126 1
29 M -436.831697385 0
29 N -433.179182853 0
29 P -395.718503005 0
29 Q -434.862862224 0
29 R -435.057218239 0
29 S -433.415564214 0
29 T -434.292855245 0
29 V -436.006568356 0
29 W -428.620561291 0
29 Y -428.890856526 0
30 A -431.279659181 0
30 C -432.565264887 0
30 D -430.710366921 0
30 E -428.753384665 0
30 F -428.93711622 0
30 G -423.972222994 0
30 H -432.819721394 0
30 I -437.592032653 0
30 K -410.407807716 0
30 L -433.034468771 0
30 M -427.560032711 0
30 N -432.845870311 0
30 P -404.009106478 0
30 Q -425.367774689 0
30 R -420.127875222 0
30 S -431.115353423 0
30 T -434.255116266 0
30 V -439.427432626 1
30 W -416.843406572 0
30 Y -425.405896903 0
31 A -432.840361401 0
31 C -432.669363629 0
31 D -430.624306982 0
31 E -434.019982268 0
31 F -434.11857198 0
31 G -426.206447225 0
31 H -433.837755519 0
31 I -439.417422453 1
31 K -431.568844154 0
31 L -435.28237027 0
31 M -434.920271427 0
31 N -434.376222445 0
31 P -400.644870962 0
31 Q -433.56774429 0
31 R -436.949087447 0
31 S -432.020480879 0
31 T -433.837077446 0
31 V -438.089965138 0
31 W -434.603199674 0
31 Y -433.819037442 0
32 A -429.64637302 0
32 C -430.268196422 0
32 D -427.811634275 0
32 E -428.472592622 0
32 F -420.484870543 0
32 G -425.296616722 0
32 H -431.295906862 0
32 I -434.418163543 0
32 K -421.962977226 0
32 L -439.37054071 1
32 M -434.224252315 0
32 N -430.24239548 0
32 P -400.69574759 0
32 Q -431.46416496 0
32 R -424.766956066 0
32 S -430.313146088 0
32 T -432.465745736 0
32 V -434.936592035 0
32 W -409.883419623 0
32 Y -417.043174505 0
33 A -434.244352774 0
33 C -434.039451253 0
33 D -428.437918023 0
33 E -435.867854079 0
33 F -434.299858082 0
33 G -432.855298198 0
33 H -434.088313057 0
33 I -436.754423594 0
33 K -436.540314438 0
33 L -439.399658413 1
33 M -435.925032307 0
33 N -433.917200666 0
33 P -400.70723268 0
33 Q -437.311017353 0
33 R -437.529955588 0
33 S -433.335349898 0
33 T -435.222090311 0
33 V -435.965120798 0
33 W -429.752855955 0
33 Y -433.51181193 0
34 A -434.219942045 0
34 C -435.364476487 0
34 D -436.7429857 0
34 E -426.783387939 0
34 F -434.391539804 0
34 G -426.078893743 0
34 H -439.400726115 1
34 I -436.099794019 0
34 K -426.531053913 0
34 L -434.036342646 0
34 M -428.063292278 0
34 N -439.574374617 0
34 P -387.020490727 0
34 Q -428.933859124 0
34 R -420.551154117 0
34 S -430.858936582 0
34 T -435.461837487 0
34 V -440.999817172 0
34 W -416.141209734 0
34 Y -433.185605154 0
35 A -437.615541348 0
35 C -436.364616483 0
35 D -440.408049962 0
35 E -439.362021421 0
35 F -432.683762255 0
35 G -437.374170515 0
35 H -439.763926421 0
35 I -437.252176339 0
35 K -439.086427608 0
35 L -439.627317773 0
35 M -438.463194537 0
35 N -440.04583794 0
35 P -440.521382324 0
35 Q -439.527989064 0
35 R -438.29463188 0
35 S -439.404709635 1
35 T -438.372193534 0
35 V -436.510471053 0
35 W -436.816408264 0
35 Y -432.82633346 0
36 A -421.093431157 0
36 C -413.390735215 0
36 D -415.56145238 0
36 E -410.432539149 0
36 F -415.640594171 0
36 G -439.401378204 1
36 H -411.151708057 0
36 I -405.652906459 0
36 K -402.159193528 0
36 L -414.909959867 0
36 M -415.312571845 0
36 N -416.274361919 0
36 P -395.062214244 0
36 Q -411.363096503 0
36 R -408.715719199 0
36 S -414.879844732 0
36 T -414.787289283 0
36 V -404.720728683 0
36 W -378.0417788 0
36 Y -416.876622162 0
37 A -436.643013317 0
37 C -436.373619447 0
37 D -438.517535726 0
37 E -439.097977021 0
37 F -440.373696641 0
37 G -436.589642417 0
37 H -439.291058047 0
37 I -438.208146076 0
37 K -439.658366475 0
37 L -439.39884275 1
37 M -437.273461271 0
37 N -438.727251011 0
37 P -424.952868391 0
37 Q -438.371201952 0
37 R -439.290300898 0
37 S -438.409766076 0
37 T -439.288863547 0
37 V -438.473151763 0
37 W -440.637021392 0
37 Y -439.934824217 0
38 A -438.614613741 0
38 C -437.589318882 0
38 D -437.238723929 0
38 E -439.001394253 0
38 F -439.395155483 1
38 G -436.85170335 0
38 H -439.893181941 0
38 I -438.286842903 0
38 K -439.013673778 0
38 L -438.962653687 0
38 M -438.65875237 0
38 N -438.561033087 0
38 P -415.472817801 0
38 Q -438.29529562 0
38 R -438.161129085 0
38 S -437.782716567 0
38 T -437.245413026 0
38 V -437.457537855 0
38 W -439.85164341 0
38 Y -438.866283086 0
39 A -436.866004687 0
39 C -435.044136837 0
39 D -437.17806409 0
39 E -437.046139637 0
39 F -434.469788604 0
39 G -436.570728443 0
39 H -436.643900929 0
39 I -432.405537947 0
39 K -436.728431548 0
39 L -437.259559295 0
39 M -435.806874353 0
39 N -436.462894576 0
39 P -440.421262758 0
39 Q -435.651053337 0
39 R -438.233477682 0
39 S -439.383768457 1
39 T -438.402115679 0
39 V -435.212264752 0
39 W -434.657344899 0
39 Y -434.483010089 0
40 A -438.501365003 0
40 C -436.037787472 0
40 D -435.498055624 0
40 E -438.597096077 0
40 F -435.499276981 0
40 G -435.97997513 0
40 H -437.883249418 0
40 I -440.227685826 0
40 K -439.33460461 0
40 L -440.13673395 0
40 M -439.536569931 1
40 N -437.042121302 0
40 P -437.251288468 0
40 Q -437.99886272 0
40 R -440.863581595 0
40 S -437.936531089 0
40 T -440.145839513 0
40 V -439.66678914 0
40 W -433.198699319 0
40 Y -436.589205824 0
41 A -436.313506352 0
41 C -434.007739786 0
41 D -437.71136845 0
41 E -439.531156619 1
41 F -435.533310985 0
41 G -435.02398555 0
41 H -438.068781592 0
41 I -433.445469632 0
41 K -436.973609214 0
41 L -433.513307298 0
41 M -434.853021368 0
41 N -436.407915125 0
41 P -423.78354712 0
41 Q -436.607271326 0
41 R -436.444856829 0
41 S -437.509994727 0
41 T -433.324109547 0
41 V -433.467487152 0
41 W -435.871276548 0
41 Y -435.593851197 0
42 A -436.502490401 0
42 C -435.222281119 0
42 D -436.374280511 0
42 E -436.879996588 0
42 F -437.48138623 0
42 G -433.336858849 0
42 H -437.225270103 0
42 I -439.521280789 1
42 K -438.429717634 0
42 L -438.098066043 0
42 M -435.923601899 0
42 N -437.183801915 0
42 P -393.466210753 0
42 Q -436.525641314 0
42 R -437.926833284 0
42 S -435.621701404 0
42 T -437.969593542 0
42 V -439.543947265 0
42 W -434.45730151 0
42 Y -437.471960583 0
43 A -437.807946036 0
43 C -433.753711513 0
43 D -432.21235762 0
43 E -428.570127385 0
43 F -437.212228532 0
43 G -431.657543265 0
43 H -438.694788785 0
43 I -430.807148378 0
43 K -435.411180791 0
43 L -435.350180955 0
43 M -434.164491355 0
43 N -434.041189833 0
43 P -358.713135154 0
43 Q -434.887103018 0
43 R -439.54392905 1
43 S -434.604307742 0
43 T -434.956341212 0
43 V -432.586476033 0
43 W -430.456716717 0
43 Y -436.480222483 0
44 A -433.246525726 0
44 C -416.005287426 0
44 D -410.413680859 0
44 E -411.886521637 0
44 F -383.560623529 0
44 G -439.541594174 1
44 H -381.277224465 0
44 I -402.196018523 0
44 K -397.609765916 0
44 L -401.527194462 0
44 M -410.715697767 0
44 N -412.832759971 0
44 P -421.804578896 0
44 Q -408.885237214 0
44 R -409.869883048 0
44 S -425.395029492 0
44 T -412.593941329 0
44 V -407.414470598 0
44 W -377.325638871 0
44 Y -372.00976808 0
45 A -429.407563544 0
45 C -436.00500033 0
45 D -425.252031868 0
45 E -426.148055887 0
45 F -439.549049249 1
45 G -427.262080085 0
45 H -437.539252325 0
45 I -432.734249632 0
45 K -426.443245713 0
45 L -432.028178048 0
45 M -436.519730338 0
45 N -436.877032022 0
45 P -385.266369606 0
45 Q -429.744391429 0
45 R -428.452466984 0
45 S -427.514388649 0
45 T -433.796036097 0
45 V -433.054897888 0
45 W -409.16570108 0
45 Y -438.674777949 0
46 A -433.120819065 0
46 C -433.590203046 0
46 D -434.345595922 0
46 E -429.492367942 0
46 F -409.634374 0
46 G -429.927466904 0
46 H -424.66148698 0
46 I -427.797948678 0
46 K -424.038815702 0
46 L -434.567386139 0
46 M -431.047392042 0
46 N -439.558726923 1
46 P -408.927957378 0
46 Q -432.548441381 0
46 R -427.65576802 0
46 S -434.331541296 0
46 T -433.415220481 0
46 V -433.616928797 0
46 W -405.250187006 0
46 Y -411.392157072 0
47 A -426.971106309 0
47 C -427.050968668 0
47 D -428.902271225 0
47 E -427.607910054 0
47 F -437.141361137 0
47 G -420.942966444 0
47 H -431.818018109 0
47 I -430.311620294 0
47 K -425.902697872 0
47 L -427.901316781 0
47 M -428.417680938 0
47 N -429.542850468 0
47 P -391.871330142 0
47 Q -421.878820313 0
47 R -430.768996392 0
47 S -428.301008042 0
47 T -428.242383876 0
47 V -431.576315412 0
47 W -439.485231338 1
47 Y -436.074632874 0
48 A -430.233283876 0
48 C -431.789969517 0
48 D -426.736777264 0
48 E -423.719165095 0
48 F -423.953043204 0
48 G -423.672675575 0
48 H -424.420490271 0
48 I -432.7188212 0
48 K -420.276536932 0
48 L -431.227996649 0
48 M -424.736494722 0
48 N -430.257637133 0
48 P -373.78445271 0
48 Q -421.291887825 0
48 R -424.44468583 0
48 S -429.429762822 0
48 T -434.176476683 0
48 V -439.41109991 1
48 W -404.854149955 0
48 Y -421.35143603 0
49 A -428.876063082 0
49 C -429.368098288 0
49 D -425.245916123 0
49 E -428.877170527 0
49 F -433.225512272 0
49 G -423.828810009 0
49 H -430.05757266 0
49 I -430.732048173 0
49 K -419.741967849 0
49 L -438.21837345 1
49 M -433.912527317 0
49 N -429.372462819 0
49 P -388.341021689 0
49 Q -430.837980613 0
49 R -421.895365097 0
49 S -428.488431075 0
49 T -428.939107445 0
49 V -431.813096689 0
49 W -399.230002503 0
49 Y -429.449548967 0
50 A -439.111050989 0
50 C -435.554959378 0
50 D -428.101319249 0
50 E -410.160576512 0
50 F -391.100222964 0
50 G -437.895199314 0
50 H -402.152067159 0
50 I -406.68081891 0
50 K -398.858281251 0
50 L -419.22521857 0
50 M -415.427318539 0
50 N -423.386969109 0
50 P -397.261059335 0
50 Q -412.822003939 0
50 R -395.075334341 0
50 S -439.405604651 1
50 T -433.497310945 0
50 V -424.77930159 0
50 W -384.534114611 0
50 Y -381.156409103 0
51 A -437.339427037 0
51 C -437.034692295 0
51 D -437.48239201 0
51 E -439.399329528 1
51 F -437.714549384 0
51 G -436.337625455 0
51 H -437.809538223 0
51 I -434.843939795 0
51 K -438.703783242 0
51 L -439.28878466 0
51 M -439.042800904 0
51 N -436.033477962 0
51 P -437.285989248 0
51 Q -437.112661794 0
51 R -439.830392606 0
51 S -438.547426343 0
51 T -439.237168601 0
51 V -435.045359566 0
51 W -441.601736283 0
51 Y -436.715297182 0
52 A -439.411050867 1
52 C -433.877467349 0
52 D -427.901648907 0
52 E -433.290335045 0
52 F -427.434455507 0
52 G -434.641206312 0
52 H -437.078078484 0
52 I -431.752002824 0
52 K -436.200744252 0
52 L -432.986169173 0
52 M -436.225614003 0
52 N -432.946738043 0
52 P -383.671717122 0
52 Q -434.609863993 0
52 R -437.576838231 0
52 S -437.445962484 0
52 T -435.225660243 0
52 V -436.639786924 0
52 W -436.522514039 0
52 Y -435.322203875 0
53 A -438.429607907 0
53 C -435.100729593 0
53 D -438.762264964 0
53 E -439.390560818 1
53 F -437.27628121 0
53 G -436.113772353 0
53 H -437.943446854 0
53 I -437.925343518 0
53 K -438.767757366 0
53 L -438.559747392 0
53 M -437.294462398 0
53 N -437.764021186 0
53 P -429.797180221 0
53 Q -437.162021988 0
53 R -440.416272097 0
53 S -438.090242453 0
53 T -437.990218121 0
53 V -438.007180259 0
53 W -436.37308017 0
53 Y -437.219283836 0
54 A -439.197574948 0
54 C -433.868212485 0
54 D -438.808437543 0
54 E -437.023510613 0
54 F -439.418695632 1
54 G -436.280232703 0
54 H -439.156930391 0
54 I -434.032679075 0
54 K -438.69884399 0
54 L -439.589559032 0
54 M -437.354422888 0
54 N -440.165359047 0
54 P -414.646132021 0
54 Q -437.950018823 0
54 R -437.911002592 0
54 S -438.366298681 0
54 T -437.795863062 0
54 V -436.559666246 0
54 W -440.374394615 0
54 Y -439.282770806 0
55 A -437.170441593 0
55 C -435.125429582 0
55 D -432.136889934 0
55 E -433.070533632 0
55 F -434.606176013 0
55 G -431.641434193 0
55 H -433.198724209 0
55 I -434.875042134 0
55 K -434.115955812 0
55 L -436.084648265 0
55 M -436.900943966 0
55 N -432.251844937 0
55 P -385.373833823 0
55 Q -434.366023017 0
55 R -437.190566029 0
55 S -435.431471053 0
55 T -436.947192227 0
55 V -439.410951298 1
55 W -434.925108672 0
55 Y -433.295827436 0
56 A -437.087217687 0
56 C -433.543164386 0
56 D -438.168242509 0
56 E -439.593633842 1
56 F -436.353226598 0
56 G -435.652545782 0
56 H -436.680586876 0
56 I -437.81839997 0
56 K -437.8912453 0
56 L -438.152984676 0
56 M -436.525098705 0
56 N -436.88444702 0
56 P -422.849104047 0
56 Q -437.182445845 0
56 R -437.073628088 0
56 S -436.781213866 0
56 T -436.737962706 0
56 V -437.00819406 0
56 W -437.014609478 0
56 Y -434.588894663 0
57 A -438.255686902 0
57 C -434.943203387 0
57 D -439.377290171 0
57 E -440.186022448 0
57 F -437.610876551 0
57 G -435.073997341 0
57 H -438.989295975 0
57 I -439.428906578 1
57 K -438.139632208 0
57 L -440.582505506 0
57 M -438.63085546 0
57 N -437.63784651 0
57 P -419.628602291 0
57 Q -438.610332396 0
57 R -438.766005125 0
57 S -437.331634089 0
57 T -438.140136566 0
57 V -438.82921064 0
57 W -438.683387316 0
57 Y -437.452674029 0
58 A -433.292151074 0
58 C -433.146322374 0
58 D -428.842667943 0
58 E -427.51741249 0
58 F -418.983180647 0
58 G -430.149647584 0
58 H -428.033750779 0
58 I -439.477140516 1
58 K -420.702765879 0
58 L -433.921396498 0
58 M -429.156490258 0
58 N -430.884376538 0
58 P -376.396082708 0
58 Q -427.579943151 0
58 R -412.820684517 0
58 S -431.693594911 0
58 T -434.813171814 0
58 V -438.991770614 0
58 W -407.450570667 0
58 Y -412.405248496 0
59 A -436.324434764 0
59 C -436.443788133 0
59 D -433.065525209 0
59 E -433.873193179 0
59 F -431.415149476 0
59 G -433.614451301 0
59 H -429.33460962 0
59 I -439.500825743 1
59 K -432.769120718 0
59 L -438.368727324 0
59 M -432.519645935 0
59 N -436.426499367 0
59 P -377.397577485 0
59 Q -432.144488299 0
59 R -433.960491336 0
59 S -436.697306047 0
59 T -436.310593463 0
59 V -440.310693789 0
59 W -431.947299845 0
59 Y -432.697458828 0
60 A -437.430036063 0
60 C -434.910428837 0
60 D -438.697855873 0
60 E -440.308404885 0
60 F -437.11671483 0
60 G -436.231622191 0
60 H -439.447584527 0
60 I -439.617882085 0
60 K -438.778683838 0
60 L -439.137058274 0
60 M -437.786030645 0
60 N -437.223739347 0
60 P -374.465414604 0
60 Q -437.631710299 0
60 R -439.664525224 1
60 S -437.301912091 0
60 T -438.83533485 0
60 V -438.82888521 0
60 W -438.647949138 0
60 Y -437.06048202 0
61 A -439.269620253 0
61 C -436.137079151 0
61 D -438.437533714 0
61 E -439.114508806 0
61 F -437.298706006 0
61 G -439.052681042 0
61 H -438.285888659 0
61 I -436.503842973 0
61 K -438.754734579 0
61 L -440.391476443 0
61 M -438.391453309 0
61 N -438.838562373 0
61 P -381.145375494 0
61 Q -438.649458282 0
61 R -439.64379728 1
61 S -438.037200808 0
61 T -435.680929998 0
61 V -437.392603231 0
61 W -440.494891501 0
61 Y -436.868751519 0
62 A -429.42617709 0
62 C -421.289327232 0
62 D -418.804759459 0
62 E -403.453885263 0
62 F -405.537300179 0
62 G -439.621309775 1
62 H -407.244761519 0
62 I -382.529586834 0
62 K -395.237773669 0
62 L -395.989371664 0
62 M -391.975610383 0
62 N -417.291475957 0
62 P -344.933895178 0
62 Q -402.934202124 0
62 R -362.447938007 0
62 S -428.522807144 0
62 T -409.674391173 0
62 V -395.127172997 0
62 W -395.886619042 0
62 Y -396.031183921 0
63 A -436.267193706 0
63 C -434.828545377 0
63 D -435.418825244 0
63 E -437.409174387 0
63 F -437.12028163 0
63 G -434.375580508 0
63 H -437.043877392 0
63 I -437.586593293 0
63 K -436.317116698 0
63 L -435.198772017 0
63 M -436.752708439 0
63 N -436.33871119 0
63 P -379.421110815 0
63 Q -435.881263878 0
63 R -439.665458467 1
63 S -435.325171392 0
63 T -436.110388452 0
63 V -436.763365916 0
63 W -437.624792735 0
63 Y -433.605788333 0
64 A -439.336041074 0
64 C -437.393485093 0
64 D -439.331255536 0
64 E -439.667068602 0
64 F -437.184165463 0
64 G -438.333674892 0
64 H -438.926826544 0
64 I -436.284918529 0
64 K -440.021468677 0
64 L -440.229881547 0
64 M -439.90329533 0
64 N -439.712678749 0
64 P -397.304583368 0
64 Q -438.798351174 0
64 R -439.648711986 1
64 S -439.085955854 0
64 T -438.112699683 0
64 V -436.320083313 0
64 W -439.546461195 0
64 Y -437.138772756 0
65 A -440.983663073 0
65 C -436.664849645 0
65 D -430.377439629 0
65 E -434.281420859 0
65 F -431.993395754 0
65 G -437.05296087 0
65 H -433.597346773 0
65 I -431.110405718 0
65 K -429.344030808 0
65 L -429.626650685 0
65 M -432.48074535 0
65 N -436.441728054 0
65 P -374.004928448 0
65 Q -435.064040077 0
65 R -432.282810057 0
65 S -439.634183813 1
65 T -434.003045051 0
65 V -428.633405555 0
65 W -433.602203446 0
65 Y -431.687739544 0
66 A -422.928565358 0
66 C -421.990369907 0
66 D -431.485643683 0
66 E -426.847748295 0
66 F -422.310897465 0
66 G -439.616001095 1
66 H -423.818306086 0
66 I -419.265515234 0
66 K -424.103476958 0
66 L -424.218360175 0
66 M -423.78100589 0
66 N -426.544129278 0
66 P -360.419690883 0
66 Q -425.021094451 0
66 R -423.974921798 0
66 S -429.884903072 0
66 T -419.765280734 0
66 V -419.570406869 0
66 W -421.834671954 0
66 Y -421.723517329 0
67 A -434.88799954 0
67 C -432.024766111 0
67 D -434.7405741 0
67 E -435.993522224 0
67 F -437.823501891 0
67 G -432.890078628 0
67 H -435.448409892 0
67 I -437.646365204 0
67 K -434.687355548 0
67 L -439.516032054 1
67 M -434.648731757 0
67 N -434.061599119 0
67 P -433.858534945 0
67 Q -436.221021139 0
67 R -435.52124692 0
67 S -435.419398557 0
67 T -435.294917102 0
67 V -435.088992483 0
67 W -434.710076293 0
67 Y -436.491837671 0
68 A -439.321169926 0
68 C -437.92802104 0
68 D -441.007959296 0
68 E -442.67487352 0
68 F -437.33655155 0
68 G -439.068708971 0
68 H -441.256548219 0
68 I -439.04030917 0
68 K -440.435402005 0
68 L -440.154642731 0
68 M -439.410965926 0
68 N -440.009301257 0
68 P -435.618309535 0
68 Q -440.981031254 0
68 R -439.635648591 1
68 S -441.565627875 0
68 T -440.182593959 0
68 V -438.689196274 0
68 W -438.424555433 0
68 Y -436.015094831 0
69 A -438.113001819 0
69 C -437.366075101 0
69 D -437.404482951 0
69 E -437.822336275 0
69 F -438.696496985 0
69 G -436.571595484 0
69 H -440.814208976 0
69 I -434.43129349 0
69 K -438.546996729 0
69 L -439.895880589 0
69 M -438.144532057 0
69 N -441.530530673 0
69 P -396.577030262 0
69 Q -437.914027441 0
69 R -439.665366613 1
69 S -437.615225142 0
69 T -435.31952985 0
69 V -429.995563638 0
69 W -436.534284003 0
69 Y -438.784133159 0
70 A -435.699139132 0
70 C -434.502673167 0
70 D -438.774952331 0
70 E -437.829967497 0
70 F -436.140224846 0
70 G -435.908220119 0
70 H -439.652178901 1
70 I -421.153849118 0
70 K -435.92898067 0
70 L -436.916934175 0
70 M -435.340317764 0
70 N -438.484512766 0
70 P -386.126762607 0
70 Q -438.101554311 0
70 R -434.701926928 0
70 S -434.646942622 0
70 T -429.646806805 0
70 V -420.59565357 0
70 W -435.880699073 0
70 Y -435.830569468 0
71 A -431.1616987 0
71 C -430.734220535 0
71 D -432.467707516 0
71 E -429.379071209 0
71 F -439.641709473 1
71 G -427.92545889 0
71 H -436.616675274 0
71 I -396.625334416 0
71 K -428.773432411 0
71 L -429.890921555 0
71 M -432.858109083 0
71 N -434.689565343 0
71 P -379.156163717 0
71 Q -427.277509783 0
71 R -432.522398925 0
71 S -429.861561522 0
71 T -426.672804673 0
71 V -421.505985324 0
71 W -438.468345443 0
71 Y -438.988107881 0
72 A -434.405976548 0
72 C -434.808812233 0
72 D -429.763772311 0
72 E -433.991718753 0
72 F -433.458875873 0
72 G -431.032667306 0
72 H -434.235744455 0
72 I -437.541870278 0
72 K -436.451070298 0
72 L -439.666193187 1
72 M -438.429209755 0
72 N -434.682020509 0
72 P -375.8334504 0
72 Q -436.771377575 0
72 R -435.834763426 0
72 S -434.365085907 0
72 T -435.006740614 0
72 V -436.532463464 0
72 W -424.882227608 0
72 Y -433.394397951 0
73 A -438.344941225 0
73 C -437.271391804 0
73 D -436.573122529 0
73 E -438.025192251 0
73 F -439.042315094 0
73 G -434.528137186 0
73 H -441.476842627 0
73 I -433.318708211 0
73 K -439.01387154 0
73 L -439.83699313 0
73 M -439.644159804 0
73 N -437.287754693 0
73 P -436.515037396 0
73 Q -437.204662825 0
73 R -439.663909165 1
73 S -437.726615531 0
73 T -436.742620285 0
73 V -437.186435341 0
73 W -439.646637848 0
73 Y -439.195644547 0
74 A -435.6690512 0
74 C -433.620912973 0
74 D -437.633871019 0
74 E -437.618135121 0
74 F -433.817806371 0
74 G -434.017919384 0
74 H -435.856293046 0
74 I -435.925052333 0
74 K -438.862012776 0
74 L -436.759832294 0
74 M -434.850229234 0
74 N -435.047037215 0
74 P -439.525978558 1
74 Q -435.611372491 0
74 R -436.312062067 0
74 S -436.612662765 0
74 T -435.790350431 0
74 V -435.366367601 0
74 W -434.253612273 0
74 Y -434.482160738 0
75 A -436.00340917 0
75 C -434.26315905 0
75 D -439.510109945 1
75 E -437.935942191 0
75 F -436.12253658 0
75 G -435.777536071 0
75 H -438.255606663 0
75 I -419.883100832 0
75 K -438.36231749 0
75 L -436.439191327 0
75 M -435.778259463 0
75 N -439.626016153 0
75 P -404.261810119 0
75 Q -436.247306833 0
75 R -437.588275305 0
75 S -437.227242449 0
75 T -432.180605175 0
75 V -423.66258992 0
75 W -434.930227179 0
75 Y -435.848327451 0
76 A -433.411228027 0
76 C -434.562274306 0
76 D -439.510738969 1
76 E -436.280931576 0
76 F -432.790820772 0
76 G -431.076975605 0
76 H -435.381319888 0
76 I -425.368230039 0
76 K -428.330469405 0
76 L -438.113859654 0
76 M -433.436903507 0
76 N -438.676265893 0
76 P -425.038619368 0
76 Q -432.426641782 0
76 R -419.563892838 0
76 S -433.79674599 0
76 T -434.36632598 0
76 V -427.493435491 0
76 W -431.861194679 0
76 Y -423.5060416 0
77 A -436.733576977 0
77 C -435.194080978 0
77 D -438.238498509 0
77 E -439.19404243 0
77 F -436.247097773 0
77 G -436.323811392 0
77 H -439.516780689 1
77 I -436.593917427 0
77 K -438.608038309 0
77 L -437.365328603 0
77 M -436.588074616 0
77 N -437.464341039 0
77 P -437.702556228 0
77 Q -437.290920255 0
77 R -437.542562502 0
77 S -438.690197129 0
77 T -437.177043005 0
77 V -435.997187052 0
77 W -437.960957006 0
77 Y -436.289823622 0
78 A -435.631752907 0
78 C -433.975251962 0
78 D -434.216332438 0
78 E -434.238159124 0
78 F -437.656235744 0
78 G -432.864742527 0
78 H -436.33791538 0
78 I -426.39314211 0
78 K -433.676263355 0
78 L -439.53893044 1
78 M -437.13331449 0
78 N -436.559071746 0
78 P -406.132369512 0
78 Q -435.259483568 0
78 R -434.981523764 0
78 S -434.507739051 0
78 T -435.645503834 0
78 V -430.663866362 0
78 W -435.168766719 0
78 Y -437.818359154 0
79 A -431.620767607 0
79 C -432.949279293 0
79 D -430.865010796 0
79 E -431.061807365 0
79 F -427.4139815 0
79 G -427.806353289 0
79 H -427.181363756 0
79 I -439.531929942 1
79 K -431.790370973 0
79 L -432.978962384 0
79 M -433.864702052 0
79 N -432.70199627 0
79 P -396.646808584 0
79 Q -432.987343111 0
79 R -431.584153005 0
79 S -431.3869787 0
79 T -434.437636889 0
79 V -438.790449181 0
79 W -423.460654815 0
79 Y -424.454385739 0
80 A -431.741943314 0
80 C -430.463036918 0
80 D -432.056082163 0
80 E -432.146871549 0
80 F -433.508381068 0
80 G -428.597695947 0
80 H -433.066167951 0
80 I -439.41864992 1
80 K -434.241734231 0
80 L -436.796735139 0
80 M -432.665649219 0
80 N -432.18911993 0
80 P -402.069108107 0
80 Q -431.453070771 0
80 R -432.800071018 0
80 S -431.270842116 0
80 T -433.827471039 0
80 V -436.532392063 0
80 W -432.542340467 0
80 Y -431.483256849 0
81 A -439.416302377 1
81 C -433.575504455 0
81 D -426.430584586 0
81 E -426.843174716 0
81 F -416.978247461 0
81 G -432.522587704 0
81 H -416.405750046 0
81 I -427.42156819 0
81 K -413.14499685 0
81 L -422.612322582 0
81 M -427.41457587 0
81 N -428.588468979 0
81 P -378.995366712 0
81 Q -427.419259878 0
81 R -407.871371824 0
81 S -436.255853498 0
81 T -434.024885583 0
81 V -433.243466254 0
81 W -404.640368709 0
81 Y -404.508792268 0
82 A -439.514645723 1
82 C -437.48244918 0
82 D -434.753288012 0
82 E -436.303709935 0
82 F -440.58899254 0
82 G -434.961098497 0
82 H -441.426157431 0
82 I -430.741020085 0
82 K -436.97916454 0
82 L -435.766085123 0
82 M -436.661878592 0
82 N -438.549374472 0
82 P -410.952744963 0
82 Q -437.452332841 0
82 R -438.124961448 0
82 S -438.91720846 0
82 T -437.29584422 0
82 V -434.59748805 0
82 W -439.736854127 0
82 Y -440.037324762 0
83 A -430.562775133 0
83 C -431.778996303 0
83 D -428.696494875 0
83 E -426.395005377 0
83 F -423.5208133 0
83 G -430.266499487 0
83 H -428.719755172 0
83 I -427.967718823 0
83 K -417.987545893 0
83 L -432.980381269 0
83 M -430.267250964 0
83 N -431.999144688 0
83 P -398.047418863 0
83 Q -429.802648252 0
83 R -408.586356112 0
83 S -434.379429994 0
83 T -439.324872485 1
83 V -433.003853393 0
83 W -379.481059647 0
83 Y -412.970726989 0
84 A -436.518493576 0
84 C -435.291878365 0
84 D -435.422742308 0
84 E -436.721145607 0
84 F -435.084906086 0
84 G -436.426225761 0
84 H -437.855841707 0
84 I -432.769463092 0
84 K -438.096246075 0
84 L -437.898822138 0
84 M -436.959507277 0
84 N -436.70205688 0
84 P -425.828157692 0
84 Q -435.914250892 0
84 R -439.53868728 1
84 S -437.952579685 0
84 T -436.436145314 0
84 V -435.166522831 0
84 W -435.127787517 0
84 Y -434.490251799 0
85 A -429.873932328 0
85 C -430.28037629 0
85 D -429.232763501 0
85 E -429.884849204 0
85 F -427.34715458 0
85 G -426.658789992 0
85 H -424.174818361 0
85 I -433.515344682 0
85 K -422.102321264 0
85 L -439.530104688 1
85 M -436.049901227 0
85 N -430.310553063 0
85 P -417.381528071 0
85 Q -429.081547566 0
85 R -422.896593724 0
85 S -429.020032929 0
85 T -429.603995016 0
85 V -432.369691634 0
85 W -411.985904157 0
85 Y -425.403017821 0
86 A -433.213708342 0
86 C -434.316999607 0
86 D -429.705878842 0
86 E -431.276407351 0
86 F -425.885630321 0
86 G -431.350028647 0
86 H -430.125172205 0
86 I -442.477145009 0
86 K -433.671418497 0
86 L -439.420031192 1
86 M -437.213105484 0
86 N -433.2947199 0
86 P -395.553785775 0
86 Q -433.799615357 0
86 R -435.098514995 0
86 S -433.195913144 0
86 T -435.801692456 0
86 V -438.750014669 0
86 W -430.05812553 0
86 Y -428.139624345 0
87 A -428.011627559 0
87 C -427.154517 0
87 D -427.496974725 0
87 E -429.71836649 0
87 F -425.540031761 0
87 G -439.41362264 1
87 H -424.268374887 0
87 I -409.715536982 0
87 K -427.204209856 0
87 L -423.585996947 0
87 M -425.606875315 0
87 N -425.709294932 0
87 P -420.8756547 0
87 Q -429.283545867 0
87 R -424.594954733 0
87 S -425.020905505 0
87 T -425.096179629 0
87 V -403.429124432 0
87 W -423.319291598 0
87 Y -425.534932776 0
88 A -439.399656041 1
88 C -433.608139701 0
88 D -427.756882694 0
88 E -428.885854145 0
88 F -430.800665402 0
88 G -436.024719314 0
88 H -430.871867121 0
88 I -408.610218885 0
88 K -436.912478471 0
88 L -422.594285007 0
88 M -433.207510097 0
88 N -431.520820194 0
88 P -423.929299697 0
88 Q -428.780968588 0
88 R -437.188549229 0
88 S -438.837805823 0
88 T -438.463273652 0
88 V -432.416373256 0
88 W -430.938836455 0
88 Y -431.889608653 0
89 A -432.992189212 0
89 C -430.929023046 0
89 D -435.335828926 0
89 E -434.169123837 0
89 F -436.891888335 0
89 G -439.400870939 1
89 H -436.66231611 0
89 I -420.318303141 0
89 K -435.923806416 0
89 L -434.867535367 0
89 M -434.043333109 0
89 N -436.880296402 0
89 P -383.228563388 0
89 Q -434.703412154 0
89 R -435.996824276 0
89 S -434.4724233 0
89 T -433.36128947 0
89 V -419.970825607 0
89 W -434.537481164 0
89 Y -435.516685999 0
90 A -435.704610753 0
90 C -435.161902376 0
90 D -437.653765728 0
90 E -438.332356563 0
90 F -435.662283892 0
90 G -432.909505595 0
90 H -437.023808925 0
90 I -431.139054429 0
90 K -436.249901694 0
90 L -436.961351514 0
90 M -435.557741603 0
90 N -435.458780223 0
90 P -365.5371734 0
90 Q -439.403649471 1
90 R -437.480009227 0
90 S -435.14573112 0
90 T -432.603048039 0
90 V -435.198087406 0
90 W -435.600778605 0
90 Y -435.340633028 0
91 A -433.364861552 0
91 C -432.759403736 0
91 D -431.355630451 0
91 E -439.396764736 1
91 F -431.997062563 0
91 G -431.029376923 0
91 H -432.452642954 0
91 I -435.672256412 0
91 K -434.958767882 0
91 L -435.222257759 0
91 M -434.11978372 0
91 N -431.753472567 0
91 P -410.820851475 0
91 Q -434.737515254 0
91 R -434.937827483 0
91 S -433.766512192 0
91 T -434.049660888 0
91 V -435.838302989 0
91 W -431.516733243 0
91 Y -432.537026868 0
92 A -427.997281187 0
92 C -425.562490135 0
92 D -439.405380117 1
92 E -432.421740079 0
92 F -431.598214403 0
92 G -430.469841403 0
92 H -427.930951275 0
92 I -427.865778739 0
92 K -427.150655134 0
92 L -427.792779165 0
92 M -429.793187585 0
92 N -426.227613934 0
92 P -390.616051978 0
92 Q -432.175645125 0
92 R -427.514525293 0
92 S -430.883185997 0
92 T -426.101824577 0
92 V -427.300253327 0
92 W -427.197711953 0
92 Y -431.233707068 0
93 A -435.092471422 0
93 C -433.106148168 0
93 D -431.795933774 0
93 E -435.108807897 0
93 F -434.37235789 0
93 G -431.672309026 0
93 H -434.385354623 0
93 I -435.038361734 0
93 K -435.632121976 0
93 L -433.863378371 0
93 M -435.336519718 0
93 N -433.053263116 0
93 P -407.819763185 0
93 Q -437.003015926 0
93 R -439.422962506 1
93 S -435.120020101 0
93 T -435.755441912 0
93 V -435.239288279 0
93 W -435.201215954 0
93 Y -434.166997994 0
94 A -432.938452704 0
94 C -433.031880485 0
94 D -430.023247883 0
94 E -430.810891347 0
94 F -424.872249754 0
94 G -428.388734466 0
94 H -433.981923751 0
94 I -436.713451636 0
94 K -433.110473774 0
94 L -432.632174396 0
94 M -432.849960077 0
94 N -433.053758136 0
94 P -397.95063626 0
94 Q -430.288017924 0
94 R -432.134414518 0
94 S -432.337110264 0
94 T -436.044788974 0
94 V -439.419820956 1
94 W -430.375260663 0
94 Y -431.766050166 0
95 A -434.213538757 0
95 C -433.84153291 0
95 D -431.684006037 0
95 E -436.622419599 0
95 F -435.759487365 0
95 G -430.112967065 0
95 H -433.73915422 0
95 I -438.286954732 0
95 K -436.401811447 0
95 L -439.403088222 1
95 M -437.084301182 0
95 N -434.229839194 0
95 P -423.468502942 0
95 Q -435.493957381 0
95 R -436.358142266 0
95 S -434.449371032 0
95 T -436.177782108 0
95 V -437.913395197 0
95 W -433.0457094 0
95 Y -435.473025003 0
96 A -428.903336779 0
96 C -426.976991484 0
96 D -425.806247497 0
96 E -427.836769433 0
96 F -439.392948211 1
96 G -425.605554988 0
96 H -433.450090676 0
96 I -428.461629916 0
96 K -426.6482102 0
96 L -433.014041257 0
96 M -431.862877969 0
96 N -427.814160197 0
96 P -391.898492105 0
96 Q -431.27527471 0
96 R -429.216759834 0
96 S -428.939404431 0
96 T -429.60628666 0
96 V -431.56341598 0
96 W -439.311494593 0
96 Y -439.241479308 0
97 A -438.016128964 0
97 C -435.659064607 0
97 D -436.953901167 0
97 E -440.006996257 0
97 F -439.398928937 1
97 G -435.933288246 0
97 H -438.010103744 0
97 I -435.767402189 0
97 K -437.98292331 0
97 L -438.645226852 0
97 M -438.181405199 0
97 N -436.691182942 0
97 P -438.248852381 0
97 Q -437.004617603 0
97 R -438.305561939 0
97 S -438.742245017 0
97 T -433.886412051 0
97 V -435.17446739 0
97 W -441.385920388 0
97 Y -439.282969343 0
98 A -437.234177702 0
98 C -438.227596333 0
98 D -433.585077298 0
98 E -431.742887569 0
98 F -425.337193025 0
98 G -434.137729147 0
98 H -428.548674988 0
98 I -437.803059808 0
98 K -432.494371021 0
98 L -436.98489627 0
98 M -432.958630784 0
98 N -438.335777898 0
98 P -386.041698452 0
98 Q -432.353713753 0
98 R -436.064758613 0
98 S -439.177873026 0
98 T -440.859242638 0
98 V -439.985527014 1
98 W -425.914326676 0
98 Y -424.261891216 0
99 A -438.398052166 0
99 C -436.692198173 0
99 D -441.101418335 0
99 E -440.384304726 0
99 F -437.645985274 0
99 G -437.149294983 0
99 H -438.589257902 0
99 I -436.594213051 0
99 K -439.790211392 0
99 L -440.125649239 0
99 M -439.697334588 0
99 N -439.14824351 0
99 P -422.723791658 0
99 Q -438.093688123 0
99 R -439.785188401 0
99 S -440.503773852 0
99 T -439.394197209 1
99 V -436.193754839 0
99 W -439.473530445 0
99 Y -438.134222778 0
100 A -437.770830781 0
100 C -436.782701072 0
100 D -438.915842506 0
100 E -438.456022938 0
100 F -436.985457465 0
100 G -436.369066053 0
100 H -438.412716153 0
100 I -437.258777199 0
100 K -440.782839956 0
100 L -440.737608172 0
100 M -439.185785827 0
100 N -438.448384978 0
100 P -404.42540452 0
100 Q -437.729694421 0
100 R -439.926932452 1
100 S -437.820751337 0
100 T -437.412801377 0
100 V -436.898228119 0
100 W -440.47190291 0
100 Y -437.268316953 0
101 A -429.474912323 0
101 C -430.607453818 0
101 D -429.726635591 0
101 E -430.801374267 0
101 F -433.355636354 0
101 G -425.659290643 0
101 H -431.078949392 0
101 I -435.11696302 0
101 K -425.552593358 0
101 L -440.012060975 1
101 M -432.324187089 0
101 N -430.993131016 0
101 P -388.731721729 0
101 Q -430.220533019 0
101 R -423.879531983 0
101 S -429.200268458 0
101 T -429.847030144 0
101 V -431.826721314 0
101 W -428.380667848 0
101 Y -416.894942147 0
102 A -437.771240393 0
102 C -435.817524975 0
102 D -437.661106909 0
102 E -439.628346109 0
102 F -439.604208088 0
102 G -436.887526549 0
102 H -438.984130065 0
102 I -438.549765726 0
102 K -439.939839387 1
102 L -439.754309701 0
102 M -437.939047745 0
102 N -437.460021401 0
102 P -415.248139756 0
102 Q -438.999388516 0
102 R -440.255240697 0
102 S -438.077207261 0
102 T -438.463030145 0
102 V -438.464118668 0
102 W -438.45663292 0
102 Y -439.422428258 0
103 A -437.141980531 0
103 C -436.212414963 0
103 D -437.975738962 0
103 E -439.701170896 0
103 F -438.428805359 0
103 G -435.644530889 0
103 H -438.995766146 0
103 I -437.695327804 0
103 K -438.183243718 0
103 L -439.967020427 1
103 M -438.933580222 0
103 N -437.643730212 0
103 P -439.054819352 0
103 Q -436.911016691 0
103 R -436.842579454 0
103 S -437.796020399 0
103 T -437.969265016 0
103 V -438.087344687 0
103 W -437.887805527 0
103 Y -438.106681592 0
104 A -431.56083876 0
104 C -430.88113767 0
104 D -434.227677516 0
104 E -433.000141748 0
104 F -434.788478271 0
104 G -439.939483003 1
104 H -435.278127523 0
104 I -418.429358373 0
104 K -434.605667089 0
104 L -433.096472347 0
104 M -431.912014418 0
104 N -435.715295871 0
104 P -366.842947847 0
104 Q -432.353244391 0
104 R -433.585736441 0
104 S -432.895577817 0
104 T -428.170348037 0
104 V -417.483318505 0
104 W -432.875460105 0
104 Y -434.005388091 0
105 A -435.199572115 0
105 C -434.349156023 0
105 D -432.621977496 0
105 E -435.103320308 0
105 F -437.558417749 0
105 G -430.949274941 0
105 H -436.880853849 0
105 I -439.931035676 1
105 K -436.138362259 0
105 L -437.372471685 0
105 M -435.678093639 0
105 N -434.271250795 0
105 P -383.190727705 0
105 Q -435.744829981 0
105 R -437.739598591 0
105 S -434.771868602 0
105 T -437.927332912 0
105 V -440.269632023 0
105 W -436.5381584 0
105 Y -436.744126566 0
106 A -434.505676908 0
106 C -434.552749978 0
106 D -435.473009473 0
106 E -439.956498821 1
106 F -433.776784006 0
106 G -431.546072297 0
106 H -434.592236809 0
106 I -438.269672989 0
106 K -435.622835614 0
106 L -436.381068486 0
106 M -436.396408754 0
106 N -435.260192654 0
106 P -432.833263807 0
106 Q -436.823450603 0
106 R -436.978457371 0
106 S -435.287399411 0
106 T -436.986499999 0
106 V -437.855171402 0
106 W -438.210596064 0
106 Y -434.008259438 0
107 A -427.455465082 0
107 C -428.322599166 0
107 D -427.021890811 0
107 E -426.37961524 0
107 F -437.406522655 0
107 G -424.249980293 0
107 H -434.007264148 0
107 I -431.066545001 0
107 K -428.818585611 0
107 L -432.301717393 0
107 M -429.906520351 0
107 N -429.977274455 0
107 P -403.06282364 0
107 Q -429.073662229 0
107 R -425.802707008 0
107 S -426.282280381 0
107 T -427.964824935 0
107 V -428.693814594 0
107 W -431.411506987 0
107 Y -440.546431912 1
108 A -430.714673055 0
108 C -430.722844069 0
108 D -427.241362909 0
108 E -433.016041974 0
108 F -435.642366045 0
108 G -427.176389453 0
108 H -435.131589213 0
108 I -437.209886243 0
108 K -433.355935502 0
108 L -436.910146909 0
108 M -435.595249247 0
108 N -429.787913885 0
108 P -392.115437347 0
108 Q -434.63514571 0
108 R -438.79215146 0
108 S -430.26950977 0
108 T -431.383833276 0
108 V -434.749488457 0
108 W -438.186607338 1
108 Y -435.466617992 0
109 A -426.185008319 0
109 C -427.852387622 0
109 D -424.185752792 0
109 E -427.348666709 0
109 F -440.018302004 1
109 G -418.375743262 0
109 H -431.67393178 0
109 I -433.107998449 0
109 K -415.819958124 0
109 L -433.640002877 0
109 M -421.274759998 0
109 N -426.128880436 0
109 P -391.054372511 0
109 Q -421.277229413 0
109 R -415.275965308 0
109 S -426.051762574 0
109 T -424.232170894 0
109 V -426.999826406 0
109 W -428.374987217 0
109 Y -436.697539025 0
110 A -427.002619891 0
110 C -427.302626575 0
110 D -423.117111307 0
110 E -421.918580174 0
110 F -438.231214556 1
110 G -424.023822685 0
110 H -432.784158709 0
110 I -426.622256396 0
110 K -422.882553576 0
110 L -428.54829294 0
110 M -431.958039111 0
110 N -427.23699393 0
110 P -374.736819041 0
110 Q -427.528741924 0
110 R -411.180703255 0
110 S -426.939598558 0
110 T -427.572108156 0
110 V -425.078517468 0
110 W -431.899121661 0
110 Y -436.953593781 0
111 A -436.570182298 0
111 C -436.496198022 0
111 D -435.850233911 0
111 E -417.923312664 0
111 F -388.783599354 0
111 G -431.732371458 0
111 H -412.777156955 0
111 I -425.352577737 0
111 K -396.967797288 0
111 L -422.700545277 0
111 M -412.318095032 0
111 N -432.189209311 0
111 P -392.81994555 0
111 Q -417.263824374 0
111 R -395.991084072 0
111 S -435.274525323 0
111 T -435.980763325 0
111 V -439.520987285 1
111 W -378.64219356 0
111 Y -393.19955325 0
112 A -434.204624357 0
112 C -434.142427096 0
112 D -432.065919229 0
112 E -423.620901612 0
112 F -411.053205484 0
112 G -430.982114262 0
112 H -419.863015989 0
112 I -426.790361172 0
112 K -418.095017639 0
112 L -432.114386748 0
112 M -431.050672967 0
112 N -432.648656554 0
112 P -426.613823044 0
112 Q -429.764842122 0
112 R -415.815274664 0
112 S -436.55380535 0
112 T -439.6130133 1
112 V -434.601022133 0
112 W -393.625942255 0
112 Y -405.504189164 0
113 A -432.742088865 0
113 C -430.900699724 0
113 D -429.143816047 0
113 E -429.660338129 0
113 F -439.562657128 1
113 G -428.810714433 0
113 H -436.203008605 0
113 I -424.457141961 0
113 K -430.716048595 0
113 L -431.045318255 0
113 M -433.685474268 0
113 N -430.846164902 0
113 P -408.996633547 0
113 Q -430.93363084 0
113 R -434.752579292 0
113 S -432.017753725 0
113 T -433.802941935 0
113 V -431.047518777 0
113 W -433.360904934 0
113 Y -438.763366106 0
114 A -433.783602417 0
114 C -432.804338207 0
114 D -434.305814006 0
114 E -435.591439665 0
114 F -433.821971729 0
114 G -431.599450836 0
114 H -435.044516285 0
114 I -435.056501535 0
114 K -434.991722587 0
114 L -434.756997665 0
114 M -433.794881036 0
114 N -433.669090521 0
114 P -439.531741886 1
114 Q -432.926670218 0
114 R -435.309405071 0
114 S -434.208503232 0
114 T -434.45569382 0
114 V -434.645912204 0
114 W -433.016319307 0
114 Y -433.796870605 0
115 A -432.417083917 0
115 C -429.082211308 0
115 D -435.081181056 0
115 E -433.543100099 0
115 F -434.13462714 0
115 G -439.502703935 1
115 H -435.171769942 0
115 I -421.743807409 0
115 K -435.137200165 0
115 L -433.628947397 0
115 M -432.146588407 0
115 N -436.309010644 0
115 P -388.312272303 0
115 Q -432.236407795 0
115 R -435.546461458 0
115 S -433.924584297 0
115 T -433.512335869 0
115 V -421.374645315 0
115 W -432.548994512 0
115 Y -433.303494884 0
116 A -436.827606407 0
116 C -435.916246349 0
116 D -434.2038098 0
116 E -429.063512397 0
116 F -439.479690009 1
116 G -432.510646663 0
116 H -437.208240193 0
116 I -434.159715152 0
116 K -431.833182298 0
116 L -435.27508321 0
116 M -436.046614613 0
116 N -436.361112039 0
116 P -366.623914685 0
116 Q -435.041090293 0
116 R -433.747074619 0
116 S -435.029839911 0
116 T -435.690651951 0
116 V -435.010104849 0
116 W -434.152949909 0
116 Y -436.228918246 0
117 A -437.709526738 0
117 C -434.509373834 0
117 D -439.497407081 1
117 E -435.534782225 0
117 F -437.072356493 0
117 G -436.420438414 0
117 H -438.595124762 0
117 I -432.982696631 0
117 K -434.838421076 0
117 L -432.68427594 0
117 M -430.806647309 0
117 N -438.180906626 0
117 P -424.417037527 0
117 Q -433.375534551 0
117 R -430.29842169 0
117 S -437.704024733 0
117 T -431.667331366 0
117 V -430.788461982 0
117 W -438.181859866 0
117 Y -437.81676314 0
118 A -440.671429411 0
118 C -437.418319371 0
118 D -440.031710123 0
118 E -440.996104188 0
118 F -438.49634665 0
118 G -438.030941816 0
118 H -439.820209045 0
118 I -440.583836901 0
118 K -440.678924601 0
118 L -441.325645084 0
118 M -440.096713127 0
118 N -439.934641274 0
118 P -420.171956135 0
118 Q -439.843209656 0
118 R -443.347717782 0
118 S -439.528267584 1
118 T -439.831132064 0
118 V -440.621184072 0
118 W -438.672713274 0
118 Y -438.557434547 0
119 A -434.592983301 0
119 C -437.644126319 0
119 D -440.1320129 0
119 E -439.406919046 0
119 F -439.256200977 0
119 G -436.948431884 0
119 H -440.146053257 0
119 I -440.006070609 0
119 K -440.790841237 0
119 L -441.373218744 0
119 M -440.420969409 0
119 N -439.254973991 0
119 P -402.111497918 0
119 Q -438.903866782 0
119 R -440.781618621 0
119 S -438.989151789 0
119 T -440.653136643 0
119 V -440.07892183 0
119 W -438.23274835 0
119 Y -439.501675976 1
120 A -436.394053574 0
120 C -435.956634489 0
120 D -431.953125424 0
120 E -431.534633617 0
120 F -406.027051952 0
120 G -430.303068126 0
120 H -408.1179976 0
120 I -431.488701689 0
120 K -415.630643232 0
120 L -436.897476448 0
120 M -438.203756784 1
120 N -436.013690688 0
120 P -357.099741681 0
120 Q -435.677282847 0
120 R -405.726469681 0
120 S -432.87083624 0
120 T -433.729650096 0
120 V -432.893641837 0
120 W -412.520479096 0
120 Y -399.803133702 0
121 A -433.06454051 0
121 C -431.198734206 0
121 D -425.561979801 0
121 E -429.071530442 0
121 F -436.66198997 0
121 G -429.883801859 0
121 H -434.179289335 0
121 I -431.459069804 0
121 K -434.860980723 0
121 L -433.134706883 0
121 M -433.651035746 0
121 N -435.02872998 0
121 P -392.249841561 0
121 Q -433.964235945 0
121 R -434.674354394 0
121 S -432.924239999 0
121 T -431.741097658 0
121 V -432.151901574 0
121 W -439.520095479 1
121 Y -436.056084848 0
122 A -422.848522849 0
122 C -397.284708342 0
122 D -392.732422234 0
122 E -386.009191945 0
122 F -401.489518839 0
122 G -439.405270067 1
122 H -399.331720273 0
122 I -391.898251874 0
122 K -384.76085986 0
122 L -406.402614082 0
122 M -400.322549397 0
122 N -396.644492938 0
122 P -352.16277984 0
122 Q -398.15297933 0
122 R -392.848701852 0
122 S -400.996129762 0
122 T -387.716313776 0
122 V -385.245601715 0
122 W -387.94751364 0
122 Y -398.618125771 0
123 A -433.613289524 0
123 C -429.609074727 0
123 D -432.099004124 0
123 E -433.859642027 0
123 F -439.421307755 1
123 G -432.385572051 0
123 H -436.632112606 0
123 I -434.669984477 0
123 K -436.31137502 0
123 L -437.763679268 0
123 M -434.041306931 0
123 N -434.07539239 0
123 P -417.21491137 0
123 Q -434.967458011 0
123 R -437.084353504 0
123 S -433.582249918 0
123 T -434.450674161 0
123 V -436.065187374 0
123 W -441.009975217 0
123 Y -439.839836411 0
124 A -430.539919677 0
124 C -430.13741391 0
124 D -429.986307157 0
124 E -433.791845857 0
124 F -433.980362288 0
124 G -425.339265883 0
124 H -432.440840765 0
124 I -431.765512498 0
124 K -425.599779876 0
124 L -439.399431512 1
124 M -437.804816172 0
124 N -431.507681623 0
124 P -389.445425779 0
124 Q -433.964071786 0
124 R -428.547661832 0
124 S -430.001624167 0
124 T -432.774688681 0
124 V -437.173648314 0
124 W -430.885099901 0
124 Y -432.671529195 0
125 A -436.986176151 0
125 C -436.455581024 0
125 D -436.910421143 0
125 E -438.954433187 0
125 F -436.863809401 0
125 G -433.050526197 0
125 H -436.856457247 0
125 I -439.393771876 1
125 K -437.116983849 0
125 L -440.627704587 0
125 M -438.683304139 0
125 N -437.182049423 0
125 P -398.492774112 0
125 Q -437.030409409 0
125 R -438.744593118 0
125 S -436.165174167 0
125 T -437.902821879 0
125 V -439.755697336 0
125 W -439.52594171 0
125 Y -436.630568813 0
126 A -431.099285403 0
126 C -429.272664188 0
126 D -428.843866519 0
126 E -430.622066496 0
126 F -432.985836586 0
126 G -427.570302019 0
126 H -435.085040406 0
126 I -436.90645498 0
126 K -434.427227783 0
126 L -439.916288446 1
126 M -434.688125122 0
126 N -432.320283206 0
126 P -428.802506493 0
126 Q -432.581128699 0
126 R -431.703875957 0
126 S -431.022205062 0
126 T -432.838945746 0
126 V -435.341734434 0
126 W -432.189019066 0
126 Y -434.358963677 0
127 A -438.376517605 0
127 C -436.795745043 0
127 D -437.197053867 0
127 E -439.46373717 0
127 F -436.155365921 0
127 G -437.582307809 0
127 H -437.568880319 0
127 I -439.098834974 0
127 K -439.202697034 0
127 L -438.778168638 0
127 M -439.460489703 0
127 N -437.256102469 0
127 P -409.716439973 0
127 Q -438.077343452 0
127 R -440.04491673 1
127 S -438.035690897 0
127 T -437.564625198 0
127 V -439.047005031 0
127 W -436.199270587 0
127 Y -436.113461501 0
