1 A -432.888598385 0
1 C -431.481928483 0
1 D -434.336441379 0
1 E -434.352227832 0
1 F -435.831339853 0
1 G -435.758010378 0
1 H -434.078712094 0
1 I -432.861740795 0
1 K -436.823622916 0
1 L -434.543870853 0
1 M -433.111135072 0
1 N -432.981643956 0
1 P -437.337344767 1
1 Q -435.541258153 0
1 R -436.090127382 0
1 S -434.016165619 0
1 T -432.81847187 0
1 V -432.072097438 0
1 W -435.297058582 0
1 Y -436.075915119 0
2 A -439.833526484 1
2 C -439.833526484 1
2 D -439.824564271 1
2 E -439.833526484 1
2 F -439.833526484 1
2 G -439.824564271 1
2 H -439.824564271 1
2 I -439.833526484 1
2 K -439.824564271 1
2 L -439.833526484 1
2 M -439.833526484 1
2 N -439.824564271 1
2 P -439.824564271 1
2 Q -439.833526484 1
2 R -439.824564271 1
2 S -439.824564271 1
2 T -439.824564271 1
2 V -439.833526484 1
2 W -439.833526484 1
2 Y -439.833526484 1
3 A -438.497878875 0
3 C -434.932491164 0
3 D -432.018138453 0
3 E -437.493790125 0
3 F -434.790147734 0
3 G -433.601944235 0
3 H -436.364662025 0
3 I -432.411465741 0
3 K -437.617020638 0
3 L -437.741983048 0
3 M -438.131335872 0
3 N -434.324529792 0
3 P -361.141532834 0
3 Q -435.767864793 0
3 R -439.948065225 1
3 S -437.776556085 0
3 T -437.161321556 0
3 V -436.91172346 0
3 W -437.157845657 0
3 Y -434.329442881 0
4 A -435.222155556 0
4 C -434.961289297 0
4 D -431.927524545 0
4 E -435.583052127 0
4 F -431.163129494 0
4 G -430.711947856 0
4 H -428.058248396 0
4 I -440.070597298 0
4 K -435.176886637 0
4 L -439.068633568 0
4 M -436.181826084 0
4 N -433.653212581 0
4 P -389.322878506 0
4 Q -435.811507892 0
4 R -436.089579306 0
4 S -434.738120921 0
4 T -437.560015791 0
4 V -439.874976585 1
4 W -426.607112067 0
4 Y -428.359837025 0
5 A -434.335347915 0
5 C -434.057808566 0
5 D -434.722618702 0
5 E -436.478560965 0
5 F -437.651791848 0
5 G -431.820634904 0
5 H -438.035057938 0
5 I -439.265135549 0
5 K -437.559086958 0
5 L -439.37667918 0
5 M -436.286060229 0
5 N -435.549512119 0
5 P -430.748604879 0
5 Q -436.482613252 0
5 R -439.906261522 1
5 S -435.040656116 0
5 T -436.625318726 0
5 V -438.750004229 0
5 W -438.656389786 0
5 Y -437.607194513 0
6 A -431.961752885 0
6 C -432.877881324 0
6 D -424.787466603 0
6 E -431.291955366 0
6 F -419.17067991 0
6 G -421.687028529 0
6 H -426.343456227 0
6 I -439.886763343 1
6 K -424.372600964 0
6 L -436.172483066 0
6 M -436.591299057 0
6 N -429.427795082 0
6 P -392.815806746 0
6 Q -433.786950131 0
6 R -424.299007156 0
6 S -431.109370395 0
6 T -433.798544149 0
6 V -437.67439073 0
6 W -419.44680339 0
6 Y -417.274615675 0
7 A -436.215700565 0
7 C -435.59461268 0
7 D -433.028853268 0
7 E -436.602212115 0
7 F -439.547573919 0
7 G -433.036042293 0
7 H -439.652921041 0
7 I -434.769727549 0
7 K -437.920369179 0
7 L -439.807124604 1
7 M -437.195763731 0
7 N -437.452583328 0
7 P -416.12416766 0
7 Q -438.479574416 0
7 R -438.858092305 0
7 S -435.458345321 0
7 T -434.516666326 0
7 V -433.599415904 0
7 W -437.145123096 0
7 Y -436.474431643 0
8 A -437.112681829 0
8 C -435.43433824 0
8 D -430.128332373 0
8 E -422.215100283 0
8 F -419.474285794 0
8 G -430.792029549 0
8 H -421.973201058 0
8 I -424.973378305 0
8 K -415.449087447 0
8 L -427.197332807 0
8 M -427.38869256 0
8 N -433.690255469 0
8 P -392.44732556 0
8 Q -429.832305415 0
8 R -406.389307345 0
8 S -435.565590856 0
8 T -436.198655527 0
8 V -439.781690238 1
8 W -395.078704811 0
8 Y -416.074371617 0
9 A -433.333512141 0
9 C -433.223768482 0
9 D -440.689905947 0
9 E -435.435719918 0
9 F -435.712743807 0
9 G -436.35177833 0
9 H -434.750024194 0
9 I -433.579899126 0
9 K -434.609725184 0
9 L -435.449566106 0
9 M -434.707403148 0
9 N -439.819505929 1
9 P -414.695086734 0
9 Q -432.713627896 0
9 R -433.547313575 0
9 S -437.681464923 0
9 T -438.197534594 0
9 V -433.908952367 0
9 W -434.635194735 0
9 Y -435.720386992 0
10 A -430.391406749 0
10 C -428.377772927 0
10 D -439.814037033 1
10 E -434.671130888 0
10 F -430.408992962 0
10 G -429.303252851 0
10 H -434.212184105 0
10 I -429.60835806 0
10 K -431.109974672 0
10 L -430.924512148 0
10 M -429.806608641 0
10 N -433.917275987 0
10 P -422.289824666 0
10 Q -432.29773058 0
10 R -430.187051806 0
10 S -430.97428989 0
10 T -430.334707506 0
10 V -429.176807031 0
10 W -431.761922132 0
10 Y -430.627618554 0
11 A -437.9358514 0
11 C -436.111337714 0
11 D -439.637318408 0
11 E -439.437293839 0
11 F -438.673059843 0
11 G -437.181867383 0
11 H -440.081478477 0
11 I -436.681537453 0
11 K -439.387706388 0
11 L -439.814375786 1
11 M -437.832465896 0
11 N -439.742221707 0
11 P -410.688191251 0
11 Q -438.607664953 0
11 R -438.842991558 0
11 S -438.236689946 0
11 T -438.223835262 0
11 V -436.718626017 0
11 W -437.892838134 0
11 Y -438.907450361 0
12 A -441.75172931 0
12 C -437.915713582 0
12 D -439.714452158 0
12 E -439.90341632 0
12 F -438.704056047 0
12 G -440.798527474 0
12 H -437.941567195 0
12 I -423.283210018 0
12 K -440.587662104 0
12 L -439.804662327 0
12 M -439.590317054 0
12 N -441.277472497 0
12 P -388.942212747 0
12 Q -439.859333936 0
12 R -439.950210455 1
12 S -439.272547381 0
12 T -434.699566526 0
12 V -428.503896514 0
12 W -436.327049498 0
12 Y -437.342233026 0
13 A -436.46408999 0
13 C -436.314555953 0
13 D -435.113329988 0
13 E -439.213007554 0
13 F -436.573694887 0
13 G -433.577226284 0
13 H -437.049974538 0
13 I -436.871292645 0
13 K -437.937639504 0
13 L -439.202232382 0
13 M -436.764226775 0
13 N -435.490735293 0
13 P -411.152316248 0
13 Q -439.337495497 0
13 R -439.828828577 1
13 S -435.67113874 0
13 T -437.286123752 0
13 V -436.706250274 0
13 W -437.325983031 0
13 Y -437.00627341 0
14 A -430.315703344 0
14 C -431.262175943 0
14 D -429.905493349 0
14 E -430.697265449 0
14 F -439.847168534 1
14 G -427.949716497 0
14 H -434.115354315 0
14 I -428.407395565 0
14 K -426.552185649 0
14 L -433.463618672 0
14 M -435.04348137 0
14 N -431.80689872 0
14 P -430.101386792 0
14 Q -431.883114542 0
14 R -430.329229794 0
14 S -430.046557285 0
14 T -433.471423672 0
14 V -426.030048689 0
14 W -436.973287734 0
14 Y -434.034797953 0
15 A -434.563601871 0
15 C -434.554058079 0
15 D -439.818558597 1
15 E -435.074949027 0
15 F -435.026305661 0
15 G -434.090004472 0
15 H -435.280235001 0
15 I -435.470264251 0
15 K -434.385758896 0
15 L -435.201539789 0
15 M -435.897504679 0
15 N -439.765703803 0
15 P -408.727183808 0
15 Q -434.366057208 0
15 R -434.232075661 0
15 S -435.945641595 0
15 T -436.780265999 0
15 V -435.393074827 0
15 W -434.266110833 0
15 Y -434.948655709 0
16 A -436.233285608 0
16 C -435.251016493 0
16 D -433.564946103 0
16 E -434.784237669 0
16 F -434.058020495 0
16 G -433.527316322 0
16 H -436.166202455 0
16 I -437.95482439 0
16 K -437.681364188 0
16 L -439.869733632 1
16 M -437.66080963 0
16 N -435.600375094 0
16 P -390.923243413 0
16 Q -434.434296832 0
16 R -437.968161469 0
16 S -437.438066623 0
16 T -439.833974431 0
16 V -436.993800529 0
16 W -435.274086944 0
16 Y -434.532414931 0
17 A -435.70354211 0
17 C -434.264627689 0
17 D -439.842526186 1
17 E -437.467163876 0
17 F -437.254838914 0
17 G -435.516458918 0
17 H -439.391800213 0
17 I -437.416288308 0
17 K -437.799853731 0
17 L -437.782170622 0
17 M -437.452996757 0
17 N -438.827743368 0
17 P -427.297186348 0
17 Q -436.463818942 0
17 R -439.164763441 0
17 S -438.228717945 0
17 T -438.747302938 0
17 V -437.439156149 0
17 W -437.726955371 0
17 Y -437.267429856 0
18 A -435.293127906 0
18 C -435.404668405 0
18 D -433.909045663 0
18 E -436.95899367 0
18 F -435.21064673 0
18 G -432.309162675 0
18 H -435.234782843 0
18 I -437.593925341 0
18 K -436.1833353 0
18 L -439.875479254 1
18 M -437.961910878 0
18 N -435.269487891 0
18 P -392.419365572 0
18 Q -435.721515563 0
18 R -436.771056997 0
18 S -436.417396758 0
18 T -435.092925687 0
18 V -436.655418933 0
18 W -432.141498868 0
18 Y -433.827503705 0
19 A -426.69400268 0
19 C -427.307892292 0
19 D -425.744987823 0
19 E -430.184786483 0
19 F -427.751230212 0
19 G -423.559584167 0
19 H -427.212659137 0
19 I -437.337194984 1
19 K -424.473481847 0
19 L -433.30680212 0
19 M -434.114225986 0
19 N -427.311768325 0
19 P -381.713341644 0
19 Q -429.463259515 0
19 R -424.273866416 0
19 S -426.849183081 0
19 T -429.980374337 0
19 V -433.689180463 0
19 W -425.279525278 0
19 Y -419.227609069 0
20 A -430.730497562 0
20 C -433.177360799 0
20 D -433.418477158 0
20 E -432.998295011 0
20 F -434.759070074 0
20 G -427.432699134 0
20 H -430.754797501 0
20 I -437.800252666 1
20 K -433.362638736 0
20 L -438.164386482 0
20 M -430.414797171 0
20 N -432.626540768 0
20 P -422.47698876 0
20 Q -428.931034522 0
20 R -430.955250488 0
20 S -433.837806836 0
20 T -435.842116011 0
20 V -438.256640035 0
20 W -431.03328565 0
20 Y -430.870862234 0
21 A -432.424555845 0
21 C -438.20651458 0
21 D -427.982326144 0
21 E -433.393075193 0
21 F -431.905546101 0
21 G -422.910727222 0
21 H -430.961072625 0
21 I -437.720215989 0
21 K -420.370422091 0
21 L -435.588961756 0
21 M -435.941639273 0
21 N -436.451195546 0
21 P -400.751483501 0
21 Q -432.755549107 0
21 R -419.337791082 0
21 S -432.143880497 0
21 T -435.09279381 0
21 V -437.865301802 1
21 W -423.367810268 0
21 Y -430.739339962 0
22 A -427.501837651 0
22 C -426.693074446 0
22 D -437.538173026 1
22 E -431.032206194 0
22 F -427.237547113 0
22 G -425.023996714 0
22 H -429.494837483 0
22 I -429.506983088 0
22 K -427.27674899 0
22 L -429.645033554 0
22 M -430.814815306 0
22 N -432.701680372 0
22 P -427.641675389 0
22 Q -430.690862452 0
22 R -429.326053939 0
22 S -427.548541834 0
22 T -429.877322847 0
22 V -428.991119545 0
22 W -431.224042009 0
22 Y -428.883721 0
23 A -435.646740117 0
23 C -437.926053783 0
23 D -435.020706023 0
23 E -435.494736615 0
23 F -434.89130624 0
23 G -436.925418735 0
23 H -438.792235498 0
23 I -437.402347397 1
23 K -437.183750438 0
23 L -438.836151116 0
23 M -436.789057058 0
23 N -433.858093288 0
23 P -392.481373208 0
23 Q -438.766102564 0
23 R -439.895245392 0
23 S -437.186960383 0
23 T -437.517571769 0
23 V -434.426825667 0
23 W -439.215601845 0
23 Y -437.510396477 0
24 A -432.55722398 0
24 C -431.200225957 0
24 D -432.483845712 0
24 E -430.647852369 0
24 F -431.892671684 0
24 G -429.845289637 0
24 H -434.302832048 0
24 I -431.220782293 0
24 K -431.850168869 0
24 L -433.15183942 0
24 M -430.47128456 0
24 N -434.134495342 0
24 P -413.380303915 0
24 Q -430.565725291 0
24 R -435.34533494 1
24 S -434.038856286 0
24 T -432.165236128 0
24 V -430.882083538 0
24 W -432.355898079 0
24 Y -431.434236624 0
25 A -439.914976952 1
25 C -439.920779093 1
25 D -439.920779093 1
25 E -439.920779093 1
25 F -439.914976952 1
25 G -439.920779093 1
25 H -439.920779093 1
25 I -439.920779093 1
25 K -439.920779093 1
25 L -439.920779093 1
25 M -439.914976952 1
25 N -439.920779093 1
25 P -439.914976952 1
25 Q -439.920779093 1
25 R -439.914976952 1
25 S -439.914976952 1
25 T -439.914976952 1
25 V -439.920779093 1
25 W -439.920779093 1
25 Y -439.920779093 1
26 A -439.076882811 0
26 C -436.414214397 0
26 D -440.736509521 0
26 E -441.263983916 0
26 F -438.096526306 0
26 G -437.626764053 0
26 H -439.745005178 0
26 I -439.812986733 0
26 K -440.576362554 0
26 L -440.438020219 0
26 M -438.819843562 0
26 N -439.165981227 0
26 P -436.493422498 0
26 Q -439.010702406 0
26 R -439.829150528 1
26 S -440.002902007 0
26 T -439.762580854 0
26 V -439.601135572 0
26 W -438.200852446 0
26 Y -438.079380516 0
27 A -440.680435595 0
27 C -436.45731295 0
27 D -436.144143347 0
27 E -437.449342293 0
27 F -438.048769379 0
27 G -434.456907416 0
27 H -437.052237561 0
27 I -436.751779572 0
27 K -438.313162303 0
27 L -440.529184037 0
27 M -441.646355491 0
27 N -436.495560968 0
27 P -400.400922637 0
27 Q -438.317621554 0
27 R -440.287693814 0
27 S -437.943087519 0
27 T -438.993576428 0
27 V -441.366336933 0
27 W -439.925802972 1
27 Y -437.926861633 0
28 A -428.19761901 0
28 C -430.676761269 0
28 D -430.013435821 0
28 E -426.884049166 0
28 F -439.924210144 1
28 G -425.268810838 0
28 H -434.966988735 0
28 I -437.645351811 0
28 K -422.999756318 0
28 L -432.90376221 0
28 M -431.967398031 0
28 N -430.634117661 0
28 P -382.096589109 0
28 Q -425.517695669 0
28 R -424.675665806 0
28 S -430.059382056 0
28 T -432.135914267 0
28 V -436.43344093 0
28 W -430.505205888 0
28 Y -435.904480605 0
29 A -433.831698361 0
29 C -433.854973762 0
29 D -431.34451475 0
29 E -433.210704761 0
29 F -433.510469632 0
29 G -428.805527451 0
29 H -432.431040866 0
29 I -436.875475661 0
29 K -434.549600001 0
29 L -439.824529452 1
29 M -437.143037954 0
29 N -433.210168537 0
29 P -395.462873921 0
29 Q -435.137121794 0
29 R -435.296005725 0
29 S -433.311772087 0
29 T -434.700272984 0
29 V -436.268921697 0
29 W -429.286516395 0
29 Y -427.892433642 0
30 A -431.819973656 0
30 C -433.013732452 0
30 D -431.092273981 0
30 E -429.174609646 0
30 F -428.35672533 0
30 G -424.605348102 0
30 H -432.901767549 0
30 I -438.24655387 0
30 K -411.039268601 0
30 L -435.991515037 0
30 M -431.917556437 0
30 N -433.406132252 0
30 P -404.443981621 0
30 Q -425.948122275 0
30 R -418.091745812 0
30 S -431.584873893 0
30 T -434.803122444 0
30 V -439.866330822 1
30 W -420.950795284 0
30 Y -425.325181962 0
31 A -433.550442728 0
31 C -433.152935748 0
31 D -433.205488584 0
31 E -434.739021435 0
31 F -432.26791032 0
31 G -427.857230415 0
31 H -431.373228448 0
31 I -439.804810802 1
31 K -431.718274416 0
31 L -436.012187047 0
31 M -436.084719555 0
31 N -434.534379051 0
31 P -404.321358919 0
31 Q -434.430208861 0
31 R -433.889983666 0
31 S -433.18280308 0
31 T -434.851175513 0
31 V -438.673127587 0
31 W -433.49387561 0
31 Y -432.33045399 0
32 A -429.928126354 0
32 C -430.878060177 0
32 D -427.538004509 0
32 E -428.755884492 0
32 F -417.114455636 0
32 G -425.412543129 0
32 H -431.671828838 0
32 I -436.685061109 0
32 K -420.753946881 0
32 L -439.829687168 1
32 M -434.17291407 0
32 N -430.814177852 0
32 P -400.730631531 0
32 Q -431.848450463 0
32 R -420.38513402 0
32 S -430.491523531 0
32 T -432.805727667 0
32 V -435.129474828 0
32 W -409.794485087 0
32 Y -415.833410102 0
33 A -434.400382455 0
33 C -434.541391612 0
33 D -429.734523861 0
33 E -438.396666861 0
33 F -436.247429072 0
33 G -433.370539258 0
33 H -435.647719345 0
33 I -436.575088423 0
33 K -435.719539369 0
33 L -439.00876665 0
33 M -435.769656028 0
33 N -434.127175311 0
33 P -398.073121212 0
33 Q -439.817656551 1
33 R -436.509021802 0
33 S -433.647490101 0
33 T -433.182242116 0
33 V -436.145250546 0
33 W -429.404596987 0
33 Y -435.744569406 0
34 A -435.78939216 0
34 C -435.597148712 0
34 D -437.588746833 0
34 E -426.572972628 0
34 F -435.706059483 0
34 G -422.424383332 0
34 H -439.830763243 1
34 I -434.051998353 0
34 K -426.762741679 0
34 L -414.813543736 0
34 M -436.845032841 0
34 N -441.03772461 0
34 P -383.257646525 0
34 Q -433.914478678 0
34 R -417.975306453 0
34 S -435.3130232 0
34 T -436.605259333 0
34 V -440.442428828 0
34 W -402.07810325 0
34 Y -434.804227539 0
35 A -436.199481062 0
35 C -435.581403982 0
35 D -439.365932188 0
35 E -438.178350182 0
35 F -437.743784869 0
35 G -436.077076061 0
35 H -439.129637214 0
35 I -438.200074118 0
35 K -436.868303492 0
35 L -438.521245422 0
35 M -438.388601624 0
35 N -438.659957781 0
35 P -439.803838098 1
35 Q -438.321851855 0
35 R -436.9230813 0
35 S -438.048236226 0
35 T -438.903083402 0
35 V -437.442615765 0
35 W -439.111689778 0
35 Y -436.195426736 0
36 A -423.359412521 0
36 C -415.931368502 0
36 D -414.003150893 0
36 E -401.234604348 0
36 F -405.052669291 0
36 G -439.796140328 1
36 H -400.593927557 0
36 I -395.942368594 0
36 K -391.357150716 0
36 L -405.608173027 0
36 M -398.689906232 0
36 N -407.228969605 0
36 P -381.418664042 0
36 Q -401.333641627 0
36 R -411.346627741 0
36 S -420.025134107 0
36 T -411.321545432 0
36 V -407.133637442 0
36 W -386.605503632 0
36 Y -404.071950952 0
37 A -437.149872955 0
37 C -436.909438015 0
37 D -439.028538167 0
37 E -439.627717928 0
37 F -440.908543098 0
37 G -437.108932272 0
37 H -439.826961229 0
37 I -438.711079582 0
37 K -440.178973998 0
37 L -439.900684257 0
37 M -437.788060639 0
37 N -439.236355566 0
37 P -425.54985738 0
37 Q -438.881150977 0
37 R -439.803195534 0
37 S -438.913921521 0
37 T -439.808454998 1
37 V -438.975299559 0
37 W -441.08720932 0
37 Y -440.449557949 0
38 A -438.953193162 0
38 C -438.046547532 0
38 D -437.8683755 0
38 E -439.533918587 0
38 F -439.818576803 1
38 G -437.022031775 0
38 H -440.358833857 0
38 I -438.681764468 0
38 K -439.119586261 0
38 L -438.968463457 0
38 M -438.9152586 0
38 N -439.106665154 0
38 P -416.925730967 0
38 Q -438.372720211 0
38 R -438.337787848 0
38 S -438.417692653 0
38 T -437.890232313 0
38 V -437.850534316 0
38 W -440.617003353 0
38 Y -439.33119062 0
39 A -439.054925992 0
39 C -436.553800125 0
39 D -441.264199311 0
39 E -439.878631019 0
39 F -436.885379322 0
39 G -438.825643227 0
39 H -440.47658524 0
39 I -434.768972197 0
39 K -439.098565771 0
39 L -439.421527597 0
39 M -438.521242962 0
39 N -438.562609869 0
39 P -443.422382221 0
39 Q -438.153860307 0
39 R -438.513197448 0
39 S -439.775678371 1
39 T -438.531285361 0
39 V -435.112201092 0
39 W -437.005861641 0
39 Y -437.002670961 0
40 A -435.453176843 0
40 C -432.675642918 0
40 D -435.053179763 0
40 E -436.651764813 0
40 F -433.749951949 0
40 G -432.816539605 0
40 H -435.94872659 0
40 I -437.12096787 0
40 K -439.947400479 1
40 L -437.351150629 0
40 M -436.148154969 0
40 N -434.108714853 0
40 P -434.158903243 0
40 Q -435.5231493 0
40 R -437.519559157 0
40 S -435.127873977 0
40 T -437.087198134 0
40 V -436.505209507 0
40 W -431.167748317 0
40 Y -434.585607693 0
41 A -438.519819962 0
41 C -436.212510619 0
41 D -439.976145086 0
41 E -441.84951265 0
41 F -437.544234911 0
41 G -437.034073667 0
41 H -439.903405455 1
41 I -435.51536257 0
41 K -439.214565952 0
41 L -432.9035941 0
41 M -436.848024504 0
41 N -438.706476282 0
41 P -425.134650512 0
41 Q -438.526238629 0
41 R -438.593607132 0
41 S -439.692094147 0
41 T -435.373308197 0
41 V -435.525021825 0
41 W -438.674116748 0
41 Y -437.506009329 0
42 A -436.561436719 0
42 C -435.403594504 0
42 D -438.485337051 0
42 E -438.716630701 0
42 F -437.484516824 0
42 G -433.147122521 0
42 H -437.166378093 0
42 I -440.419050688 0
42 K -438.182208194 0
42 L -439.937576156 0
42 M -437.476465546 0
42 N -437.198026552 0
42 P -394.970076128 0
42 Q -438.20913088 0
42 R -437.991059405 0
42 S -435.501050937 0
42 T -437.466746958 0
42 V -439.898326656 1
42 W -434.601687397 0
42 Y -437.581292391 0
43 A -439.349004216 0
43 C -434.736277254 0
43 D -435.668994074 0
43 E -435.434017325 0
43 F -436.339071563 0
43 G -431.971718967 0
43 H -435.404559334 0
43 I -430.163763847 0
43 K -435.380545559 0
43 L -437.47735446 0
43 M -435.478076972 0
43 N -438.991928086 0
43 P -359.55502657 0
43 Q -438.817494832 0
43 R -439.950057222 1
43 S -435.316206819 0
43 T -435.62322826 0
43 V -431.952403468 0
43 W -428.126660418 0
43 Y -435.443620987 0
44 A -435.076850572 0
44 C -418.031728618 0
44 D -412.321735986 0
44 E -408.825368641 0
44 F -384.504569724 0
44 G -439.955631574 1
44 H -393.927453081 0
44 I -383.229887251 0
44 K -398.70176426 0
44 L -399.763088674 0
44 M -411.786189906 0
44 N -415.231361091 0
44 P -423.343818101 0
44 Q -401.632276928 0
44 R -407.135979008 0
44 S -427.386861752 0
44 T -410.472383695 0
44 V -401.410304415 0
44 W -368.308692388 0
44 Y -374.599871544 0
45 A -440.351564721 0
45 C -439.590741562 0
45 D -427.671178487 0
45 E -428.701338749 0
45 F -440.291626231 0
45 G -431.282609288 0
45 H -439.418395468 0
45 I -436.322375355 0
45 K -425.18433531 0
45 L -433.748130413 0
45 M -438.312145314 0
45 N -439.503593622 0
45 P -396.052514867 0
45 Q -435.802233577 0
45 R -429.805245523 0
45 S -431.157657858 0
45 T -437.832954188 0
45 V -426.455235685 0
45 W -421.454142993 0
45 Y -439.960016368 1
46 A -433.652041677 0
46 C -433.954175218 0
46 D -434.788112926 0
46 E -429.615366536 0
46 F -420.018453632 0
46 G -430.489205065 0
46 H -423.603491449 0
46 I -427.733285932 0
46 K -424.252230755 0
46 L -434.677919519 0
46 M -430.769305665 0
46 N -439.93754244 1
46 P -409.685298369 0
46 Q -432.717998628 0
46 R -427.572458255 0
46 S -434.808354177 0
46 T -433.855049518 0
46 V -433.231078701 0
46 W -401.199365739 0
46 Y -409.75647446 0
47 A -427.439071926 0
47 C -427.545373337 0
47 D -429.406188578 0
47 E -428.094351329 0
47 F -437.650054799 0
47 G -421.441123268 0
47 H -432.72834066 0
47 I -430.811596168 0
47 K -426.420005064 0
47 L -428.525541966 0
47 M -425.92389833 0
47 N -430.038186454 0
47 P -392.407908104 0
47 Q -427.884839217 0
47 R -431.144048858 0
47 S -428.786217087 0
47 T -428.674793121 0
47 V -432.030996571 0
47 W -439.871519255 1
47 Y -436.566322217 0
48 A -430.953141518 0
48 C -432.299695922 0
48 D -426.803174959 0
48 E -425.721386511 0
48 F -418.336265129 0
48 G -424.90628754 0
48 H -426.337363137 0
48 I -435.924230733 0
48 K -421.924320441 0
48 L -433.730462237 0
48 M -430.620173894 0
48 N -430.949759085 0
48 P -374.526868438 0
48 Q -424.684281707 0
48 R -418.801028635 0
48 S -430.389284571 0
48 T -434.485125905 0
48 V -439.882721974 1
48 W -406.216130836 0
48 Y -423.358168183 0
49 A -429.300527731 0
49 C -429.781564471 0
49 D -425.72974189 0
49 E -429.321935919 0
49 F -433.879263804 0
49 G -421.809719664 0
49 H -430.322251984 0
49 I -431.172515311 0
49 K -418.856230392 0
49 L -439.922910068 1
49 M -434.369880429 0
49 N -429.740549071 0
49 P -388.69318076 0
49 Q -431.624216946 0
49 R -421.528943387 0
49 S -428.906613673 0
49 T -429.376904429 0
49 V -432.22546582 0
49 W -421.225179317 0
49 Y -430.005744613 0
50 A -437.614545415 0
50 C -434.543488619 0
50 D -426.053824375 0
50 E -405.67181852 0
50 F -391.323374858 0
50 G -436.558735729 0
50 H -410.420798246 0
50 I -405.982877287 0
50 K -399.791800404 0
50 L -415.118655204 0
50 M -411.454372857 0
50 N -424.674982866 0
50 P -396.124585816 0
50 Q -413.25918924 0
50 R -399.60160379 0
50 S -439.85194266 1
50 T -432.578485693 0
50 V -424.325976554 0
50 W -393.990677853 0
50 Y -388.404475375 0
51 A -437.897167131 0
51 C -436.591236792 0
51 D -437.314290962 0
51 E -439.886043157 1
51 F -436.3369699 0
51 G -436.164840071 0
51 H -433.378664499 0
51 I -435.645148189 0
51 K -438.39746169 0
51 L -438.134471305 0
51 M -438.124035368 0
51 N -436.740388691 0
51 P -437.173596294 0
51 Q -438.60687015 0
51 R -438.897528549 0
51 S -439.871322585 0
51 T -440.279418752 0
51 V -436.472631069 0
51 W -437.984907484 0
51 Y -434.090351663 0
52 A -440.873619036 0
52 C -435.840988934 0
52 D -434.52493081 0
52 E -436.188845717 0
52 F -430.6867214 0
52 G -436.683436444 0
52 H -436.333878128 0
52 I -437.744225175 0
52 K -438.186427766 0
52 L -438.284071 0
52 M -436.659920469 0
52 N -435.289600535 0
52 P -387.107145617 0
52 Q -435.229579492 0
52 R -439.637089817 0
52 S -439.870066701 1
52 T -437.058017934 0
52 V -437.838058798 0
52 W -435.838604756 0
52 Y -437.123325823 0
53 A -438.600022503 0
53 C -435.909032066 0
53 D -439.14668993 0
53 E -439.765148053 1
53 F -436.636611961 0
53 G -436.992682746 0
53 H -437.862330767 0
53 I -438.202316344 0
53 K -439.187488958 0
53 L -438.749520228 0
53 M -437.477499735 0
53 N -437.901299835 0
53 P -419.537746759 0
53 Q -437.513312328 0
53 R -439.037399954 0
53 S -438.509836728 0
53 T -437.587695952 0
53 V -437.838635082 0
53 W -437.104496665 0
53 Y -436.76169153 0
54 A -438.245217131 0
54 C -433.248962435 0
54 D -438.466412519 0
54 E -436.105545882 0
54 F -438.84834838 0
54 G -435.528142732 0
54 H -439.105942231 0
54 I -433.594777261 0
54 K -438.395475252 0
54 L -439.633861766 0
54 M -437.196373142 0
54 N -439.781924653 1
54 P -414.386041805 0
54 Q -437.207949722 0
54 R -437.405972464 0
54 S -437.681321327 0
54 T -437.114061793 0
54 V -436.122960562 0
54 W -441.252379152 0
54 Y -438.660591938 0
55 A -439.873923872 1
55 C -437.941146953 0
55 D -434.372639114 0
55 E -438.484128842 0
55 F -441.997062029 0
55 G -436.483705961 0
55 H -439.609566883 0
55 I -438.344455387 0
55 K -439.69220679 0
55 L -442.594275894 0
55 M -441.966858986 0
55 N -436.770170138 0
55 P -386.441800343 0
55 Q -438.967125382 0
55 R -440.584642457 0
55 S -438.009647723 0
55 T -438.958011033 0
55 V -439.822109284 0
55 W -442.270086161 0
55 Y -440.41082574 0
56 A -438.777079226 0
56 C -435.764991076 0
56 D -440.439984779 0
56 E -440.636724022 0
56 F -437.526130485 0
56 G -437.657418944 0
56 H -438.626763632 0
56 I -438.477174113 0
56 K -440.040246233 0
56 L -439.779464018 1
56 M -439.182841962 0
56 N -438.989863249 0
56 P -434.634692097 0
56 Q -438.110136701 0
56 R -438.967242583 0
56 S -439.263230051 0
56 T -438.535230482 0
56 V -438.65217097 0
56 W -439.466173806 0
56 Y -437.823134038 0
57 A -438.002952458 0
57 C -435.073146099 0
57 D -438.57391203 0
57 E -439.443476473 0
57 F -436.37658454 0
57 G -435.563103758 0
57 H -437.670302991 0
57 I -439.547395119 0
57 K -439.369877966 0
57 L -439.785432528 1
57 M -438.884259119 0
57 N -437.460496817 0
57 P -428.752425383 0
57 Q -437.299107504 0
57 R -439.279540977 0
57 S -437.847355599 0
57 T -438.534005985 0
57 V -438.805657897 0
57 W -437.107504381 0
57 Y -436.275859847 0
58 A -434.893413095 0
58 C -434.340601044 0
58 D -428.298078643 0
58 E -427.861402541 0
58 F -425.619629317 0
58 G -431.850187491 0
58 H -432.080969759 0
58 I -439.91833417 1
58 K -424.814110283 0
58 L -433.087216181 0
58 M -431.391439601 0
58 N -433.041371021 0
58 P -385.936391157 0
58 Q -429.759445164 0
58 R -423.734870137 0
58 S -433.352892258 0
58 T -435.760548493 0
58 V -440.101567074 0
58 W -411.198553813 0
58 Y -415.054395879 0
59 A -435.878821206 0
59 C -435.620260638 0
59 D -434.104703306 0
59 E -436.467914952 0
59 F -435.136742489 0
59 G -432.957978601 0
59 H -433.44757044 0
59 I -441.254854509 0
59 K -429.260094593 0
59 L -439.723176052 0
59 M -438.496133926 0
59 N -436.500631555 0
59 P -376.663608586 0
59 Q -437.1826599 0
59 R -433.161556081 0
59 S -434.520114776 0
59 T -436.788609679 0
59 V -439.922659425 1
59 W -436.841764683 0
59 Y -432.147397528 0
60 A -439.743916086 0
60 C -437.655301692 0
60 D -439.920085422 0
60 E -441.018652969 0
60 F -441.224095994 0
60 G -438.664117087 0
60 H -441.441100097 0
60 I -442.05614924 0
60 K -440.9138684 0
60 L -442.058623109 0
60 M -440.603642978 0
60 N -439.661997987 0
60 P -377.297394088 0
60 Q -439.862252932 0
60 R -441.165246456 0
60 S -439.913848694 1
60 T -440.732898663 0
60 V -440.795706092 0
60 W -442.099140721 0
60 Y -441.29362111 0
61 A -437.58124042 0
61 C -434.811901125 0
61 D -437.57763803 0
61 E -437.877198632 0
61 F -436.571178785 0
61 G -435.085694132 0
61 H -437.475957533 0
61 I -435.392906556 0
61 K -438.547803033 0
61 L -440.003042895 1
61 M -439.334729343 0
61 N -437.830736129 0
61 P -379.488827449 0
61 Q -436.777820021 0
61 R -439.735799555 0
61 S -436.729100328 0
61 T -435.210942073 0
61 V -436.042728944 0
61 W -440.370511328 0
61 Y -436.455664808 0
62 A -429.778788149 0
62 C -421.263809646 0
62 D -418.254568532 0
62 E -403.657424428 0
62 F -410.10110008 0
62 G -440.00312904 1
62 H -411.829466398 0
62 I -383.377969931 0
62 K -401.524928578 0
62 L -395.267178194 0
62 M -395.579804094 0
62 N -416.902329788 0
62 P -353.466733585 0
62 Q -402.388224418 0
62 R -399.283650289 0
62 S -428.819927773 0
62 T -410.951313592 0
62 V -395.454822509 0
62 W -406.391434434 0
62 Y -406.685263664 0
63 A -438.273558304 0
63 C -436.844684387 0
63 D -437.494331223 0
63 E -440.025752931 0
63 F -439.51481094 0
63 G -436.337177706 0
63 H -438.952093947 0
63 I -439.915022527 1
63 K -438.412474198 0
63 L -437.13135318 0
63 M -438.964587593 0
63 N -437.99338722 0
63 P -381.492138221 0
63 Q -437.630421845 0
63 R -438.387626314 0
63 S -437.35093144 0
63 T -438.190651785 0
63 V -438.86352052 0
63 W -438.925751808 0
63 Y -437.501824102 0
64 A -438.604635948 0
64 C -436.952799983 0
64 D -438.365008275 0
64 E -438.915317316 0
64 F -436.895372878 0
64 G -437.574556257 0
64 H -438.448624262 0
64 I -436.458796592 0
64 K -439.534238878 0
64 L -439.984286357 1
64 M -439.561228206 0
64 N -439.136581261 0
64 P -398.926968498 0
64 Q -438.1234846 0
64 R -439.146337771 0
64 S -438.494896389 0
64 T -437.755687216 0
64 V -436.289345007 0
64 W -438.738539959 0
64 Y -436.828589316 0
65 A -439.999030993 1
65 C -436.030208559 0
65 D -429.401594657 0
65 E -433.345705024 0
65 F -431.105123007 0
65 G -436.089531125 0
65 H -432.543987021 0
65 I -430.412837744 0
65 K -429.025176458 0
65 L -429.236172979 0
65 M -432.357965466 0
65 N -435.467311153 0
65 P -378.253954098 0
65 Q -434.359086367 0
65 R -432.161750916 0
65 S -438.78993929 0
65 T -433.034178442 0
65 V -427.84802188 0
65 W -432.799059378 0
65 Y -430.307049602 0
66 A -423.328328339 0
66 C -422.646278958 0
66 D -428.770720261 0
66 E -424.608989966 0
66 F -422.556844471 0
66 G -440.007124158 1
66 H -424.188744842 0
66 I -418.508419014 0
66 K -424.409457981 0
66 L -424.033946257 0
66 M -423.463483766 0
66 N -425.285163271 0
66 P -366.117205581 0
66 Q -424.29887674 0
66 R -424.288955906 0
66 S -430.11815111 0
66 T -419.615424221 0
66 V -419.300670825 0
66 W -422.20888493 0
66 Y -422.103550715 0
67 A -436.088409256 0
67 C -432.693181662 0
67 D -436.277066376 0
67 E -437.47721046 0
67 F -438.081929626 0
67 G -434.288987003 0
67 H -436.690781408 0
67 I -438.178337482 0
67 K -435.746827202 0
67 L -439.892281121 1
67 M -436.947267973 0
67 N -434.756732869 0
67 P -435.280214903 0
67 Q -437.248694849 0
67 R -436.284476105 0
67 S -436.754504341 0
67 T -435.951251192 0
67 V -435.563615757 0
67 W -436.64929492 0
67 Y -436.65340075 0
68 A -437.614209451 0
68 C -436.242216157 0
68 D -439.319056184 0
68 E -441.151448634 0
68 F -435.523394733 0
68 G -437.355306758 0
68 H -439.553082371 0
68 I -437.367450595 0
68 K -438.67867577 0
68 L -438.460873783 0
68 M -437.716581828 0
68 N -438.306828057 0
68 P -433.964852215 0
68 Q -439.28541015 0
68 R -437.913675876 0
68 S -439.888679247 1
68 T -438.478135932 0
68 V -436.997586094 0
68 W -436.717273855 0
68 Y -435.42893367 0
69 A -437.969376288 0
69 C -436.627212865 0
69 D -436.127002541 0
69 E -437.153196144 0
69 F -437.68149088 0
69 G -436.301354715 0
69 H -438.844506519 0
69 I -434.233754072 0
69 K -438.402132902 0
69 L -437.184699937 0
69 M -437.902986986 0
69 N -441.251576414 0
69 P -395.685746306 0
69 Q -437.871442693 0
69 R -440.025024585 1
69 S -437.177059693 0
69 T -435.368920509 0
69 V -430.458922643 0
69 W -437.272465117 0
69 Y -437.429939165 0
70 A -434.002428343 0
70 C -432.86027469 0
70 D -440.026018378 1
70 E -435.98813702 0
70 F -433.307047361 0
70 G -434.263853694 0
70 H -437.156628238 0
70 I -419.797982082 0
70 K -433.515035535 0
70 L -434.517054587 0
70 M -433.280416171 0
70 N -437.665760342 0
70 P -384.284774629 0
70 Q -436.338831635 0
70 R -432.721468343 0
70 S -433.12492105 0
70 T -427.941279741 0
70 V -418.785697766 0
70 W -431.338342048 0
70 Y -432.816096811 0
71 A -431.508786621 0
71 C -431.124650501 0
71 D -432.759478821 0
71 E -429.833918448 0
71 F -440.032842322 1
71 G -428.22784502 0
71 H -436.882023351 0
71 I -396.785831651 0
71 K -429.198300925 0
71 L -430.018721753 0
71 M -433.160219678 0
71 N -434.879212486 0
71 P -389.141099768 0
71 Q -427.460284001 0
71 R -432.989871574 0
71 S -430.199447566 0
71 T -427.164602891 0
71 V -421.82685093 0
71 W -438.512755455 0
71 Y -439.441972026 0
72 A -433.300625194 0
72 C -433.621927909 0
72 D -430.149010015 0
72 E -432.820148347 0
72 F -433.757698985 0
72 G -430.457809151 0
72 H -433.949656272 0
72 I -438.237632511 0
72 K -432.639566263 0
72 L -440.013663135 1
72 M -438.263465422 0
72 N -433.651670649 0
72 P -375.109588301 0
72 Q -434.672805432 0
72 R -434.123335651 0
72 S -433.759474252 0
72 T -434.617814513 0
72 V -436.603118441 0
72 W -433.323720975 0
72 Y -433.554746923 0
73 A -436.330703467 0
73 C -435.284564656 0
73 D -435.105512515 0
73 E -436.594420025 0
73 F -437.342642129 0
73 G -431.945406395 0
73 H -439.893061626 1
73 I -434.011476816 0
73 K -437.563906384 0
73 L -438.427606831 0
73 M -438.01772718 0
73 N -435.420894266 0
73 P -434.463573372 0
73 Q -435.94729498 0
73 R -437.646573639 0
73 S -435.810267697 0
73 T -434.676008749 0
73 V -435.695559316 0
73 W -439.210511187 0
73 Y -437.398430559 0
74 A -435.50920238 0
74 C -433.460312141 0
74 D -437.708072728 0
74 E -438.152678471 0
74 F -435.769062589 0
74 G -433.995756498 0
74 H -437.460070309 0
74 I -435.549839719 0
74 K -435.906899537 0
74 L -436.609906606 0
74 M -434.663714858 0
74 N -434.963261617 0
74 P -439.884307847 1
74 Q -435.547036261 0
74 R -436.445184461 0
74 S -436.51973877 0
74 T -435.405318017 0
74 V -434.996519566 0
74 W -435.320054322 0
74 Y -435.650703027 0
75 A -439.520865999 0
75 C -437.917152948 0
75 D -443.164474784 0
75 E -441.42404723 0
75 F -439.801595595 0
75 G -439.385512095 0
75 H -441.946914365 0
75 I -424.666630259 0
75 K -442.019512185 0
75 L -440.093382563 0
75 M -439.417034159 0
75 N -443.315939398 0
75 P -407.863910364 0
75 Q -439.863933721 1
75 R -441.243664529 0
75 S -440.829423934 0
75 T -435.860662996 0
75 V -427.239022484 0
75 W -438.633529769 0
75 Y -439.432923328 0
76 A -433.743542764 0
76 C -434.95883839 0
76 D -439.896065796 1
76 E -435.560783038 0
76 F -430.151404728 0
76 G -430.879590576 0
76 H -435.288581423 0
76 I -435.267722944 0
76 K -430.988054232 0
76 L -438.752507801 0
76 M -434.449351685 0
76 N -438.939940722 0
76 P -428.08938944 0
76 Q -432.991237063 0
76 R -430.793949271 0
76 S -434.610269375 0
76 T -434.812682159 0
76 V -432.648155674 0
76 W -432.306124778 0
76 Y -428.869460245 0
77 A -437.848006939 0
77 C -436.267813396 0
77 D -438.863248706 0
77 E -440.00836046 0
77 F -437.756650541 0
77 G -437.479937025 0
77 H -440.991891451 0
77 I -437.768105101 0
77 K -439.835590163 0
77 L -438.556616969 0
77 M -437.741423294 0
77 N -437.918389437 0
77 P -438.957688458 0
77 Q -438.532818582 0
77 R -439.275761429 0
77 S -439.863463393 1
77 T -438.348155128 0
77 V -437.156116751 0
77 W -438.911237788 0
77 Y -437.86458701 0
78 A -437.341782506 0
78 C -435.46086049 0
78 D -435.589626917 0
78 E -434.752424333 0
78 F -437.690243764 0
78 G -436.07059968 0
78 H -437.961326379 0
78 I -426.174990719 0
78 K -437.034682113 0
78 L -439.875403786 1
78 M -438.643343177 0
78 N -437.463629064 0
78 P -410.081720147 0
78 Q -436.997670716 0
78 R -438.841521548 0
78 S -436.492311029 0
78 T -436.837866569 0
78 V -432.257758914 0
78 W -438.456626802 0
78 Y -437.63940472 0
79 A -432.669084021 0
79 C -433.994156803 0
79 D -431.301467579 0
79 E -431.141432291 0
79 F -427.261768846 0
79 G -428.655540705 0
79 H -428.348992208 0
79 I -440.742670403 0
79 K -425.310486075 0
79 L -434.215737055 0
79 M -433.017161426 0
79 N -433.490158346 0
79 P -397.503374445 0
79 Q -434.056720254 0
79 R -430.927835791 0
79 S -432.144864039 0
79 T -435.272824053 0
79 V -439.905350272 1
79 W -425.414935785 0
79 Y -425.985310789 0
80 A -431.690225105 0
80 C -430.671550082 0
80 D -431.229312492 0
80 E -431.387976255 0
80 F -433.14328158 0
80 G -428.253622698 0
80 H -432.893589878 0
80 I -439.920111674 1
80 K -433.621870153 0
80 L -437.268372049 0
80 M -432.504040702 0
80 N -431.794278262 0
80 P -402.320152133 0
80 Q -431.297720055 0
80 R -434.936414529 0
80 S -430.869680172 0
80 T -433.911105107 0
80 V -437.049452271 0
80 W -432.755448688 0
80 Y -429.510925126 0
81 A -439.903390448 1
81 C -434.232721619 0
81 D -427.131565982 0
81 E -427.340427717 0
81 F -417.629043761 0
81 G -433.109529167 0
81 H -417.0933431 0
81 I -428.099623344 0
81 K -423.907619699 0
81 L -423.431981346 0
81 M -415.622983025 0
81 N -429.273492391 0
81 P -379.530659192 0
81 Q -428.099286902 0
81 R -408.708856128 0
81 S -436.868557317 0
81 T -434.716319302 0
81 V -433.925845412 0
81 W -405.059608882 0
81 Y -405.070393199 0
82 A -438.332329055 0
82 C -436.175446962 0
82 D -433.577945907 0
82 E -435.222858854 0
82 F -439.237417848 0
82 G -433.828618994 0
82 H -439.961267539 1
82 I -429.940104922 0
82 K -435.826378643 0
82 L -433.836311126 0
82 M -434.988517189 0
82 N -437.357289236 0
82 P -409.781726968 0
82 Q -435.743128607 0
82 R -436.972350862 0
82 S -437.733089531 0
82 T -435.865084091 0
82 V -432.503932494 0
82 W -438.068115288 0
82 Y -438.698872278 0
83 A -431.049613359 0
83 C -432.25006972 0
83 D -429.315784746 0
83 E -426.783576046 0
83 F -423.859559246 0
83 G -430.742008177 0
83 H -429.094582825 0
83 I -428.187962912 0
83 K -418.418180994 0
83 L -433.457714319 0
83 M -430.662333606 0
83 N -432.482979836 0
83 P -397.486577052 0
83 Q -430.271695381 0
83 R -408.860136243 0
83 S -434.833666371 0
83 T -439.818575371 1
83 V -433.408695449 0
83 W -381.19704697 0
83 Y -413.70860297 0
84 A -436.954260895 0
84 C -435.660389522 0
84 D -435.737451578 0
84 E -436.662795992 0
84 F -435.38256635 0
84 G -437.246119829 0
84 H -438.216423551 0
84 I -435.76153267 0
84 K -437.350782826 0
84 L -437.37465987 0
84 M -436.646356789 0
84 N -436.730512236 0
84 P -425.355334937 0
84 Q -435.552608313 0
84 R -439.928222528 1
84 S -438.940854033 0
84 T -437.208251605 0
84 V -435.620819769 0
84 W -435.384881857 0
84 Y -434.45674058 0
85 A -431.577158631 0
85 C -432.127652835 0
85 D -431.386803128 0
85 E -430.853071578 0
85 F -426.927252273 0
85 G -428.620778486 0
85 H -426.39658167 0
85 I -430.012788398 0
85 K -420.600990153 0
85 L -439.930137431 1
85 M -437.763671973 0
85 N -432.673505032 0
85 P -414.374195035 0
85 Q -430.821927942 0
85 R -424.249818262 0
85 S -430.625862635 0
85 T -431.85161574 0
85 V -434.626590686 0
85 W -410.560116594 0
85 Y -421.547033664 0
86 A -430.607516699 0
86 C -431.990695198 0
86 D -426.929153431 0
86 E -428.614853779 0
86 F -423.075795253 0
86 G -428.159475 0
86 H -427.172382061 0
86 I -439.835488156 1
86 K -429.071763844 0
86 L -435.381858648 0
86 M -434.399209446 0
86 N -430.836003617 0
86 P -392.709972088 0
86 Q -431.130165192 0
86 R -429.634092946 0
86 S -430.292224955 0
86 T -433.115047404 0
86 V -436.136136614 0
86 W -426.267708191 0
86 Y -405.752631763 0
87 A -428.297260406 0
87 C -427.012168533 0
87 D -427.205065961 0
87 E -429.44965833 0
87 F -425.760957455 0
87 G -439.829851013 1
87 H -425.903443343 0
87 I -408.003653956 0
87 K -427.169660929 0
87 L -423.295415322 0
87 M -425.114149223 0
87 N -425.796083667 0
87 P -421.332779363 0
87 Q -428.881363894 0
87 R -424.636616305 0
87 S -429.44291129 0
87 T -424.61624271 0
87 V -401.538992624 0
87 W -425.098083046 0
87 Y -425.614493409 0
88 A -439.80803589 1
88 C -433.824160604 0
88 D -428.266930138 0
88 E -429.184136332 0
88 F -430.460479431 0
88 G -436.549808563 0
88 H -430.868249032 0
88 I -408.774275851 0
88 K -437.430778114 0
88 L -422.944205423 0
88 M -433.10998444 0
88 N -431.690529744 0
88 P -424.418239067 0
88 Q -429.037727457 0
88 R -437.164603859 0
88 S -439.291887782 0
88 T -438.975756775 0
88 V -432.637670125 0
88 W -430.456996167 0
88 Y -431.382506129 0
89 A -433.390597694 0
89 C -431.266539501 0
89 D -435.620608296 0
89 E -434.500955935 0
89 F -436.93727758 0
89 G -439.79850685 1
89 H -436.78769748 0
89 I -420.438707826 0
89 K -436.248043577 0
89 L -435.058497695 0
89 M -433.534539252 0
89 N -437.19379053 0
89 P -383.67794451 0
89 Q -434.91135099 0
89 R -436.096884168 0
89 S -434.837687008 0
89 T -433.775614559 0
89 V -420.321344503 0
89 W -434.969725322 0
89 Y -435.876809575 0
90 A -438.498391872 0
90 C -437.98047406 0
90 D -440.565562883 0
90 E -441.442758783 0
90 F -438.467853249 0
90 G -438.194841048 0
90 H -440.840859898 0
90 I -436.535832242 0
90 K -439.08245767 0
90 L -439.878259149 0
90 M -439.824385651 1
90 N -438.302235764 0
90 P -368.217389275 0
90 Q -442.069502098 0
90 R -440.464335739 0
90 S -438.168671106 0
90 T -436.701511048 0
90 V -436.72909819 0
90 W -437.426051244 0
90 Y -438.197825374 0
91 A -432.157309805 0
91 C -431.382478229 0
91 D -432.010479707 0
91 E -439.797997316 1
91 F -430.735795301 0
91 G -430.018164941 0
91 H -431.266218959 0
91 I -433.476871204 0
91 K -432.625705512 0
91 L -433.05232826 0
91 M -432.316079644 0
91 N -430.470315127 0
91 P -408.030572241 0
91 Q -433.965499719 0
91 R -432.567406045 0
91 S -432.573101401 0
91 T -434.177306611 0
91 V -433.571591654 0
91 W -430.106119156 0
91 Y -430.415794356 0
92 A -435.263783592 0
92 C -432.246873128 0
92 D -439.800592236 1
92 E -433.655307121 0
92 F -432.613755056 0
92 G -430.977059768 0
92 H -433.912789298 0
92 I -433.05028524 0
92 K -431.766803727 0
92 L -425.74581235 0
92 M -431.012373834 0
92 N -433.146184608 0
92 P -390.333903363 0
92 Q -432.897172822 0
92 R -433.635203529 0
92 S -433.235112344 0
92 T -435.150008797 0
92 V -434.929701046 0
92 W -432.596481772 0
92 Y -432.382903949 0
93 A -435.578562921 0
93 C -433.561655075 0
93 D -432.284579208 0
93 E -435.508216371 0
93 F -434.55752863 0
93 G -432.123475197 0
93 H -434.909263824 0
93 I -435.534170965 0
93 K -436.169687067 0
93 L -434.358809753 0
93 M -435.848143744 0
93 N -433.597512826 0
93 P -408.375692973 0
93 Q -437.391903071 0
93 R -439.868263837 1
93 S -435.594425644 0
93 T -436.256094528 0
93 V -435.723816501 0
93 W -435.507629354 0
93 Y -434.719332489 0
94 A -433.469382006 0
94 C -433.558992266 0
94 D -430.559473888 0
94 E -431.263064205 0
94 F -425.550813635 0
94 G -428.868752782 0
94 H -434.561182267 0
94 I -437.203830101 0
94 K -433.831667448 0
94 L -433.2023012 0
94 M -433.326300009 0
94 N -433.063081322 0
94 P -398.487748853 0
94 Q -430.875981519 0
94 R -433.30890571 0
94 S -432.833105941 0
94 T -436.57311644 0
94 V -439.862221484 1
94 W -431.077416674 0
94 Y -412.952976536 0
95 A -434.16935999 0
95 C -432.632104313 0
95 D -430.63488145 0
95 E -434.719280958 0
95 F -434.508329739 0
95 G -430.660323549 0
95 H -433.324497154 0
95 I -437.238532962 0
95 K -434.620780229 0
95 L -439.834120153 1
95 M -436.409209659 0
95 N -433.214015353 0
95 P -423.475748954 0
95 Q -434.252724245 0
95 R -435.425904717 0
95 S -434.164649046 0
95 T -435.422357313 0
95 V -436.780375643 0
95 W -432.254331088 0
95 Y -434.182319435 0
96 A -429.261747236 0
96 C -427.412975479 0
96 D -425.942931417 0
96 E -427.97649499 0
96 F -439.93299603 1
96 G -425.778419928 0
96 H -433.772548668 0
96 I -429.506557741 0
96 K -424.888004252 0
96 L -433.652400087 0
96 M -432.459698535 0
96 N -428.243291685 0
96 P -392.084738996 0
96 Q -431.354167922 0
96 R -429.725874659 0
96 S -429.322788939 0
96 T -430.083220569 0
96 V -430.793035695 0
96 W -439.904229072 0
96 Y -439.125566771 0
97 A -441.615269907 0
97 C -436.317546009 0
97 D -441.963682989 0
97 E -442.530713715 0
97 F -439.826466306 1
97 G -437.051077047 0
97 H -440.605187562 0
97 I -438.245820479 0
97 K -441.33841436 0
97 L -440.389666133 0
97 M -441.513904952 0
97 N -440.972000898 0
97 P -439.192420796 0
97 Q -440.239004606 0
97 R -435.394550999 0
97 S -439.570953071 0
97 T -438.902412048 0
97 V -438.570377617 0
97 W -440.49146175 0
97 Y -437.73428304 0
98 A -439.833981114 0
98 C -440.893239809 0
98 D -436.085732125 0
98 E -434.408734369 0
98 F -425.160642863 0
98 G -436.866160664 0
98 H -432.16214421 0
98 I -442.301207976 0
98 K -433.924057067 0
98 L -439.948247598 1
98 M -435.674852159 0
98 N -441.027370863 0
98 P -389.124882627 0
98 Q -437.081776116 0
98 R -439.089491519 0
98 S -441.681869723 0
98 T -443.484953218 0
98 V -445.326260837 0
98 W -427.423602854 0
98 Y -413.602582251 0
99 A -435.562207405 0
99 C -434.492059536 0
99 D -437.011322181 0
99 E -439.356360231 0
99 F -434.674672858 0
99 G -434.929133482 0
99 H -435.635800766 0
99 I -434.828753595 0
99 K -437.158900857 0
99 L -436.415578327 0
99 M -438.240057476 0
99 N -435.887482236 0
99 P -425.159090939 0
99 Q -435.542416529 0
99 R -438.68520649 0
99 S -439.838972847 1
99 T -436.506450897 0
99 V -434.458887059 0
99 W -435.294735631 0
99 Y -437.065251374 0
100 A -435.486034548 0
100 C -436.635771159 0
100 D -435.785947097 0
100 E -437.719083626 0
100 F -436.528347923 0
100 G -434.008815532 0
100 H -435.983220378 0
100 I -434.891088234 0
100 K -437.879800753 0
100 L -439.951795582 1
100 M -439.001921728 0
100 N -437.926936107 0
100 P -401.795036888 0
100 Q -435.412780191 0
100 R -437.144409614 0
100 S -437.615922672 0
100 T -435.037453248 0
100 V -436.65403163 0
100 W -439.470541843 0
100 Y -436.444220738 0
101 A -426.853631779 0
101 C -427.47097797 0
101 D -427.101081081 0
101 E -428.314293271 0
101 F -432.838015508 0
101 G -423.21478048 0
101 H -428.367622859 0
101 I -432.518922435 0
101 K -425.64707087 0
101 L -435.403016237 1
101 M -433.226390779 0
101 N -428.423202635 0
101 P -388.811931061 0
101 Q -428.847815208 0
101 R -423.708807875 0
101 S -426.662442949 0
101 T -427.253629929 0
101 V -429.173061719 0
101 W -429.265216191 0
101 Y -428.539554753 0
102 A -435.979706035 0
102 C -436.774152662 0
102 D -437.523824217 0
102 E -437.620059981 0
102 F -434.588402852 0
102 G -431.50865088 0
102 H -437.055004574 0
102 I -438.534755982 0
102 K -435.748140439 0
102 L -439.933165789 1
102 M -434.178040619 0
102 N -435.67649933 0
102 P -417.256456259 0
102 Q -437.033422527 0
102 R -436.897074834 0
102 S -438.571592451 0
102 T -437.076939043 0
102 V -439.781073601 0
102 W -435.752812451 0
102 Y -436.994518331 0
103 A -436.117018725 0
103 C -435.55555557 0
103 D -436.203348198 0
103 E -437.361963884 0
103 F -438.520804974 0
103 G -434.682174102 0
103 H -438.67831461 0
103 I -437.553747419 0
103 K -438.071456044 0
103 L -439.897755654 1
103 M -436.27186368 0
103 N -436.495820338 0
103 P -438.186670475 0
103 Q -436.399451987 0
103 R -435.191532504 0
103 S -436.703113598 0
103 T -436.841352239 0
103 V -437.049815253 0
103 W -434.048794076 0
103 Y -434.081053554 0
104 A -431.60169772 0
104 C -430.396091695 0
104 D -434.167345869 0
104 E -432.804310899 0
104 F -432.742750725 0
104 G -439.898851486 1
104 H -434.403935449 0
104 I -418.165394663 0
104 K -434.40967353 0
104 L -432.522862826 0
104 M -431.666253874 0
104 N -435.275107916 0
104 P -366.890889282 0
104 Q -432.235721672 0
104 R -433.657765555 0
104 S -432.380159017 0
104 T -427.677702817 0
104 V -417.46696697 0
104 W -431.535550404 0
104 Y -432.009201528 0
105 A -432.691060793 0
105 C -434.576441521 0
105 D -432.817062589 0
105 E -435.294186083 0
105 F -438.07143129 0
105 G -430.707147643 0
105 H -437.566662561 0
105 I -437.472191603 0
105 K -435.382349546 0
105 L -437.896159552 0
105 M -434.349038365 0
105 N -434.509433131 0
105 P -382.864618484 0
105 Q -433.605338371 0
105 R -438.823194112 0
105 S -435.078919039 0
105 T -437.533149901 0
105 V -439.866605787 1
105 W -434.792890563 0
105 Y -435.967997996 0
106 A -434.869176537 0
106 C -433.864597744 0
106 D -436.865500102 0
106 E -439.898554882 1
106 F -435.072121338 0
106 G -433.053584486 0
106 H -436.522529485 0
106 I -438.461598366 0
106 K -436.536786709 0
106 L -439.087364771 0
106 M -437.190359432 0
106 N -435.821694105 0
106 P -433.881576989 0
106 Q -435.481817963 0
106 R -436.297436018 0
106 S -435.595984893 0
106 T -436.937354402 0
106 V -437.760125464 0
106 W -435.901793106 0
106 Y -435.17442998 0
107 A -428.325948299 0
107 C -428.677240405 0
107 D -424.52023447 0
107 E -422.981819932 0
107 F -433.853774798 0
107 G -424.61059571 0
107 H -433.799028217 0
107 I -431.593742437 0
107 K -424.243789358 0
107 L -434.186367709 0
107 M -429.372066091 0
107 N -430.271631327 0
107 P -403.502409188 0
107 Q -429.051620412 0
107 R -421.213488347 0
107 S -425.132311637 0
107 T -428.442355195 0
107 V -429.741136393 0
107 W -426.08971473 0
107 Y -435.402137979 1
108 A -434.326186943 0
108 C -433.474886891 0
108 D -432.213164988 0
108 E -436.84719624 0
108 F -437.868454578 0
108 G -430.165258107 0
108 H -437.294603113 0
108 I -437.679117572 0
108 K -436.641219534 0
108 L -439.879703586 1
108 M -437.799641161 0
108 N -432.937166285 0
108 P -395.44655794 0
108 Q -435.833410287 0
108 R -438.905055102 0
108 S -433.86431222 0
108 T -436.06737909 0
108 V -438.147465205 0
108 W -435.729465671 0
108 Y -436.312141992 0
109 A -422.538358441 0
109 C -428.297850941 0
109 D -424.508279192 0
109 E -427.132164779 0
109 F -439.911811949 1
109 G -418.893221581 0
109 H -431.534746052 0
109 I -434.65586073 0
109 K -416.332192122 0
109 L -434.04971535 0
109 M -421.332406621 0
109 N -426.521588246 0
109 P -398.337793678 0
109 Q -426.403157523 0
109 R -420.747849602 0
109 S -426.501933179 0
109 T -430.12051777 0
109 V -433.007633144 0
109 W -428.811465241 0
109 Y -437.751342982 0
110 A -429.089687278 0
110 C -428.870796353 0
110 D -426.503507274 0
110 E -429.329838212 0
110 F -440.367035816 0
110 G -426.638780944 0
110 H -433.754543885 0
110 I -427.303449257 0
110 K -425.279858873 0
110 L -433.530649653 0
110 M -433.432589103 0
110 N -429.240323807 0
110 P -376.614145386 0
110 Q -430.023699986 0
110 R -427.20055608 0
110 S -429.418731398 0
110 T -429.406582299 0
110 V -427.511617791 0
110 W -431.140123098 0
110 Y -439.978097507 1
111 A -436.762043987 0
111 C -437.089559926 0
111 D -434.652548247 0
111 E -416.577845013 0
111 F -389.092171754 0
111 G -431.923083711 0
111 H -417.30086343 0
111 I -426.154239887 0
111 K -406.537791857 0
111 L -422.922027257 0
111 M -412.108038302 0
111 N -432.285672486 0
111 P -392.548085369 0
111 Q -417.349774847 0
111 R -399.236699788 0
111 S -435.710111787 0
111 T -436.355859841 0
111 V -439.897901241 1
111 W -377.807474609 0
111 Y -392.297575518 0
112 A -433.397893855 0
112 C -434.59779628 0
112 D -431.989640075 0
112 E -427.732281776 0
112 F -412.472119668 0
112 G -430.282329498 0
112 H -419.982879724 0
112 I -428.420566909 0
112 K -416.018786197 0
112 L -434.875481574 0
112 M -431.168944005 0
112 N -432.751107709 0
112 P -425.732635749 0
112 Q -430.339354122 0
112 R -420.349391135 0
112 S -435.771651393 0
112 T -440.039763208 1
112 V -435.891599717 0
112 W -418.383827616 0
112 Y -404.935544634 0
113 A -434.370770618 0
113 C -432.574513626 0
113 D -431.654297583 0
113 E -431.407810998 0
113 F -439.942184598 1
113 G -432.07086479 0
113 H -437.05299096 0
113 I -424.227025031 0
113 K -431.811679857 0
113 L -431.921530546 0
113 M -429.149621341 0
113 N -433.063782063 0
113 P -410.189403987 0
113 Q -430.283185019 0
113 R -434.888178969 0
113 S -433.547814681 0
113 T -434.936236777 0
113 V -432.341637787 0
113 W -437.98290587 0
113 Y -439.421489475 0
114 A -434.33067084 0
114 C -432.505446484 0
114 D -435.025500538 0
114 E -436.506038969 0
114 F -434.50219696 0
114 G -426.058301169 0
114 H -434.547970551 0
114 I -434.958097835 0
114 K -436.120011811 0
114 L -434.910778535 0
114 M -433.555238398 0
114 N -434.557584957 0
114 P -439.916289985 1
114 Q -434.227555628 0
114 R -435.052731559 0
114 S -434.554932961 0
114 T -434.607963337 0
114 V -434.524821619 0
114 W -433.542113118 0
114 Y -434.469406794 0
115 A -431.921356117 0
115 C -428.401333538 0
115 D -434.470366278 0
115 E -434.486502537 0
115 F -433.477560408 0
115 G -439.918964449 1
115 H -434.252965877 0
115 I -419.400893954 0
115 K -434.101720437 0
115 L -433.003731359 0
115 M -430.762897776 0
115 N -435.257230989 0
115 P -370.323013519 0
115 Q -433.203820344 0
115 R -433.38255074 0
115 S -432.675784779 0
115 T -432.046856988 0
115 V -419.014559222 0
115 W -432.192894042 0
115 Y -432.812850273 0
116 A -441.25640384 0
116 C -440.83276942 0
116 D -438.432689962 0
116 E -432.686428381 0
116 F -442.089701447 0
116 G -435.661187263 0
116 H -441.319113619 0
116 I -436.119475183 0
116 K -436.221259805 0
116 L -437.02715419 0
116 M -439.939908471 1
116 N -439.763001787 0
116 P -371.05703229 0
116 Q -436.712323481 0
116 R -438.21147959 0
116 S -439.175311901 0
116 T -434.282780737 0
116 V -439.0165312 0
116 W -416.875178802 0
116 Y -439.130146454 0
117 A -437.09717208 0
117 C -434.510594363 0
117 D -437.551183279 0
117 E -437.671662501 0
117 F -438.991153173 0
117 G -434.685833203 0
117 H -439.909198931 1
117 I -432.877227893 0
117 K -432.719106903 0
117 L -431.503928184 0
117 M -434.261168563 0
117 N -437.040221708 0
117 P -423.92421885 0
117 Q -436.252621409 0
117 R -435.848010679 0
117 S -437.978788233 0
117 T -433.359330235 0
117 V -434.120830191 0
117 W -440.273586359 0
117 Y -438.75284349 0
118 A -437.59535287 0
118 C -434.522674016 0
118 D -437.967993532 0
118 E -437.908846884 0
118 F -436.868713482 0
118 G -434.707517839 0
118 H -437.371008683 0
118 I -437.52075727 0
118 K -437.815700264 0
118 L -438.899769768 0
118 M -437.124213618 0
118 N -437.783393747 0
118 P -415.98798079 0
118 Q -436.82644773 0
118 R -439.892277291 1
118 S -436.412696622 0
118 T -436.233574077 0
118 V -437.60924194 0
118 W -436.855148857 0
118 Y -436.702223598 0
119 A -437.609072188 0
119 C -436.312066914 0
119 D -439.650220364 0
119 E -439.211978525 0
119 F -439.909542285 1
119 G -435.85507562 0
119 H -439.564870641 0
119 I -438.969841913 0
119 K -439.660912678 0
119 L -440.581630952 0
119 M -437.516702311 0
119 N -438.618760582 0
119 P -405.70434279 0
119 Q -437.913335592 0
119 R -438.692354304 0
119 S -437.433611029 0
119 T -438.006543201 0
119 V -437.894943842 0
119 W -438.769001173 0
119 Y -440.070527781 0
120 A -437.482050894 0
120 C -436.907415913 0
120 D -432.738232437 0
120 E -431.362148991 0
120 F -407.086152434 0
120 G -431.85299258 0
120 H -431.545344191 0
120 I -432.217523693 0
120 K -420.783232488 0
120 L -437.919636103 0
120 M -439.945528469 1
120 N -436.844121617 0
120 P -358.261963029 0
120 Q -435.802765228 0
120 R -413.550229131 0
120 S -434.264295481 0
120 T -434.710354344 0
120 V -434.07625851 0
120 W -412.993765955 0
120 Y -404.250978673 0
121 A -437.701156227 0
121 C -435.708876446 0
121 D -431.746386981 0
121 E -434.956693985 0
121 F -439.224295935 0
121 G -434.849046491 0
121 H -438.437933965 0
121 I -436.699869278 0
121 K -437.504606566 0
121 L -437.114928424 0
121 M -439.229107396 0
121 N -438.101859357 0
121 P -396.54033655 0
121 Q -436.909642515 0
121 R -438.570834748 0
121 S -437.641181936 0
121 T -436.580108875 0
121 V -436.892563179 0
121 W -439.934748844 1
121 Y -439.114823823 0
122 A -422.929279835 0
122 C -398.13223877 0
122 D -393.795103294 0
122 E -385.331808052 0
122 F -400.919615389 0
122 G -439.877110281 1
122 H -397.695138367 0
122 I -384.647223285 0
122 K -390.874730212 0
122 L -401.097675142 0
122 M -401.947259264 0
122 N -397.698337819 0
122 P -340.072565947 0
122 Q -398.042979101 0
122 R -392.550163226 0
122 S -401.302593355 0
122 T -382.86054864 0
122 V -384.697015712 0
122 W -387.115556529 0
122 Y -398.020974531 0
123 A -436.341062974 0
123 C -435.494944109 0
123 D -435.295182399 0
123 E -436.943332773 0
123 F -439.880285926 0
123 G -434.035031247 0
123 H -437.892147495 0
123 I -437.60191405 0
123 K -438.224350931 0
123 L -438.575195936 0
123 M -437.517748971 0
123 N -436.431891738 0
123 P -420.127519214 0
123 Q -438.394425475 0
123 R -439.908536534 1
123 S -436.359920497 0
123 T -436.562983555 0
123 V -437.533210532 0
123 W -439.17672803 0
123 Y -439.579732336 0
124 A -425.849269273 0
124 C -428.270211071 0
124 D -427.060225465 0
124 E -429.418932021 0
124 F -434.342553395 0
124 G -423.299996747 0
124 H -429.692674296 0
124 I -430.444706258 0
124 K -420.408039863 0
124 L -435.113884629 1
124 M -436.242828239 0
124 N -426.990714289 0
124 P -386.508113603 0
124 Q -429.351549983 0
124 R -430.561743278 0
124 S -425.91576695 0
124 T -428.223643322 0
124 V -432.60428782 0
124 W -433.560121113 0
124 Y -435.697418562 0
125 A -435.631185606 0
125 C -435.245141595 0
125 D -433.621257742 0
125 E -436.039150002 0
125 F -437.85255091 0
125 G -431.838349492 0
125 H -434.927943902 0
125 I -437.099839218 0
125 K -434.877604449 0
125 L -437.79926018 1
125 M -435.401987036 0
125 N -436.066748222 0
125 P -397.031057563 0
125 Q -438.331286888 0
125 R -434.652944552 0
125 S -434.957293007 0
125 T -435.45000078 0
125 V -438.155193719 0
125 W -433.877107274 0
125 Y -429.956116017 0
126 A -429.006333111 0
126 C -429.007037459 0
126 D -427.806325351 0
126 E -428.166155747 0
126 F -431.753141171 0
126 G -426.156606228 0
126 H -432.33911611 0
126 I -433.997990472 0
126 K -432.179254669 0
126 L -437.508611054 1
126 M -432.79728901 0
126 N -431.445176235 0
126 P -426.035919552 0
126 Q -430.749033284 0
126 R -429.177012011 0
126 S -429.160056033 0
126 T -431.873639997 0
126 V -433.534009271 0
126 W -425.078770182 0
126 Y -431.359654901 0
127 A -433.8705953 0
127 C -435.613347649 0
127 D -435.031852564 0
127 E -438.108455235 0
127 F -433.845292151 0
127 G -435.692764759 0
127 H -437.11211279 0
127 I -437.424225897 0
127 K -435.411945219 0
127 L -437.976281895 0
127 M -438.38644388 0
127 N -436.410851286 0
127 P -406.300953573 0
127 Q -437.461165081 0
127 R -437.444698874 1
127 S -433.861318963 0
127 T -436.554853562 0
127 V -438.406937315 0
127 W -431.199930776 0
127 Y -431.417317446 0
