1 A -439.943153329 0
1 C -438.527866463 0
1 D -441.420431944 0
1 E -441.407536206 0
1 F -440.407766514 0
1 G -440.301745153 0
1 H -441.183387395 0
1 I -439.924135483 0
1 K -441.384280163 0
1 L -441.642226601 0
1 M -440.137683936 0
1 N -440.056742537 0
1 P -444.405698198 1
1 Q -440.085554131 0
1 R -440.57606217 0
1 S -441.082366288 0
1 T -439.863845671 0
1 V -439.167070895 0
1 W -442.328995665 0
1 Y -440.626618436 0
2 A -442.921732995 1
2 C -442.921732995 1
2 D -442.921732995 1
2 E -442.921732995 1
2 F -442.921732995 1
2 G -442.921732995 1
2 H -442.921732995 1
2 I -442.921732995 1
2 K -442.921732995 1
2 L -442.921732995 1
2 M -442.921732995 1
2 N -442.921732995 1
2 P -442.921732995 1
2 Q -442.921732995 1
2 R -442.921732995 1
2 S -442.921732995 1
2 T -442.921732995 1
2 V -442.921732995 1
2 W -442.921732995 1
2 Y -442.921732995 1
3 A -443.401586931 0
3 C -441.89970258 0
3 D -437.861890302 0
3 E -442.545880324 0
3 F -442.638416652 0
3 G -440.513335177 0
3 H -440.074516676 0
3 I -437.462801971 0
3 K -441.024921542 0
3 L -443.209852247 0
3 M -443.185056163 0
3 N -439.941851021 0
3 P -366.210613128 0
3 Q -442.837231422 0
3 R -442.961651062 1
3 S -441.433318509 0
3 T -440.794889721 0
3 V -441.80919796 0
3 W -438.859983256 0
3 Y -442.091259733 0
4 A -440.343603232 0
4 C -440.888067344 0
4 D -437.415457473 0
4 E -440.125475944 0
4 F -437.533462763 0
4 G -437.242950918 0
4 H -438.985254444 0
4 I -444.962476628 0
4 K -437.645895642 0
4 L -444.356663736 1
4 M -441.789165129 0
4 N -440.205351234 0
4 P -396.211176275 0
4 Q -439.733574372 0
4 R -438.605816098 0
4 S -440.703733604 0
4 T -443.260212552 0
4 V -445.253601525 0
4 W -437.197527379 0
4 Y -437.38602353 0
5 A -439.291408566 0
5 C -439.130128093 0
5 D -439.550492599 0
5 E -441.813228168 0
5 F -442.698230981 0
5 G -436.538897176 0
5 H -441.277524602 0
5 I -444.375806774 1
5 K -442.211481845 0
5 L -444.17048106 0
5 M -442.519763654 0
5 N -440.428610041 0
5 P -434.838463003 0
5 Q -440.286231341 0
5 R -442.705326484 0
5 S -439.882272991 0
5 T -441.80242664 0
5 V -443.937636526 0
5 W -443.364309666 0
5 Y -442.741321012 0
6 A -436.645263024 0
6 C -436.363367218 0
6 D -430.300676285 0
6 E -435.635851298 0
6 F -423.965995408 0
6 G -432.566407041 0
6 H -427.435482646 0
6 I -444.388473198 1
6 K -426.100374838 0
6 L -440.754924576 0
6 M -440.567416188 0
6 N -433.266591939 0
6 P -395.391707724 0
6 Q -437.73754667 0
6 R -426.357480924 0
6 S -436.164594541 0
6 T -439.068807426 0
6 V -442.206548452 0
6 W -426.340021565 0
6 Y -421.03696093 0
7 A -440.554593469 0
7 C -440.350752171 0
7 D -437.984690211 0
7 E -441.7746329 0
7 F -445.538409366 0
7 G -437.342863 0
7 H -445.627347369 0
7 I -439.404577621 0
7 K -441.509641659 0
7 L -444.370823401 1
7 M -440.923444991 0
7 N -442.675351791 0
7 P -419.953637663 0
7 Q -441.72788526 0
7 R -442.359328194 0
7 S -439.997222225 0
7 T -439.217178874 0
7 V -438.342699391 0
7 W -439.900068479 0
7 Y -444.345490734 0
8 A -438.451925851 0
8 C -438.835445955 0
8 D -434.281839698 0
8 E -430.791357247 0
8 F -427.906208119 0
8 G -433.552692955 0
8 H -428.917935501 0
8 I -429.547287499 0
8 K -415.590318033 0
8 L -431.555033487 0
8 M -431.808514567 0
8 N -437.352046908 0
8 P -395.370824084 0
8 Q -431.524307556 0
8 R -411.598261621 0
8 S -439.057031735 0
8 T -439.752324499 0
8 V -443.621175033 1
8 W -396.419161972 0
8 Y -423.291650497 0
9 A -437.141528107 0
9 C -436.970590138 0
9 D -444.563750375 0
9 E -441.732455364 0
9 F -440.321141165 0
9 G -440.157490381 0
9 H -438.553201831 0
9 I -437.346060092 0
9 K -438.439649306 0
9 L -439.290807322 0
9 M -437.67830326 0
9 N -443.612948912 1
9 P -418.544987887 0
9 Q -437.303465056 0
9 R -437.479303969 0
9 S -441.43981123 0
9 T -441.981423536 0
9 V -437.684283785 0
9 W -438.749478321 0
9 Y -440.296309822 0
10 A -433.123161663 0
10 C -431.64107083 0
10 D -443.568759968 1
10 E -437.66556174 0
10 F -433.395100478 0
10 G -431.942227546 0
10 H -437.016130276 0
10 I -432.979056539 0
10 K -433.525788952 0
10 L -434.5361619 0
10 M -432.964138833 0
10 N -434.169596223 0
10 P -424.809311791 0
10 Q -435.080670157 0
10 R -432.961422804 0
10 S -434.226202721 0
10 T -433.371045954 0
10 V -432.114976766 0
10 W -434.548465638 0
10 Y -433.623402944 0
11 A -441.701218889 0
11 C -439.886028763 0
11 D -443.954827145 0
11 E -443.241405518 0
11 F -442.449182573 0
11 G -440.97513358 0
11 H -443.866584082 0
11 I -440.929256559 0
11 K -443.146916427 0
11 L -443.588076206 1
11 M -441.630005336 0
11 N -443.516033466 0
11 P -414.403029943 0
11 Q -442.36617009 0
11 R -442.574008141 0
11 S -441.996049467 0
11 T -442.549924965 0
11 V -440.230502395 0
11 W -441.700546199 0
11 Y -442.698195605 0
12 A -439.718344262 0
12 C -439.212612376 0
12 D -441.491714499 0
12 E -440.820371926 0
12 F -440.632876621 0
12 G -439.488654692 0
12 H -440.147831199 0
12 I -426.021567513 0
12 K -441.707142482 0
12 L -439.872356075 0
12 M -440.203990957 0
12 N -443.659086408 1
12 P -389.032777121 0
12 Q -440.929009856 0
12 R -441.173675691 0
12 S -439.108657819 0
12 T -434.573207261 0
12 V -426.199338923 0
12 W -434.278018316 0
12 Y -439.239114316 0
13 A -441.77283128 0
13 C -441.962044573 0
13 D -440.1606095 0
13 E -444.640161811 0
13 F -443.464290625 0
13 G -438.716479397 0
13 H -443.322482194 0
13 I -442.502856352 0
13 K -443.53796413 0
13 L -444.854033361 0
13 M -442.653546074 0
13 N -441.260918486 0
13 P -416.576453138 0
13 Q -444.693595593 0
13 R -443.604834573 1
13 S -440.855906127 0
13 T -442.917687256 0
13 V -442.178430963 0
13 W -443.674444092 0
13 Y -443.760172808 0
14 A -434.337936704 0
14 C -435.356846474 0
14 D -434.062219175 0
14 E -434.773927347 0
14 F -443.630211107 1
14 G -427.814342469 0
14 H -438.416710951 0
14 I -433.577955646 0
14 K -430.421694143 0
14 L -437.528054807 0
14 M -439.693478935 0
14 N -436.510898799 0
14 P -434.032011799 0
14 Q -435.90623505 0
14 R -434.911327104 0
14 S -434.154355986 0
14 T -437.430931607 0
14 V -431.216073765 0
14 W -433.055527653 0
14 Y -440.020699066 0
15 A -438.465773686 0
15 C -438.1912013 0
15 D -443.607659494 1
15 E -438.772018195 0
15 F -438.594231974 0
15 G -437.625492372 0
15 H -438.85877897 0
15 I -439.151309445 0
15 K -437.902459291 0
15 L -438.752260029 0
15 M -439.475227506 0
15 N -443.479159057 0
15 P -411.289727669 0
15 Q -437.921982216 0
15 R -437.651847298 0
15 S -439.364619403 0
15 T -439.698229224 0
15 V -439.981223157 0
15 W -437.836317442 0
15 Y -439.345344995 0
16 A -442.957518096 0
16 C -442.471815922 0
16 D -440.221427182 0
16 E -441.078208777 0
16 F -442.341645897 0
16 G -439.241362915 0
16 H -443.307594949 0
16 I -443.275158611 0
16 K -444.397879761 0
16 L -442.081556671 0
16 M -441.477497129 0
16 N -442.127546235 0
16 P -397.740938834 0
16 Q -440.975722944 0
16 R -443.605797995 1
16 S -444.036266173 0
16 T -447.03842833 0
16 V -444.46672712 0
16 W -442.805634393 0
16 Y -442.741119084 0
17 A -439.915914457 0
17 C -438.038463909 0
17 D -443.532556171 1
17 E -442.234499291 0
17 F -440.820628469 0
17 G -439.74562032 0
17 H -445.462783796 0
17 I -441.603896553 0
17 K -441.717370721 0
17 L -441.429509668 0
17 M -439.765072527 0
17 N -442.539118153 0
17 P -430.963654718 0
17 Q -439.999221861 0
17 R -442.70122691 0
17 S -441.937334183 0
17 T -442.515974296 0
17 V -441.115238946 0
17 W -441.587582519 0
17 Y -442.883206358 0
18 A -439.631975251 0
18 C -439.880088984 0
18 D -438.17929878 0
18 E -441.340221909 0
18 F -439.162687721 0
18 G -436.646017306 0
18 H -439.820889677 0
18 I -441.889620034 0
18 K -440.704902934 0
18 L -444.30852427 1
18 M -441.716360497 0
18 N -439.841892546 0
18 P -395.996139846 0
18 Q -440.066599347 0
18 R -440.377519149 0
18 S -440.795919093 0
18 T -440.322242024 0
18 V -441.077014512 0
18 W -437.142337073 0
18 Y -437.549486972 0
19 A -434.484536204 0
19 C -434.687188254 0
19 D -432.483899476 0
19 E -435.690059965 0
19 F -439.054042073 0
19 G -429.060573276 0
19 H -437.526628771 0
19 I -442.965185189 1
19 K -429.221964448 0
19 L -439.266788186 0
19 M -438.975602644 0
19 N -435.158278923 0
19 P -389.871049352 0
19 Q -433.029769161 0
19 R -432.298418898 0
19 S -434.045982943 0
19 T -437.241947447 0
19 V -440.750161554 0
19 W -431.99976737 0
19 Y -432.112807894 0
20 A -437.236860558 0
20 C -437.522248963 0
20 D -437.817129727 0
20 E -439.928121861 0
20 F -441.692651171 0
20 G -432.856624051 0
20 H -439.780064589 0
20 I -444.360328095 1
20 K -440.179185211 0
20 L -442.613589876 0
20 M -439.326193928 0
20 N -439.163079488 0
20 P -429.154256649 0
20 Q -437.943858163 0
20 R -439.960482863 0
20 S -438.249144628 0
20 T -440.264383651 0
20 V -442.650653251 0
20 W -438.443978609 0
20 Y -438.312560933 0
21 A -428.89238634 0
21 C -432.663409168 0
21 D -428.288450594 0
21 E -431.891414538 0
21 F -430.969583607 0
21 G -422.681459382 0
21 H -430.547905196 0
21 I -440.901324631 0
21 K -424.378531665 0
21 L -439.987652855 0
21 M -436.419411839 0
21 N -431.947817813 0
21 P -397.456252502 0
21 Q -431.879110307 0
21 R -419.101658663 0
21 S -430.36478611 0
21 T -434.087332643 0
21 V -444.369090785 1
21 W -424.024504771 0
21 Y -425.411110905 0
22 A -436.539300608 0
22 C -435.336657005 0
22 D -444.409783633 1
22 E -440.048237859 0
22 F -436.197663459 0
22 G -434.02630395 0
22 H -437.551404889 0
22 I -438.15444941 0
22 K -434.79004321 0
22 L -438.791683605 0
22 M -437.571601027 0
22 N -438.956322635 0
22 P -436.797705488 0
22 Q -437.621168589 0
22 R -434.362441242 0
22 S -436.385539015 0
22 T -434.87726911 0
22 V -437.621295892 0
22 W -436.380830567 0
22 Y -434.040718144 0
23 A -444.729709929 0
23 C -443.906755944 0
23 D -442.497920342 0
23 E -444.776158553 0
23 F -443.928313223 0
23 G -443.022739368 0
23 H -444.851913078 0
23 I -445.766052326 0
23 K -444.58445029 0
23 L -447.116101232 0
23 M -444.234788682 0
23 N -443.272752476 0
23 P -401.501398786 0
23 Q -443.188240291 0
23 R -444.869059391 0
23 S -444.520489433 0
23 T -443.595515563 0
23 V -444.617255439 0
23 W -445.25956004 0
23 Y -444.344903294 1
24 A -439.597548352 0
24 C -438.461755608 0
24 D -439.131587316 0
24 E -439.652032386 0
24 F -437.865033091 0
24 G -438.892393025 0
24 H -440.735869622 0
24 I -438.509696411 0
24 K -440.871228342 0
24 L -439.65013195 0
24 M -439.403127426 0
24 N -440.853803213 0
24 P -421.838003601 0
24 Q -439.65460274 0
24 R -444.353205164 1
24 S -441.307933901 0
24 T -438.972838677 0
24 V -438.172473759 0
24 W -438.59206014 0
24 Y -437.357162191 0
25 A -442.902976265 1
25 C -442.902976265 1
25 D -442.902976265 1
25 E -442.902976265 1
25 F -442.902976265 1
25 G -442.902976265 1
25 H -442.902976265 1
25 I -442.902976265 1
25 K -442.902976265 1
25 L -442.891650198 1
25 M -442.902976265 1
25 N -442.902976265 1
25 P -440.920170455 1
25 Q -442.902976265 1
25 R -442.902976265 1
25 S -442.902976265 1
25 T -442.902976265 1
25 V -442.902976265 1
25 W -442.902976265 1
25 Y -442.902976265 1
26 A -443.492808822 0
26 C -440.952934586 0
26 D -445.145232462 0
26 E -445.303235278 0
26 F -439.467496933 0
26 G -442.241212619 0
26 H -441.313523486 0
26 I -444.043841215 0
26 K -445.167830886 0
26 L -444.930974269 0
26 M -441.267618461 0
26 N -443.771156412 0
26 P -441.037841736 0
26 Q -443.570722434 0
26 R -442.881512046 1
26 S -444.359820215 0
26 T -444.145241789 0
26 V -443.874717374 0
26 W -440.118025742 0
26 Y -439.860262678 0
27 A -443.288466925 0
27 C -439.686097518 0
27 D -441.007957005 0
27 E -439.924184077 0
27 F -444.255909204 0
27 G -439.438505644 0
27 H -441.818396249 0
27 I -440.69788577 0
27 K -442.299390115 0
27 L -442.880726271 1
27 M -443.979966945 0
27 N -439.025170926 0
27 P -407.055988549 0
27 Q -441.931985029 0
27 R -442.316257532 0
27 S -442.85617468 0
27 T -442.629934811 0
27 V -443.282435104 0
27 W -442.826572931 0
27 Y -444.067068167 0
28 A -435.025992639 0
28 C -434.789948709 0
28 D -434.845483637 0
28 E -431.806151397 0
28 F -446.037902341 0
28 G -429.660161511 0
28 H -441.218964147 0
28 I -437.836232064 0
28 K -432.752142219 0
28 L -437.445153161 0
28 M -437.914857645 0
28 N -435.779158893 0
28 P -392.429327773 0
28 Q -432.479482079 0
28 R -431.969032827 0
28 S -434.743276156 0
28 T -434.841528129 0
28 V -440.16847107 0
28 W -438.916612894 0
28 Y -444.394430192 1
29 A -438.559489706 0
29 C -438.923576416 0
29 D -436.422935236 0
29 E -440.25187677 0
29 F -436.191003823 0
29 G -434.386617579 0
29 H -437.733482943 0
29 I -439.980760331 0
29 K -438.252275031 0
29 L -442.9611125 1
29 M -440.371008289 0
29 N -436.766878526 0
29 P -401.370136274 0
29 Q -438.384054138 0
29 R -440.046253906 0
29 S -436.999043328 0
29 T -439.271855498 0
29 V -439.577286121 0
29 W -430.427310239 0
29 Y -430.260479101 0
30 A -435.106386264 0
30 C -436.562297132 0
30 D -436.018808301 0
30 E -434.459969783 0
30 F -436.222668316 0
30 G -428.686872502 0
30 H -438.16559123 0
30 I -445.025719366 0
30 K -427.51700541 0
30 L -436.842458502 0
30 M -438.518221575 0
30 N -435.514629865 0
30 P -407.53155829 0
30 Q -433.560724784 0
30 R -427.135874625 0
30 S -435.427098044 0
30 T -437.661798367 0
30 V -444.448092528 1
30 W -421.756167154 0
30 Y -430.175828366 0
31 A -437.816523458 0
31 C -437.148971461 0
31 D -437.753215441 0
31 E -438.931248883 0
31 F -437.430361062 0
31 G -430.480198635 0
31 H -437.098340217 0
31 I -444.403103322 1
31 K -435.025354087 0
31 L -439.638143064 0
31 M -440.06287136 0
31 N -439.338902543 0
31 P -405.437786813 0
31 Q -438.066528896 0
31 R -441.826663896 0
31 S -435.659435071 0
31 T -438.954672901 0
31 V -443.433033954 0
31 W -438.238219541 0
31 Y -438.552479388 0
32 A -433.275734368 0
32 C -435.523904543 0
32 D -432.298441869 0
32 E -433.445204479 0
32 F -422.922703298 0
32 G -430.11356546 0
32 H -434.168233815 0
32 I -439.870189052 0
32 K -424.791394309 0
32 L -444.379490019 1
32 M -438.693601625 0
32 N -435.487144029 0
32 P -405.548976846 0
32 Q -435.290170324 0
32 R -423.20668776 0
32 S -435.157594477 0
32 T -437.453835736 0
32 V -439.880475615 0
32 W -414.109210899 0
32 Y -419.430482258 0
33 A -440.223719655 0
33 C -440.156954449 0
33 D -434.771690564 0
33 E -441.190772257 0
33 F -440.052198069 0
33 G -439.241175282 0
33 H -441.455953353 0
33 I -442.392259046 0
33 K -442.752796462 0
33 L -444.379790178 1
33 M -441.454728914 0
33 N -439.745217725 0
33 P -404.817122872 0
33 Q -442.951004887 0
33 R -443.825718291 0
33 S -439.641710909 0
33 T -441.073257104 0
33 V -441.938537749 0
33 W -436.070898648 0
33 Y -439.495529706 0
34 A -439.615911386 0
34 C -439.053610823 0
34 D -441.362237918 0
34 E -430.128894978 0
34 F -439.377019569 0
34 G -426.314549017 0
34 H -444.390927548 1
34 I -437.984585563 0
34 K -432.628332958 0
34 L -419.784908165 0
34 M -439.889824156 0
34 N -444.578257738 0
34 P -387.024447053 0
34 Q -437.948772174 0
34 R -426.818673309 0
34 S -439.116430363 0
34 T -440.237259198 0
34 V -444.103918094 0
34 W -402.718272343 0
34 Y -435.098788177 0
35 A -440.74220688 0
35 C -440.08374702 0
35 D -443.929720884 0
35 E -442.735351552 0
35 F -442.401822376 0
35 G -440.597474367 0
35 H -443.698510315 0
35 I -442.632579223 0
35 K -442.997046279 0
35 L -443.007501444 0
35 M -442.75778376 0
35 N -443.214735411 0
35 P -444.368764188 1
35 Q -442.884900931 0
35 R -442.69258836 0
35 S -442.591555842 0
35 T -443.350746442 0
35 V -441.912143608 0
35 W -442.976961273 0
35 Y -442.107838163 0
36 A -426.044746266 0
36 C -419.635799388 0
36 D -417.758275183 0
36 E -405.935768436 0
36 F -409.172065499 0
36 G -444.359449983 1
36 H -410.700354617 0
36 I -405.34369503 0
36 K -411.173352596 0
36 L -413.892514292 0
36 M -404.002721436 0
36 N -415.493505816 0
36 P -393.368163769 0
36 Q -402.239281724 0
36 R -412.506184137 0
36 S -424.366604658 0
36 T -415.119617283 0
36 V -411.779766702 0
36 W -371.655070946 0
36 Y -408.674169842 0
37 A -441.700524509 0
37 C -441.431519064 0
37 D -443.587397286 0
37 E -444.182129863 0
37 F -445.479921883 0
37 G -441.647785444 0
37 H -444.371140328 0
37 I -443.251249832 0
37 K -444.722657342 0
37 L -444.456783396 0
37 M -442.341533859 0
37 N -443.784215564 0
37 P -430.256006045 0
37 Q -443.428561266 0
37 R -444.353995469 1
37 S -443.482303329 0
37 T -444.364392235 0
37 V -443.528047665 0
37 W -445.681224321 0
37 Y -445.039824618 0
38 A -443.299668675 0
38 C -442.200854077 0
38 D -441.861819731 0
38 E -443.693879473 0
38 F -444.348793229 1
38 G -441.344974541 0
38 H -444.552318012 0
38 I -443.087678592 0
38 K -443.673796304 0
38 L -443.646782241 0
38 M -443.338554633 0
38 N -443.258396781 0
38 P -420.33330546 0
38 Q -443.017854969 0
38 R -442.048920885 0
38 S -442.43968725 0
38 T -442.095391231 0
38 V -442.359715338 0
38 W -444.810492121 0
38 Y -442.682961582 0
39 A -441.524876937 0
39 C -439.787137268 0
39 D -441.849484734 0
39 E -441.736022741 0
39 F -438.952223549 0
39 G -441.440158786 0
39 H -441.285489049 0
39 I -437.619160922 0
39 K -441.367870033 0
39 L -441.755215857 0
39 M -440.492546485 0
39 N -441.129570775 0
39 P -445.743341575 0
39 Q -440.3592306 0
39 R -442.394943329 0
39 S -444.33240456 1
39 T -443.240968653 0
39 V -440.388266566 0
39 W -439.127231106 0
39 Y -438.928577902 0
40 A -439.577127215 0
40 C -437.044905577 0
40 D -436.422430547 0
40 E -439.285081196 0
40 F -436.358505976 0
40 G -437.321626679 0
40 H -439.069927425 0
40 I -440.947766658 0
40 K -444.433653616 1
40 L -440.779277822 0
40 M -439.76812 0
40 N -438.72587197 0
40 P -438.32888576 0
40 Q -439.864384586 0
40 R -442.275386802 0
40 S -439.107240832 0
40 T -441.024343643 0
40 V -440.441748316 0
40 W -433.929392655 0
40 Y -437.512038211 0
41 A -441.087942683 0
41 C -438.781774892 0
41 D -442.53547812 0
41 E -444.414253767 1
41 F -440.123795682 0
41 G -439.552565693 0
41 H -442.476559493 0
41 I -438.143374977 0
41 K -441.760229634 0
41 L -438.174804695 0
41 M -439.385947182 0
41 N -441.253613196 0
41 P -427.776756565 0
41 Q -441.083572075 0
41 R -441.142767632 0
41 S -442.242600823 0
41 T -435.486945134 0
41 V -438.204312853 0
41 W -441.260140881 0
41 Y -440.077849988 0
42 A -441.339307518 0
42 C -440.067548628 0
42 D -441.211763646 0
42 E -441.7407356 0
42 F -442.364046343 0
42 G -438.238451683 0
42 H -442.300070223 0
42 I -444.383702976 0
42 K -443.286505695 0
42 L -443.056183055 0
42 M -440.92267903 0
42 N -442.024406193 0
42 P -394.032539014 0
42 Q -441.360810994 0
42 R -442.059608215 0
42 S -440.491704075 0
42 T -442.845834874 0
42 V -444.417901644 1
42 W -439.296359864 0
42 Y -442.634311464 0
43 A -441.653953443 0
43 C -438.178762629 0
43 D -437.114717022 0
43 E -435.43979949 0
43 F -438.43086732 0
43 G -436.554748685 0
43 H -438.597587431 0
43 I -436.354613364 0
43 K -439.38281021 0
43 L -440.624397151 0
43 M -438.948953469 0
43 N -441.372263032 0
43 P -362.892590433 0
43 Q -438.952427357 0
43 R -444.21489524 1
43 S -439.645484853 0
43 T -439.333709786 0
43 V -437.898381525 0
43 W -431.68532543 0
43 Y -438.692254686 0
44 A -439.802097264 0
44 C -426.882636953 0
44 D -413.921750291 0
44 E -420.734996146 0
44 F -393.292961546 0
44 G -444.435042728 1
44 H -411.520380947 0
44 I -404.492518228 0
44 K -402.837284502 0
44 L -408.472918507 0
44 M -421.776017162 0
44 N -423.576779018 0
44 P -427.329758671 0
44 Q -416.82547021 0
44 R -407.273343675 0
44 S -432.7885302 0
44 T -425.127883648 0
44 V -413.598208894 0
44 W -398.199829399 0
44 Y -392.47679254 0
45 A -444.927247023 0
45 C -444.219527917 0
45 D -437.154280742 0
45 E -433.755286305 0
45 F -445.609096311 0
45 G -438.210325428 0
45 H -443.695427192 1
45 I -441.228351306 0
45 K -433.623251735 0
45 L -438.633686053 0
45 M -443.125596912 0
45 N -444.597927587 0
45 P -400.710249055 0
45 Q -441.038938682 0
45 R -440.730805331 0
45 S -442.543948929 0
45 T -442.33143286 0
45 V -441.903528113 0
45 W -423.470451627 0
45 Y -444.478419598 0
46 A -438.380032462 0
46 C -438.626630085 0
46 D -439.098276926 0
46 E -430.748807011 0
46 F -421.314146076 0
46 G -435.513297499 0
46 H -423.889056426 0
46 I -432.083594296 0
46 K -424.331190626 0
46 L -436.051614487 0
46 M -433.516879091 0
46 N -444.465999787 1
46 P -412.57897465 0
46 Q -434.380389962 0
46 R -429.15781987 0
46 S -439.16400143 0
46 T -438.545573282 0
46 V -437.111537023 0
46 W -417.176629037 0
46 Y -414.58905975 0
47 A -431.740434229 0
47 C -431.817978312 0
47 D -433.751633692 0
47 E -432.401572397 0
47 F -442.127459453 0
47 G -425.811652803 0
47 H -436.728474774 0
47 I -435.130885361 0
47 K -430.058089584 0
47 L -433.658816106 0
47 M -431.654627659 0
47 N -434.466525813 0
47 P -396.65816139 0
47 Q -427.945759761 0
47 R -435.013749592 0
47 S -433.112604217 0
47 T -432.950584457 0
47 V -436.054993972 0
47 W -443.021569477 1
47 Y -440.214672894 0
48 A -435.437852078 0
48 C -436.861164697 0
48 D -430.969344857 0
48 E -429.888956044 0
48 F -429.377074937 0
48 G -429.282969649 0
48 H -429.714183516 0
48 I -433.930156072 0
48 K -421.895376268 0
48 L -437.551868063 0
48 M -434.914950855 0
48 N -435.145704548 0
48 P -378.852198951 0
48 Q -429.093999003 0
48 R -422.10418235 0
48 S -434.754947805 0
48 T -438.981520475 0
48 V -444.376695096 1
48 W -408.541745276 0
48 Y -425.353492919 0
49 A -432.608940955 0
49 C -433.189367791 0
49 D -430.254847274 0
49 E -433.80877373 0
49 F -436.23288996 0
49 G -428.564446687 0
49 H -434.591748943 0
49 I -434.745468412 0
49 K -426.941812897 0
49 L -444.395388891 1
49 M -438.889255037 0
49 N -434.357483869 0
49 P -394.784749529 0
49 Q -435.86584421 0
49 R -426.513730826 0
49 S -433.466093558 0
49 T -434.388387804 0
49 V -436.80014387 0
49 W -424.404683155 0
49 Y -433.752443005 0
50 A -442.783509117 0
50 C -439.531618943 0
50 D -429.406117391 0
50 E -418.498197327 0
50 F -393.603073394 0
50 G -441.13219539 0
50 H -407.220495747 0
50 I -418.541797734 0
50 K -399.849120091 0
50 L -417.297802252 0
50 M -415.092374233 0
50 N -429.51771222 0
50 P -398.845993865 0
50 Q -416.924137093 0
50 R -399.174026527 0
50 S -444.354200636 1
50 T -437.666433444 0
50 V -428.817492677 0
50 W -385.299316379 0
50 Y -389.446312855 0
51 A -442.184463871 0
51 C -441.265155532 0
51 D -441.910378691 0
51 E -444.336717183 1
51 F -441.731174656 0
51 G -440.551844839 0
51 H -438.174432435 0
51 I -439.855229586 0
51 K -443.117047396 0
51 L -443.370340214 0
51 M -443.028512905 0
51 N -441.269835934 0
51 P -441.212816167 0
51 Q -442.366045811 0
51 R -443.314807883 0
51 S -443.773900718 0
51 T -444.425246923 0
51 V -440.456583346 0
51 W -442.973192559 0
51 Y -441.984048632 0
52 A -444.35668378 1
52 C -439.422983287 0
52 D -435.386486559 0
52 E -440.248515968 0
52 F -440.494007507 0
52 G -441.161042861 0
52 H -442.132777083 0
52 I -432.726947763 0
52 K -440.678015805 0
52 L -437.944405666 0
52 M -440.529152698 0
52 N -439.087979398 0
52 P -389.591890557 0
52 Q -439.909503716 0
52 R -441.769553312 0
52 S -442.766917864 0
52 T -439.893770844 0
52 V -441.35927662 0
52 W -441.277550134 0
52 Y -440.390370228 0
53 A -444.358973224 0
53 C -441.471114911 0
53 D -445.169458409 0
53 E -445.823515193 0
53 F -442.940017783 0
53 G -442.467297885 0
53 H -443.8453837 0
53 I -444.123683544 0
53 K -444.950092929 0
53 L -444.387300322 0
53 M -443.650613251 0
53 N -444.07453965 0
53 P -435.895313164 0
53 Q -443.310653259 0
53 R -446.289904516 0
53 S -444.153831852 1
53 T -443.979807977 0
53 V -444.194590788 0
53 W -442.411176873 0
53 Y -442.979490164 0
54 A -444.034652681 0
54 C -438.695519009 0
54 D -444.14728102 0
54 E -441.708505337 0
54 F -444.355242382 0
54 G -441.036852371 0
54 H -444.360985851 0
54 I -438.946129995 0
54 K -443.668816103 0
54 L -444.974133682 0
54 M -442.24470856 0
54 N -444.820997994 0
54 P -419.217221276 0
54 Q -442.381706761 0
54 R -442.859103668 0
54 S -443.203076395 0
54 T -442.717188652 0
54 V -441.665342768 0
54 W -446.757617604 0
54 Y -444.372720428 1
55 A -439.075359275 0
55 C -439.998093417 0
55 D -436.228380914 0
55 E -437.084716521 0
55 F -442.318458421 0
55 G -435.304016589 0
55 H -440.062748241 0
55 I -439.392211916 0
55 K -436.8534116 0
55 L -442.798225088 0
55 M -441.633776008 0
55 N -438.508502009 0
55 P -389.036205151 0
55 Q -438.288851223 0
55 R -440.296992097 0
55 S -439.774113635 0
55 T -440.979318607 0
55 V -444.352666074 1
55 W -444.236509304 0
55 Y -441.193597498 0
56 A -442.504998644 0
56 C -439.507414076 0
56 D -443.791641407 0
56 E -444.216796825 0
56 F -441.231861358 0
56 G -441.007789757 0
56 H -442.358687059 0
56 I -443.22098938 0
56 K -443.564975222 0
56 L -444.347700429 1
56 M -443.101958073 0
56 N -442.520485868 0
56 P -428.417892438 0
56 Q -441.972054174 0
56 R -443.096662881 0
56 S -442.740530212 0
56 T -442.902649137 0
56 V -443.148189222 0
56 W -443.383132558 0
56 Y -441.981138885 0
57 A -442.438308128 0
57 C -439.480075712 0
57 D -443.428720335 0
57 E -443.985801956 0
57 F -441.38352304 0
57 G -439.910196373 0
57 H -442.42569697 0
57 I -444.237837739 0
57 K -443.232301083 0
57 L -444.349750104 1
57 M -443.120323733 0
57 N -442.021521749 0
57 P -433.578203177 0
57 Q -442.432959277 0
57 R -443.656108371 0
57 S -442.222042236 0
57 T -442.876536433 0
57 V -443.317055437 0
57 W -442.191045236 0
57 Y -441.215350951 0
58 A -439.352553027 0
58 C -438.663092232 0
58 D -432.506780137 0
58 E -431.907146347 0
58 F -430.116054965 0
58 G -436.373300027 0
58 H -436.292744117 0
58 I -444.319451316 1
58 K -428.786991935 0
58 L -437.549556974 0
58 M -435.664891858 0
58 N -437.386561529 0
58 P -390.893600272 0
58 Q -429.288431686 0
58 R -427.58792531 0
58 S -437.887269833 0
58 T -440.34393254 0
58 V -444.636268217 0
58 W -414.097697889 0
58 Y -420.058943678 0
59 A -441.577731686 0
59 C -441.661766926 0
59 D -440.434716917 0
59 E -443.271826852 0
59 F -438.607186521 0
59 G -438.071174689 0
59 H -437.620948276 0
59 I -444.069301711 0
59 K -439.640946295 0
59 L -446.428607639 0
59 M -439.397818423 0
59 N -442.46218156 0
59 P -382.667982232 0
59 Q -441.782445876 0
59 R -442.131364559 0
59 S -440.290812296 0
59 T -440.999851118 0
59 V -444.449815715 1
59 W -441.147624913 0
59 Y -437.29862748 0
60 A -442.268746993 0
60 C -439.872296436 0
60 D -442.159141239 0
60 E -443.126595051 0
60 F -443.116961339 0
60 G -440.864158057 0
60 H -443.467292396 0
60 I -442.548999013 0
60 K -443.225172434 0
60 L -444.420303958 1
60 M -442.993886058 0
60 N -441.990801482 0
60 P -382.976715903 0
60 Q -442.178770316 0
60 R -443.729463816 0
60 S -442.328780973 0
60 T -441.453511675 0
60 V -441.558373663 0
60 W -444.584880569 0
60 Y -443.053611513 0
61 A -441.925726366 0
61 C -439.321159044 0
61 D -441.807612917 0
61 E -442.798772575 0
61 F -442.007045516 0
61 G -439.35768168 0
61 H -442.490609562 0
61 I -439.819689668 0
61 K -443.19293447 0
61 L -444.500832707 1
61 M -443.668465459 0
61 N -442.218052895 0
61 P -392.761653847 0
61 Q -441.651057478 0
61 R -444.31024976 0
61 S -441.095697027 0
61 T -439.310049553 0
61 V -440.259769665 0
61 W -445.243102265 0
61 Y -441.57635813 0
62 A -434.506653358 0
62 C -425.754056302 0
62 D -422.726147685 0
62 E -407.941089566 0
62 F -414.354927825 0
62 G -444.540349634 1
62 H -416.054607559 0
62 I -388.24901585 0
62 K -405.444599962 0
62 L -403.933263613 0
62 M -399.454341386 0
62 N -421.281907946 0
62 P -358.173403575 0
62 Q -406.617051345 0
62 R -404.342144117 0
62 S -433.427620256 0
62 T -415.504013513 0
62 V -400.352169163 0
62 W -410.497580961 0
62 Y -410.64403967 0
63 A -443.503482738 0
63 C -442.044413642 0
63 D -442.764607974 0
63 E -445.441072702 0
63 F -444.437195595 1
63 G -441.607555149 0
63 H -444.121805596 0
63 I -444.906985496 0
63 K -443.625054059 0
63 L -442.715869156 0
63 M -444.550905751 0
63 N -443.200280478 0
63 P -386.76043414 0
63 Q -442.923093814 0
63 R -443.853705085 0
63 S -442.593378311 0
63 T -443.451570463 0
63 V -444.067335603 0
63 W -445.299973858 0
63 Y -443.437433002 0
64 A -443.739464893 0
64 C -441.849359837 0
64 D -443.889386523 0
64 E -444.299199283 0
64 F -441.890320778 0
64 G -442.734446657 0
64 H -443.487307551 0
64 I -441.245089899 0
64 K -444.481890705 0
64 L -444.913741004 0
64 M -444.489793596 1
64 N -444.200567609 0
64 P -400.779446058 0
64 Q -443.432338791 0
64 R -444.167715855 0
64 S -443.507749189 0
64 T -442.692686466 0
64 V -441.174030823 0
64 W -445.157445629 0
64 Y -441.856081253 0
65 A -444.517604645 1
65 C -440.529074455 0
65 D -433.906215181 0
65 E -437.85798177 0
65 F -435.504987412 0
65 G -440.583432972 0
65 H -436.996356595 0
65 I -434.95132067 0
65 K -433.581907862 0
65 L -433.740568632 0
65 M -436.833842678 0
65 N -439.96302116 0
65 P -377.660288742 0
65 Q -438.856865969 0
65 R -436.649537682 0
65 S -443.316617793 0
65 T -437.575406187 0
65 V -432.36463838 0
65 W -437.247014216 0
65 Y -434.753211473 0
66 A -427.835880151 0
66 C -427.132443251 0
66 D -434.120089835 0
66 E -429.093021823 0
66 F -427.053860577 0
66 G -444.500195892 1
66 H -428.697808218 0
66 I -422.998917637 0
66 K -428.932272575 0
66 L -428.536393382 0
66 M -427.959020798 0
66 N -429.807015139 0
66 P -370.632440879 0
66 Q -428.804347198 0
66 R -428.812015522 0
66 S -434.608148002 0
66 T -424.101470944 0
66 V -423.798379912 0
66 W -426.681590829 0
66 Y -426.626666506 0
67 A -441.204516524 0
67 C -437.867099984 0
67 D -441.386728716 0
67 E -442.526596789 0
67 F -441.806465278 0
67 G -439.365706112 0
67 H -441.691821295 0
67 I -442.46055531 0
67 K -440.926607093 0
67 L -444.3951902 1
67 M -442.420527994 0
67 N -439.880192837 0
67 P -440.418779478 0
67 Q -442.15948642 0
67 R -441.264109263 0
67 S -441.882511971 0
67 T -440.903828685 0
67 V -440.409113544 0
67 W -441.137844034 0
67 Y -443.280283349 0
68 A -442.179336743 0
68 C -440.776834471 0
68 D -443.8725222 0
68 E -445.709103125 0
68 F -440.044475237 0
68 G -441.872957119 0
68 H -444.086263646 0
68 I -441.904826979 0
68 K -443.170698517 0
68 L -442.988229067 0
68 M -442.213265285 0
68 N -442.853198309 0
68 P -438.489762827 0
68 Q -443.824786024 0
68 R -442.429836339 0
68 S -444.444639844 1
68 T -443.035279054 0
68 V -441.548619767 0
68 W -441.215708644 0
68 Y -439.996067647 0
69 A -442.475711055 0
69 C -441.115230672 0
69 D -440.616517835 0
69 E -441.632892477 0
69 F -442.189549973 0
69 G -440.768127498 0
69 H -443.341232585 0
69 I -438.738883523 0
69 K -442.904145083 0
69 L -441.664719872 0
69 M -442.402165168 0
69 N -445.763714786 0
69 P -400.179908608 0
69 Q -442.334620784 0
69 R -444.528400108 1
69 S -441.671193854 0
69 T -439.861526313 0
69 V -434.961566932 0
69 W -439.466609207 0
69 Y -441.939651287 0
70 A -437.790902011 0
70 C -436.594776577 0
70 D -444.5380096 1
70 E -439.910367127 0
70 F -437.293538718 0
70 G -438.238446756 0
70 H -440.891622871 0
70 I -423.402542621 0
70 K -437.490617738 0
70 L -438.171599311 0
70 M -437.262024743 0
70 N -442.168495271 0
70 P -387.965611753 0
70 Q -440.080228056 0
70 R -436.840581755 0
70 S -436.97614834 0
70 T -431.654176525 0
70 V -422.378796562 0
70 W -436.773490221 0
70 Y -436.8204914 0
71 A -437.424098234 0
71 C -436.765828185 0
71 D -438.390630386 0
71 E -432.928087081 0
71 F -444.529145161 1
71 G -433.745552458 0
71 H -442.633702516 0
71 I -424.706593378 0
71 K -434.779498697 0
71 L -435.337012268 0
71 M -438.121894485 0
71 N -440.066559509 0
71 P -395.410585249 0
71 Q -434.58971788 0
71 R -437.708826258 0
71 S -435.929734338 0
71 T -433.641325458 0
71 V -428.231816752 0
71 W -443.326243106 0
71 Y -443.420181446 0
72 A -437.821010451 0
72 C -438.130419212 0
72 D -434.659376734 0
72 E -437.342820129 0
72 F -438.230243032 0
72 G -434.957282984 0
72 H -438.46903009 0
72 I -442.339907844 0
72 K -437.158361034 0
72 L -444.539494814 1
72 M -442.795619624 0
72 N -437.817835966 0
72 P -379.634739496 0
72 Q -438.887942827 0
72 R -438.818960229 0
72 S -438.273599192 0
72 T -439.155514393 0
72 V -441.131982642 0
72 W -437.949800463 0
72 Y -438.020645564 0
73 A -440.890059754 0
73 C -439.853845329 0
73 D -439.676671785 0
73 E -441.157184307 0
73 F -442.043016715 0
73 G -436.57466833 0
73 H -444.459311509 1
73 I -438.548055274 0
73 K -442.430380987 0
73 L -443.106495268 0
73 M -442.707781356 0
73 N -440.143723439 0
73 P -438.869002631 0
73 Q -440.489456022 0
73 R -442.013012326 0
73 S -440.403185322 0
73 T -439.162269591 0
73 V -440.162061707 0
73 W -443.788385819 0
73 Y -441.962710532 0
74 A -440.183861973 0
74 C -438.035958404 0
74 D -441.647264127 0
74 E -441.617975973 0
74 F -439.033323868 0
74 G -438.526028985 0
74 H -440.414130721 0
74 I -440.610826975 0
74 K -440.84248642 0
74 L -441.205236653 0
74 M -439.149746709 0
74 N -439.547694265 0
74 P -444.418231623 1
74 Q -438.936039674 0
74 R -440.032237803 0
74 S -441.066058684 0
74 T -440.523551615 0
74 V -440.041225609 0
74 W -438.65823901 0
74 Y -439.662849084 0
75 A -440.66007175 0
75 C -439.052439477 0
75 D -444.295003488 0
75 E -442.548516342 0
75 F -440.906417986 0
75 G -440.520131817 0
75 H -443.074895089 0
75 I -425.798009023 0
75 K -443.135753033 0
75 L -441.235266412 0
75 M -440.561020572 0
75 N -444.450630554 1
75 P -408.985605707 0
75 Q -441.000804409 0
75 R -442.380285959 0
75 S -441.991777686 0
75 T -436.998214019 0
75 V -428.364642331 0
75 W -439.741583958 0
75 Y -440.587605914 0
76 A -438.78894959 0
76 C -439.922247094 0
76 D -444.456603208 1
76 E -440.415717753 0
76 F -437.91332576 0
76 G -435.906856451 0
76 H -437.903192164 0
76 I -440.337708981 0
76 K -436.734751373 0
76 L -443.932192891 0
76 M -439.333740295 0
76 N -443.894323512 0
76 P -433.720743042 0
76 Q -438.176564907 0
76 R -436.19168956 0
76 S -439.349484098 0
76 T -439.988425722 0
76 V -437.761588196 0
76 W -436.769507469 0
76 Y -432.394699097 0
77 A -442.303140569 0
77 C -440.74356796 0
77 D -443.309952086 0
77 E -444.396426473 1
77 F -442.115957205 0
77 G -441.909447958 0
77 H -445.422108767 0
77 I -442.225712762 0
77 K -444.305499286 0
77 L -442.998463712 0
77 M -442.201700044 0
77 N -442.369838929 0
77 P -443.37895548 0
77 Q -442.92985526 0
77 R -443.385102071 0
77 S -444.301906299 0
77 T -442.771774747 0
77 V -441.64411658 0
77 W -443.868279953 0
77 Y -442.152935984 0
78 A -441.170012962 0
78 C -439.863676433 0
78 D -440.076682446 0
78 E -439.305275831 0
78 F -444.15338407 0
78 G -439.176378847 0
78 H -441.1066736 0
78 I -429.895922473 0
78 K -441.239994369 0
78 L -444.27993893 1
78 M -442.480536383 0
78 N -442.653620335 0
78 P -413.832473133 0
78 Q -440.938726406 0
78 R -442.584729949 0
78 S -439.83621799 0
78 T -440.973022108 0
78 V -436.466486751 0
78 W -444.174385239 0
78 Y -442.556007991 0
79 A -437.226753528 0
79 C -438.527985881 0
79 D -435.665065364 0
79 E -435.209683002 0
79 F -430.967364748 0
79 G -432.957301867 0
79 H -432.212849627 0
79 I -445.005047722 0
79 K -429.248248184 0
79 L -438.686032581 0
79 M -437.016426821 0
79 N -437.896845705 0
79 P -401.986416505 0
79 Q -437.998717578 0
79 R -435.123642925 0
79 S -436.596872363 0
79 T -439.956803597 0
79 V -444.473514121 1
79 W -429.479525047 0
79 Y -429.784513614 0
80 A -436.505134412 0
80 C -435.359327143 0
80 D -436.577916559 0
80 E -436.690567366 0
80 F -438.598483194 0
80 G -433.298473683 0
80 H -438.078248974 0
80 I -444.367089535 1
80 K -438.44962385 0
80 L -441.526527794 0
80 M -437.434594974 0
80 N -436.950686704 0
80 P -406.915288465 0
80 Q -436.210159689 0
80 R -434.078078663 0
80 S -436.084570372 0
80 T -438.857162039 0
80 V -441.475804909 0
80 W -437.694573221 0
80 Y -437.171843546 0
81 A -442.963385692 1
81 C -438.7990401 0
81 D -431.683591637 0
81 E -431.963642595 0
81 F -413.453438307 0
81 G -437.548535035 0
81 H -414.754415565 0
81 I -427.959506963 0
81 K -424.934886463 0
81 L -428.010935042 0
81 M -422.372936468 0
81 N -431.322838656 0
81 P -382.630230994 0
81 Q -431.87009506 0
81 R -415.429560325 0
81 S -441.349717122 0
81 T -439.361052585 0
81 V -438.69335149 0
81 W -413.600277237 0
81 Y -416.839437403 0
82 A -442.793723432 0
82 C -440.661691365 0
82 D -438.06871379 0
82 E -439.415552729 0
82 F -443.741442858 0
82 G -438.265843425 0
82 H -444.46225511 1
82 I -434.365349513 0
82 K -440.288804368 0
82 L -439.331413361 0
82 M -439.496240218 0
82 N -441.83797569 0
82 P -414.29507955 0
82 Q -440.175676803 0
82 R -439.993976205 0
82 S -442.2057451 0
82 T -440.4197728 0
82 V -436.938534718 0
82 W -442.584963878 0
82 Y -441.780420186 0
83 A -434.18013196 0
83 C -436.857209218 0
83 D -433.881300351 0
83 E -431.042582531 0
83 F -428.815864243 0
83 G -435.317629544 0
83 H -433.828085688 0
83 I -431.255809118 0
83 K -423.497000531 0
83 L -436.448450771 0
83 M -435.396160005 0
83 N -437.073072611 0
83 P -400.714211749 0
83 Q -434.924381877 0
83 R -414.723865811 0
83 S -439.436727568 0
83 T -442.920282774 1
83 V -437.989598084 0
83 W -394.209511009 0
83 Y -419.104631794 0
84 A -441.511195108 0
84 C -440.150790406 0
84 D -440.293042031 0
84 E -441.166650519 0
84 F -439.943004122 0
84 G -441.794270856 0
84 H -442.769164224 0
84 I -439.577881827 0
84 K -441.897133521 0
84 L -441.950836185 0
84 M -441.202289675 0
84 N -441.263556078 0
84 P -429.909425973 0
84 Q -440.117926219 0
84 R -444.479922865 1
84 S -443.428687019 0
84 T -441.709231278 0
84 V -439.991058788 0
84 W -439.963027068 0
84 Y -439.029549822 0
85 A -438.426873263 0
85 C -438.996101677 0
85 D -438.210218378 0
85 E -437.603300736 0
85 F -433.407799058 0
85 G -435.908296648 0
85 H -432.564996331 0
85 I -436.499767592 0
85 K -427.247277531 0
85 L -446.747270865 0
85 M -444.544868025 1
85 N -439.502130121 0
85 P -421.178464527 0
85 Q -434.7451276 0
85 R -431.236380932 0
85 S -437.460168489 0
85 T -438.702071924 0
85 V -441.626731192 0
85 W -428.098817507 0
85 Y -428.428287756 0
86 A -435.205953305 0
86 C -436.434705309 0
86 D -431.918363752 0
86 E -433.409105671 0
86 F -427.717270626 0
86 G -433.979702204 0
86 H -432.088158934 0
86 I -444.385301096 1
86 K -435.096146858 0
86 L -441.245840412 0
86 M -439.346669029 0
86 N -435.405239195 0
86 P -397.890330668 0
86 Q -436.132601554 0
86 R -435.600784963 0
86 S -435.278241999 0
86 T -437.775541136 0
86 V -440.695158836 0
86 W -432.722952696 0
86 Y -430.365304291 0
87 A -432.674086514 0
87 C -430.391636055 0
87 D -433.541968463 0
87 E -432.929128245 0
87 F -430.219970989 0
87 G -444.368297799 1
87 H -431.732462241 0
87 I -412.330023887 0
87 K -431.354264764 0
87 L -427.495063606 0
87 M -429.424721702 0
87 N -432.31949493 0
87 P -428.155448666 0
87 Q -433.598772147 0
87 R -428.934907294 0
87 S -429.807398936 0
87 T -429.149702143 0
87 V -405.424066181 0
87 W -424.055971744 0
87 Y -427.673222977 0
88 A -444.366169097 1
88 C -438.198817288 0
88 D -435.590615839 0
88 E -433.662665718 0
88 F -435.061375287 0
88 G -441.069931161 0
88 H -435.013800653 0
88 I -414.09332078 0
88 K -441.900161747 0
88 L -427.043692129 0
88 M -438.040488527 0
88 N -441.599212489 0
88 P -429.150520651 0
88 Q -439.454797804 0
88 R -442.183153873 0
88 S -443.810013724 0
88 T -443.455793134 0
88 V -437.031028359 0
88 W -435.052627384 0
88 Y -435.930434888 0
89 A -437.891101535 0
89 C -435.835794298 0
89 D -440.165988785 0
89 E -439.018311846 0
89 F -441.562497145 0
89 G -444.350332927 1
89 H -441.064549732 0
89 I -425.049881299 0
89 K -440.748018955 0
89 L -439.592091236 0
89 M -438.077143453 0
89 N -441.715403749 0
89 P -388.202702504 0
89 Q -439.019789772 0
89 R -440.62841071 0
89 S -439.399173179 0
89 T -438.37641492 0
89 V -424.944555202 0
89 W -439.418168203 0
89 Y -440.482307764 0
90 A -442.329579437 0
90 C -441.792305719 0
90 D -444.37391637 1
90 E -445.233058116 0
90 F -442.269536248 0
90 G -441.998443226 0
90 H -444.636810995 0
90 I -440.33903889 0
90 K -442.883192857 0
90 L -443.666930957 0
90 M -443.611963749 0
90 N -442.097628319 0
90 P -372.045550174 0
90 Q -445.926012812 0
90 R -444.26389125 0
90 S -441.969697479 0
90 T -440.510210708 0
90 V -440.536350488 0
90 W -441.466579191 0
90 Y -441.976067664 0
91 A -438.366795992 0
91 C -437.738430894 0
91 D -436.047289423 0
91 E -444.374952411 1
91 F -437.00834717 0
91 G -434.921188379 0
91 H -437.444722832 0
91 I -440.348684539 0
91 K -439.849711234 0
91 L -439.940706263 0
91 M -439.069216829 0
91 N -436.713883423 0
91 P -412.902911962 0
91 Q -441.785291263 0
91 R -439.820599428 0
91 S -438.747241363 0
91 T -438.809349163 0
91 V -440.533540933 0
91 W -436.471735903 0
91 Y -436.590767196 0
92 A -439.747570595 0
92 C -436.893094785 0
92 D -444.359912693 1
92 E -439.197436971 0
92 F -437.376179916 0
92 G -435.365491681 0
92 H -438.603808434 0
92 I -437.766683989 0
92 K -436.108081393 0
92 L -430.15784238 0
92 M -436.438849817 0
92 N -437.971479597 0
92 P -395.243011068 0
92 Q -437.416267856 0
92 R -437.519728685 0
92 S -437.943000009 0
92 T -439.879987125 0
92 V -439.909573415 0
92 W -435.933417557 0
92 Y -437.021685264 0
93 A -440.033243677 0
93 C -436.603143094 0
93 D -436.738955764 0
93 E -438.548005813 0
93 F -439.375141859 0
93 G -436.604421937 0
93 H -439.3410881 0
93 I -439.993349213 0
93 K -439.212392978 0
93 L -437.299896299 0
93 M -440.077701839 0
93 N -438.071541502 0
93 P -412.828549393 0
93 Q -441.989329952 0
93 R -442.985122115 1
93 S -440.095622174 0
93 T -439.241876346 0
93 V -440.212260592 0
93 W -440.226315055 0
93 Y -439.18055411 0
94 A -437.969989824 0
94 C -436.641984632 0
94 D -435.068263666 0
94 E -434.37357889 0
94 F -431.390029494 0
94 G -433.468156989 0
94 H -439.04826514 0
94 I -440.262352525 0
94 K -438.345266961 0
94 L -437.90255286 0
94 M -437.855925447 0
94 N -437.583435331 0
94 P -403.173365164 0
94 Q -435.401128937 0
94 R -436.477109955 0
94 S -437.348718026 0
94 T -441.026332894 0
94 V -444.342375308 1
94 W -435.63940117 0
94 Y -437.201464122 0
95 A -437.491514801 0
95 C -437.378389056 0
95 D -435.206923338 0
95 E -440.143732198 0
95 F -437.174694232 0
95 G -434.591579177 0
95 H -438.800455033 0
95 I -441.751435062 0
95 K -438.14815055 0
95 L -442.894817003 1
95 M -440.62939298 0
95 N -434.930313943 0
95 P -427.30494784 0
95 Q -436.915614187 0
95 R -441.541120372 0
95 S -437.150368487 0
95 T -437.631032302 0
95 V -441.359673573 0
95 W -436.630219603 0
95 Y -439.348444521 0
96 A -433.826576821 0
96 C -428.78884528 0
96 D -429.070281048 0
96 E -431.42567816 0
96 F -442.953894856 1
96 G -429.150306873 0
96 H -437.072722756 0
96 I -433.100541846 0
96 K -429.253665831 0
96 L -437.347677793 0
96 M -435.967614531 0
96 N -431.576288463 0
96 P -395.784125304 0
96 Q -434.632814722 0
96 R -434.134006539 0
96 S -432.648512281 0
96 T -433.469553264 0
96 V -434.363099036 0
96 W -445.605891232 0
96 Y -443.527782061 0
97 A -444.103740904 0
97 C -441.709821997 0
97 D -443.040752929 0
97 E -445.216893855 0
97 F -444.661159033 0
97 G -441.883608392 0
97 H -444.094111113 0
97 I -440.604565597 0
97 K -443.982956218 0
97 L -444.357665549 1
97 M -443.391282836 0
97 N -442.965334974 0
97 P -444.242613045 0
97 Q -443.021975943 0
97 R -443.637606626 0
97 S -444.659277077 0
97 T -440.891060599 0
97 V -440.738272967 0
97 W -446.861626732 0
97 Y -444.281898399 0
98 A -437.10273667 0
98 C -442.330601788 0
98 D -434.956202455 0
98 E -433.362319024 0
98 F -424.813393918 0
98 G -438.295554041 0
98 H -431.042841348 0
98 I -441.192710842 0
98 K -433.676692295 0
98 L -437.273004186 0
98 M -438.728614635 0
98 N -440.245724973 0
98 P -386.378190352 0
98 Q -435.472862182 0
98 R -436.920434461 0
98 S -440.994757991 0
98 T -442.804842837 0
98 V -444.341118975 1
98 W -427.152626994 0
98 Y -414.068408438 0
99 A -440.609412161 0
99 C -439.20770238 0
99 D -441.977889647 0
99 E -439.806963241 0
99 F -437.271348084 0
99 G -441.247263115 0
99 H -440.302603274 0
99 I -439.81806473 0
99 K -439.221056014 0
99 L -441.380831188 0
99 M -440.233110893 0
99 N -438.477657956 0
99 P -426.667652365 0
99 Q -438.163089436 0
99 R -440.702363975 0
99 S -444.347237389 1
99 T -443.658480057 0
99 V -441.676979577 0
99 W -439.887126372 0
99 Y -437.4182052 0
100 A -441.708818812 0
100 C -440.676873393 0
100 D -437.775952943 0
100 E -441.793691095 0
100 F -440.988956037 0
100 G -440.209772839 0
100 H -440.190876658 0
100 I -441.174745404 0
100 K -444.00365069 0
100 L -444.350243398 1
100 M -443.293079215 0
100 N -442.26013684 0
100 P -407.206852116 0
100 Q -439.54174815 0
100 R -443.51512969 0
100 S -439.843749627 0
100 T -441.275458982 0
100 V -440.626049219 0
100 W -443.378415743 0
100 Y -440.771392404 0
101 A -431.479539679 0
101 C -432.025212756 0
101 D -431.790438413 0
101 E -432.827208372 0
101 F -435.566134406 0
101 G -425.682718884 0
101 H -433.204928137 0
101 I -435.107180546 0
101 K -427.311111761 0
101 L -444.339874235 1
101 M -439.663962549 0
101 N -433.05739807 0
101 P -395.76434104 0
101 Q -432.578828811 0
101 R -423.231050193 0
101 S -431.221571647 0
101 T -429.771150461 0
101 V -433.855261532 0
101 W -428.318037156 0
101 Y -431.266032861 0
102 A -442.683896073 0
102 C -441.382400901 0
102 D -442.159016768 0
102 E -444.345167426 1
102 F -443.816615236 0
102 G -440.708138046 0
102 H -443.77062924 0
102 I -443.161254647 0
102 K -444.938841048 0
102 L -444.536547808 0
102 M -443.478172193 0
102 N -442.420969325 0
102 P -421.662804057 0
102 Q -443.761246263 0
102 R -444.162198007 0
102 S -443.173534847 0
102 T -443.816712955 0
102 V -444.40408746 0
102 W -442.865816263 0
102 Y -443.927993297 0
103 A -440.429743146 0
103 C -439.389264922 0
103 D -439.911637034 0
103 E -442.231726812 0
103 F -441.135764343 0
103 G -439.061143512 0
103 H -441.836614472 0
103 I -441.597490087 0
103 K -442.087573723 0
103 L -444.334992633 1
103 M -443.210494643 0
103 N -440.662614402 0
103 P -442.161775311 0
103 Q -440.568717569 0
103 R -442.229761867 0
103 S -441.195127674 0
103 T -440.772815692 0
103 V -440.94662528 0
103 W -440.782072278 0
103 Y -440.843172578 0
104 A -436.125630601 0
104 C -434.920437769 0
104 D -438.673745711 0
104 E -437.276250698 0
104 F -437.089193608 0
104 G -444.324742602 1
104 H -437.475371423 0
104 I -422.684199432 0
104 K -438.854499682 0
104 L -435.338760753 0
104 M -436.139489792 0
104 N -438.885045144 0
104 P -371.565339286 0
104 Q -436.748111811 0
104 R -438.519222892 0
104 S -436.892817981 0
104 T -432.189345799 0
104 V -421.989795291 0
104 W -435.264558294 0
104 Y -436.250395659 0
105 A -439.334614573 0
105 C -438.634463395 0
105 D -435.083941942 0
105 E -438.638606621 0
105 F -441.336662323 0
105 G -434.974012728 0
105 H -441.141677941 0
105 I -444.312634263 0
105 K -441.735971358 0
105 L -441.827833148 0
105 M -439.846005774 0
105 N -439.214510043 0
105 P -387.378290346 0
105 Q -438.721372261 0
105 R -443.356231016 0
105 S -439.347374119 0
105 T -442.011767295 0
105 V -444.339588013 1
105 W -440.265143381 0
105 Y -441.313079774 0
106 A -439.211211366 0
106 C -439.449171814 0
106 D -440.230009818 0
106 E -444.331224324 1
106 F -439.745791083 0
106 G -437.064497734 0
106 H -439.458967925 0
106 I -443.590397658 0
106 K -441.296196215 0
106 L -444.469327207 0
106 M -442.530355937 0
106 N -440.121876657 0
106 P -438.706437343 0
106 Q -442.34795387 0
106 R -440.918606708 0
106 S -440.133348844 0
106 T -441.992914853 0
106 V -442.851292703 0
106 W -441.471123935 0
106 Y -439.697855319 0
107 A -432.82772557 0
107 C -433.066324514 0
107 D -431.266540045 0
107 E -431.024899673 0
107 F -441.207850511 0
107 G -429.009666163 0
107 H -438.326838985 0
107 I -435.868254988 0
107 K -433.198031069 0
107 L -437.78269424 0
107 M -435.25529594 0
107 N -434.690359108 0
107 P -407.961777315 0
107 Q -433.943367935 0
107 R -426.203796117 0
107 S -431.68040585 0
107 T -432.702868559 0
107 V -434.172107514 0
107 W -436.09089408 0
107 Y -442.940772027 1
108 A -436.495622374 0
108 C -436.334039901 0
108 D -432.714571694 0
108 E -438.471901543 0
108 F -439.100962254 0
108 G -431.970448845 0
108 H -440.870489396 0
108 I -440.875737126 0
108 K -438.571410637 0
108 L -439.369113204 0
108 M -438.984263457 0
108 N -436.636304137 0
108 P -397.788119015 0
108 Q -439.133114847 0
108 R -441.510132603 0
108 S -435.631513986 0
108 T -436.932143167 0
108 V -440.700528263 0
108 W -442.157319365 1
108 Y -438.494238719 0
109 A -431.589880927 0
109 C -428.264202079 0
109 D -424.260231387 0
109 E -426.866720036 0
109 F -443.628601139 1
109 G -424.784174074 0
109 H -435.245601901 0
109 I -439.585095158 0
109 K -422.561769911 0
109 L -431.747169235 0
109 M -431.506236531 0
109 N -427.191701709 0
109 P -396.102033357 0
109 Q -430.307164671 0
109 R -428.661621131 0
109 S -425.061144438 0
109 T -431.391917368 0
109 V -434.100890797 0
109 W -433.305769477 0
109 Y -442.801590954 0
110 A -432.961671938 0
110 C -432.362100057 0
110 D -429.135893542 0
110 E -429.26847762 0
110 F -444.75414466 0
110 G -429.046955093 0
110 H -437.668471342 0
110 I -431.139390694 0
110 K -428.098617709 0
110 L -432.489335965 0
110 M -437.214142739 0
110 N -432.463171569 0
110 P -379.899788962 0
110 Q -432.505782764 0
110 R -429.202572904 0
110 S -432.241075807 0
110 T -432.760684336 0
110 V -431.339075044 0
110 W -437.702497749 0
110 Y -444.05315044 1
111 A -441.348888426 0
111 C -441.338982043 0
111 D -440.234437168 0
111 E -424.874274172 0
111 F -393.719817861 0
111 G -436.133175802 0
111 H -415.503370889 0
111 I -430.745699306 0
111 K -403.942504933 0
111 L -431.767384768 0
111 M -422.139693178 0
111 N -442.252012078 0
111 P -397.453012268 0
111 Q -423.206230827 0
111 R -408.122578607 0
111 S -439.879904509 0
111 T -440.250936329 0
111 V -443.68255062 1
111 W -383.602714694 0
111 Y -393.327276732 0
112 A -438.351868639 0
112 C -439.115370468 0
112 D -436.539761384 0
112 E -431.353335991 0
112 F -415.505119668 0
112 G -433.981281941 0
112 H -422.988484677 0
112 I -434.327040675 0
112 K -423.899163831 0
112 L -439.13321352 0
112 M -435.063633869 0
112 N -437.025479598 0
112 P -429.706918995 0
112 Q -434.316431695 0
112 R -421.13299759 0
112 S -440.472188662 0
112 T -444.553799792 1
112 V -440.841623742 0
112 W -406.903404731 0
112 Y -408.630083761 0
113 A -438.095485121 0
113 C -436.26638495 0
113 D -435.390768626 0
113 E -435.922076537 0
113 F -443.673458519 1
113 G -436.947149358 0
113 H -440.553874124 0
113 I -436.020513763 0
113 K -438.308129296 0
113 L -438.911010305 0
113 M -439.782786738 0
113 N -437.151639092 0
113 P -415.526106776 0
113 Q -436.992083409 0
113 R -440.495054955 0
113 S -437.646706198 0
113 T -438.191857124 0
113 V -433.11633 0
113 W -439.603324725 0
113 Y -443.576971084 0
114 A -438.571977431 0
114 C -438.6271062 0
114 D -438.601654511 0
114 E -440.35030772 0
114 F -438.927830307 0
114 G -435.075410688 0
114 H -440.408833426 0
114 I -441.052839451 0
114 K -439.832120822 0
114 L -440.314221135 0
114 M -439.166246583 0
114 N -438.95146597 0
114 P -444.412749686 1
114 Q -438.395350137 0
114 R -440.513712384 0
114 S -438.666382597 0
114 T -439.05214564 0
114 V -440.762294574 0
114 W -438.357571254 0
114 Y -439.343349316 0
115 A -436.122846269 0
115 C -432.518507146 0
115 D -438.530151301 0
115 E -436.855378614 0
115 F -437.650197074 0
115 G -443.606214019 1
115 H -438.5556019 0
115 I -423.285118428 0
115 K -438.527973525 0
115 L -437.341793342 0
115 M -435.17746633 0
115 N -439.841218388 0
115 P -393.158037046 0
115 Q -435.986064729 0
115 R -438.920976464 0
115 S -437.153452515 0
115 T -436.583346727 0
115 V -422.902830574 0
115 W -436.323392872 0
115 Y -436.871312724 0
116 A -445.050521493 0
116 C -444.265203364 0
116 D -443.530755699 0
116 E -438.613656688 0
116 F -447.206920526 0
116 G -440.461936129 0
116 H -446.650766833 0
116 I -439.523480223 0
116 K -442.397233298 0
116 L -443.668987812 1
116 M -443.937429873 0
116 N -444.530825109 0
116 P -374.55559488 0
116 Q -443.705434714 0
116 R -442.456039152 0
116 S -442.914959024 0
116 T -443.862833268 0
116 V -443.674520502 0
116 W -441.485641358 0
116 Y -443.868687552 0
117 A -443.648955505 1
117 C -441.619755034 0
117 D -444.769680423 0
117 E -439.309383907 0
117 F -440.399002428 0
117 G -440.990444141 0
117 H -446.659349765 0
117 I -438.741622015 0
117 K -439.783788803 0
117 L -437.75351058 0
117 M -442.535733518 0
117 N -444.105711222 0
117 P -438.252297378 0
117 Q -441.313103409 0
117 R -440.792144246 0
117 S -444.531912812 0
117 T -439.976045318 0
117 V -441.619323589 0
117 W -441.400814246 0
117 Y -445.458670387 0
118 A -441.072734177 0
118 C -437.75885137 0
118 D -442.181489736 0
118 E -442.08639757 0
118 F -439.744167893 0
118 G -439.469460066 0
118 H -441.44120426 0
118 I -439.97314017 0
118 K -441.611070102 0
118 L -441.491209831 0
118 M -440.320024228 0
118 N -441.372878315 0
118 P -431.483475783 0
118 Q -440.142535679 0
118 R -444.211952882 1
118 S -441.143353976 0
118 T -440.248074814 0
118 V -440.064106212 0
118 W -440.518010484 0
118 Y -440.62365442 0
119 A -443.403652572 0
119 C -442.169718084 0
119 D -445.278287246 0
119 E -444.966775164 0
119 F -445.744958826 0
119 G -441.610723273 0
119 H -445.39230275 0
119 I -443.761509806 0
119 K -445.456814394 0
119 L -446.254727806 0
119 M -443.734467324 0
119 N -444.443979114 0
119 P -405.970044197 0
119 Q -443.669768971 0
119 R -444.07605389 0
119 S -443.187476669 0
119 T -444.361666339 0
119 V -443.652681111 1
119 W -444.618070663 0
119 Y -445.919237396 0
120 A -442.618498382 0
120 C -442.002846284 0
120 D -437.249538014 0
120 E -436.52519672 0
120 F -404.035288692 0
120 G -436.249668915 0
120 H -438.511464314 0
120 I -436.242651593 0
120 K -427.331408057 0
120 L -443.201511109 0
120 M -443.668544607 1
120 N -441.829854058 0
120 P -362.877667793 0
120 Q -440.576272831 0
120 R -426.381884827 0
120 S -439.144597314 0
120 T -439.282116323 0
120 V -438.348988295 0
120 W -420.186418281 0
120 Y -401.562111776 0
121 A -438.17065778 0
121 C -435.63776532 0
121 D -431.834173048 0
121 E -436.090304196 0
121 F -441.29756341 0
121 G -434.831562939 0
121 H -439.031972341 0
121 I -436.435708783 0
121 K -437.906075718 0
121 L -439.020266218 0
121 M -438.8633938 0
121 N -439.156128296 0
121 P -396.719712207 0
121 Q -438.033922516 0
121 R -439.531202854 0
121 S -437.831305239 0
121 T -436.659740877 0
121 V -437.326968538 0
121 W -444.215619849 1
121 Y -440.43335765 0
122 A -427.177319448 0
122 C -400.142520438 0
122 D -395.446404892 0
122 E -392.079950128 0
122 F -404.588912469 0
122 G -443.586631104 1
122 H -403.100828698 0
122 I -395.020100703 0
122 K -389.920551143 0
122 L -408.323705436 0
122 M -407.06833565 0
122 N -403.112776478 0
122 P -356.408264225 0
122 Q -406.308208073 0
122 R -396.704990449 0
122 S -406.575356583 0
122 T -384.470731289 0
122 V -390.700874236 0
122 W -393.622756846 0
122 Y -401.844511854 0
123 A -439.650451028 0
123 C -439.227352839 0
123 D -438.440493128 0
123 E -440.729444984 0
123 F -442.947747812 0
123 G -437.67695783 0
123 H -440.746481381 0
123 I -441.438602518 0
123 K -442.0193736 0
123 L -444.360666229 1
123 M -441.43160979 0
123 N -440.152600318 0
123 P -423.288032449 0
123 Q -441.590882471 0
123 R -440.84033153 0
123 S -439.759715867 0
123 T -440.036362358 0
123 V -441.393294951 0
123 W -442.152428399 0
123 Y -442.131533414 0
124 A -434.893777768 0
124 C -435.119845958 0
124 D -433.843362846 0
124 E -438.054685063 0
124 F -438.968203862 0
124 G -429.704522577 0
124 H -434.478489741 0
124 I -437.362567631 0
124 K -427.684460994 0
124 L -444.371040607 1
124 M -442.672785271 0
124 N -435.830943428 0
124 P -393.659283959 0
124 Q -438.461608397 0
124 R -433.484880614 0
124 S -434.892735595 0
124 T -437.054597926 0
124 V -441.498056953 0
124 W -437.156958511 0
124 Y -437.540890065 0
125 A -439.745797041 0
125 C -439.450147318 0
125 D -439.976415981 0
125 E -442.200103578 0
125 F -440.490268329 0
125 G -434.588732329 0
125 H -441.319220442 0
125 I -443.62271235 0
125 K -440.041468408 0
125 L -444.353084142 1
125 M -439.727154682 0
125 N -440.294173566 0
125 P -401.204105875 0
125 Q -441.170124947 0
125 R -441.912141551 0
125 S -439.077880089 0
125 T -440.546043471 0
125 V -442.354653246 0
125 W -442.231268555 0
125 Y -438.700751891 0
126 A -434.307604685 0
126 C -433.043241907 0
126 D -432.041942483 0
126 E -431.322211079 0
126 F -437.21860142 0
126 G -430.90194911 0
126 H -438.287980987 0
126 I -439.941132032 0
126 K -438.330725268 0
126 L -444.335507191 1
126 M -436.45775898 0
126 N -436.091639465 0
126 P -431.645725383 0
126 Q -436.834718506 0
126 R -436.282928159 0
126 S -434.820888816 0
126 T -436.211263195 0
126 V -438.15085337 0
126 W -432.851053458 0
126 Y -436.121283613 0
127 A -440.462461901 0
127 C -440.055239968 0
127 D -439.493979418 0
127 E -442.546248216 0
127 F -438.318837805 0
127 G -440.15691909 0
127 H -441.59379745 0
127 I -443.967986759 0
127 K -442.355889727 0
127 L -442.379919564 0
127 M -442.898857352 0
127 N -440.849587321 0
127 P -412.722959634 0
127 Q -441.908879936 0
127 R -444.352300001 1
127 S -440.45343554 0
127 T -441.023353478 0
127 V -442.843196543 0
127 W -438.145863604 0
127 Y -438.355823847 0
