1 A -436.159654551 0
1 C -434.755072469 0
1 D -437.63098607 0
1 E -437.630720313 0
1 F -436.634536152 0
1 G -436.553265869 0
1 H -437.394722658 0
1 I -436.151579699 0
1 K -437.602144434 0
1 L -437.869193662 0
1 M -436.352629143 0
1 N -436.286492789 0
1 P -440.582994141 1
1 Q -436.317425425 0
1 R -436.847312541 0
1 S -437.311647785 0
1 T -436.095323483 0
1 V -435.391438175 0
1 W -437.066482958 0
1 Y -436.841409319 0
2 A -439.118354097 1
2 C -439.118354097 1
2 D -439.118354097 1
2 E -439.118354097 1
2 F -439.118354097 1
2 G -439.118354097 1
2 H -439.118354097 1
2 I -439.118354097 1
2 K -439.118354097 1
2 L -439.118354097 1
2 M -439.118354097 1
2 N -439.118354097 1
2 P -439.118354097 1
2 Q -439.118354097 1
2 R -439.118354097 1
2 S -439.118354097 1
2 T -439.118354097 1
2 V -439.118354097 1
2 W -439.118354097 1
2 Y -439.118354097 1
3 A -439.771493256 0
3 C -438.517836617 0
3 D -435.997414773 0
3 E -438.888288236 0
3 F -438.055079908 0
3 G -436.836082893 0
3 H -437.589875948 0
3 I -433.898370903 0
3 K -438.03584807 0
3 L -438.195788719 0
3 M -438.956516013 0
3 N -437.841678682 0
3 P -362.65799791 0
3 Q -439.669925153 0
3 R -439.164248525 1
3 S -439.169059216 0
3 T -437.272058316 0
3 V -437.200223772 0
3 W -433.170185765 0
3 Y -436.064012254 0
4 A -436.572478013 0
4 C -437.116168636 0
4 D -433.600488041 0
4 E -436.332300185 0
4 F -436.001554643 0
4 G -433.440414464 0
4 H -435.854490256 0
4 I -440.924657693 0
4 K -434.931084509 0
4 L -440.562466141 1
4 M -437.959936966 0
4 N -436.391225654 0
4 P -392.395122337 0
4 Q -435.891984185 0
4 R -434.768520946 0
4 S -436.910834477 0
4 T -439.435035091 0
4 V -441.507480055 0
4 W -432.040938506 0
4 Y -431.05999177 0
5 A -436.675793209 0
5 C -436.247185494 0
5 D -436.923454606 0
5 E -439.06768517 0
5 F -440.070566872 0
5 G -433.868104703 0
5 H -438.651005975 0
5 I -441.587878529 0
5 K -439.457026609 0
5 L -441.085016264 0
5 M -437.900894125 0
5 N -437.788336898 0
5 P -432.216147955 0
5 Q -437.621859177 0
5 R -440.337980353 0
5 S -437.235017025 0
5 T -439.009946442 0
5 V -441.157923504 0
5 W -440.593173031 1
5 Y -440.103535592 0
6 A -432.555778882 0
6 C -432.437880634 0
6 D -426.275393996 0
6 E -431.64301745 0
6 F -420.686424534 0
6 G -428.560177062 0
6 H -423.34271213 0
6 I -440.6150845 1
6 K -426.085546023 0
6 L -437.18642393 0
6 M -436.31736257 0
6 N -423.076411755 0
6 P -388.776421205 0
6 Q -433.753136362 0
6 R -428.202063784 0
6 S -425.980820969 0
6 T -435.190606803 0
6 V -438.323057174 0
6 W -423.047590336 0
6 Y -418.499287867 0
7 A -437.31559778 0
7 C -436.599489658 0
7 D -433.499045942 0
7 E -436.483798797 0
7 F -441.985274485 0
7 G -435.132161505 0
7 H -441.860043812 0
7 I -440.674841479 0
7 K -439.386999143 0
7 L -440.053073055 0
7 M -437.897808725 0
7 N -438.852801998 0
7 P -417.263110551 0
7 Q -438.184025461 0
7 R -440.546295788 0
7 S -436.451529277 0
7 T -437.939825058 0
7 V -440.528653471 1
7 W -441.958265072 0
7 Y -441.552437275 0
8 A -437.290865082 0
8 C -436.028071746 0
8 D -431.004315063 0
8 E -425.362171874 0
8 F -411.801250424 0
8 G -431.052418669 0
8 H -419.154970233 0
8 I -426.206932362 0
8 K -414.980039941 0
8 L -431.353480956 0
8 M -424.238430653 0
8 N -434.605389546 0
8 P -401.724908788 0
8 Q -426.126048132 0
8 R -408.424762978 0
8 S -435.882286428 0
8 T -436.776522656 0
8 V -440.520137818 1
8 W -406.059702115 0
8 Y -416.077944965 0
9 A -433.963111438 0
9 C -433.944739434 0
9 D -441.387701603 0
9 E -436.872399076 0
9 F -436.795489664 0
9 G -437.035435163 0
9 H -436.183530487 0
9 I -435.674680889 0
9 K -436.161379677 0
9 L -437.569137496 0
9 M -435.818513685 0
9 N -440.504119217 1
9 P -415.114273146 0
9 Q -434.179768283 0
9 R -434.684361283 0
9 S -438.356750376 0
9 T -438.883203839 0
9 V -435.641437307 0
9 W -436.718033242 0
9 Y -437.256764444 0
10 A -431.374461042 0
10 C -429.318421732 0
10 D -440.581251099 1
10 E -435.612437146 0
10 F -431.435653552 0
10 G -430.214120953 0
10 H -435.264616084 0
10 I -430.580285184 0
10 K -431.979473925 0
10 L -431.711034157 0
10 M -430.269500275 0
10 N -434.766554023 0
10 P -422.999892725 0
10 Q -433.226771293 0
10 R -431.174520232 0
10 S -432.053182248 0
10 T -431.424649638 0
10 V -430.197511578 0
10 W -432.545020875 0
10 Y -431.661680265 0
11 A -438.700488841 0
11 C -436.87658731 0
11 D -440.361451328 0
11 E -440.159028575 0
11 F -439.4054207 0
11 G -437.89686695 0
11 H -440.797385602 0
11 I -436.245209807 0
11 K -440.105420727 0
11 L -440.550549144 1
11 M -438.58624371 0
11 N -440.474234936 0
11 P -410.634718452 0
11 Q -439.354808188 0
11 R -439.557691351 0
11 S -438.975653667 0
11 T -438.933696124 0
11 V -436.335484163 0
11 W -438.621732475 0
11 Y -439.631036936 0
12 A -437.76458107 0
12 C -437.051013045 0
12 D -437.530531215 0
12 E -438.168076939 0
12 F -436.930118588 0
12 G -436.263410848 0
12 H -437.523566486 0
12 I -423.236817779 0
12 K -438.084668136 0
12 L -439.052105519 0
12 M -437.122333261 0
12 N -440.656979123 1
12 P -386.571857673 0
12 Q -439.209926027 0
12 R -438.321087051 0
12 S -436.440216515 0
12 T -433.632406665 0
12 V -428.016122541 0
12 W -436.907089219 0
12 Y -432.047344355 0
13 A -436.28635719 0
13 C -436.133181399 0
13 D -434.887470216 0
13 E -439.034041229 0
13 F -437.526885718 0
13 G -433.429667104 0
13 H -437.284582152 0
13 I -436.676395329 0
13 K -437.813844244 0
13 L -439.169092345 0
13 M -437.469179217 0
13 N -435.327640054 0
13 P -409.557129811 0
13 Q -439.150644939 0
13 R -440.573745041 1
13 S -435.475292465 0
13 T -437.123970024 0
13 V -436.152322466 0
13 W -437.555130971 0
13 Y -437.329080373 0
14 A -431.068194622 0
14 C -432.110419402 0
14 D -431.025464109 0
14 E -431.685965944 0
14 F -440.564952476 1
14 G -424.817086027 0
14 H -434.74939407 0
14 I -430.64064113 0
14 K -427.458961835 0
14 L -428.068322007 0
14 M -435.991964935 0
14 N -432.609763001 0
14 P -430.806073475 0
14 Q -432.901720095 0
14 R -431.063893591 0
14 S -430.901423745 0
14 T -434.354819845 0
14 V -428.236607312 0
14 W -432.803870847 0
14 Y -434.281502238 0
15 A -435.035783101 0
15 C -434.796911163 0
15 D -440.561574131 1
15 E -437.321149629 0
15 F -435.92229846 0
15 G -434.473348195 0
15 H -436.127736844 0
15 I -437.092370196 0
15 K -435.247449516 0
15 L -436.542278215 0
15 M -436.798519171 0
15 N -439.702244411 0
15 P -408.099321735 0
15 Q -435.793630309 0
15 R -436.136012721 0
15 S -436.289494902 0
15 T -437.36666426 0
15 V -436.436492104 0
15 W -436.459893631 0
15 Y -436.552127021 0
16 A -439.185081542 0
16 C -438.754795076 0
16 D -436.448680575 0
16 E -437.323481061 0
16 F -439.362002464 0
16 G -436.24646837 0
16 H -439.822640058 0
16 I -439.522483798 0
16 K -440.457383405 0
16 L -438.297359194 0
16 M -438.41217262 0
16 N -438.363958206 0
16 P -394.077047418 0
16 Q -437.224814699 0
16 R -440.528911401 1
16 S -440.265925642 0
16 T -443.27192952 0
16 V -440.722913905 0
16 W -439.758135077 0
16 Y -439.51549531 0
17 A -436.426180126 0
17 C -434.998521812 0
17 D -440.574237773 1
17 E -438.167585489 0
17 F -437.970990957 0
17 G -436.259137244 0
17 H -440.122072313 0
17 I -438.122297715 0
17 K -438.568549869 0
17 L -438.476559372 0
17 M -436.741800812 0
17 N -439.533810457 0
17 P -427.964179481 0
17 Q -437.186267625 0
17 R -439.956200564 0
17 S -438.939190523 0
17 T -439.511692727 0
17 V -438.169245254 0
17 W -433.360830557 0
17 Y -437.965883602 0
18 A -436.338732112 0
18 C -436.582062307 0
18 D -434.91886331 0
18 E -438.191868469 0
18 F -435.388444169 0
18 G -433.375360248 0
18 H -436.121292656 0
18 I -438.274648207 0
18 K -437.35573284 0
18 L -440.581711926 1
18 M -438.48166195 0
18 N -436.431148363 0
18 P -392.725489477 0
18 Q -436.803756468 0
18 R -437.683070869 0
18 S -437.491865052 0
18 T -437.04897741 0
18 V -437.813491688 0
18 W -434.002738498 0
18 Y -433.979747358 0
19 A -430.807890927 0
19 C -430.946851266 0
19 D -429.636312496 0
19 E -431.958326125 0
19 F -435.331143825 0
19 G -425.308256593 0
19 H -433.813306275 0
19 I -440.599665267 1
19 K -425.513464267 0
19 L -435.51497 0
19 M -435.287690513 0
19 N -431.432652306 0
19 P -386.033725505 0
19 Q -434.981840171 0
19 R -424.795276011 0
19 S -430.307031114 0
19 T -433.452357861 0
19 V -436.986335184 0
19 W -428.190221215 0
19 Y -428.385869366 0
20 A -434.278576274 0
20 C -434.0241767 0
20 D -433.595161279 0
20 E -436.159094966 0
20 F -435.685684437 0
20 G -430.533874359 0
20 H -435.076943318 0
20 I -440.593081215 1
20 K -433.98265189 0
20 L -438.469966975 0
20 M -435.672281702 0
20 N -433.943251665 0
20 P -425.959796959 0
20 Q -434.156176821 0
20 R -432.538398413 0
20 S -434.511669654 0
20 T -436.908100886 0
20 V -437.496211537 0
20 W -438.739877379 0
20 Y -435.326635705 0
21 A -426.683295824 0
21 C -428.386844465 0
21 D -425.648027444 0
21 E -430.499366298 0
21 F -426.936733588 0
21 G -418.326218142 0
21 H -429.148859511 0
21 I -437.144384379 0
21 K -423.01008857 0
21 L -436.233043584 0
21 M -432.761660773 0
21 N -430.397301443 0
21 P -391.033911572 0
21 Q -425.828444662 0
21 R -421.02161538 0
21 S -426.106132187 0
21 T -433.324853382 0
21 V -440.613547514 1
21 W -420.286213856 0
21 Y -423.244608063 0
22 A -432.575278632 0
22 C -431.832354316 0
22 D -440.585255716 1
22 E -435.069056386 0
22 F -432.20657182 0
22 G -430.02245718 0
22 H -434.206808414 0
22 I -434.642444657 0
22 K -430.924477084 0
22 L -434.771054493 0
22 M -433.886939635 0
22 N -435.363219537 0
22 P -432.766171792 0
22 Q -433.680537921 0
22 R -430.575855442 0
22 S -432.681694241 0
22 T -432.930113905 0
22 V -434.115081132 0
22 W -432.921574513 0
22 Y -432.321591493 0
23 A -439.507335936 0
23 C -438.711786193 0
23 D -437.303593744 0
23 E -439.58578529 0
23 F -438.729017609 0
23 G -437.824537085 0
23 H -439.658867535 0
23 I -440.581734175 1
23 K -439.376824342 0
23 L -441.920240657 0
23 M -439.174221607 0
23 N -438.051963544 0
23 P -396.30123066 0
23 Q -440.041970742 0
23 R -440.580640622 0
23 S -439.321830171 0
23 T -438.403792797 0
23 V -439.432538664 0
23 W -438.523253299 0
23 Y -439.162119218 0
24 A -435.750939859 0
24 C -434.365567306 0
24 D -435.691553079 0
24 E -435.937129019 0
24 F -435.060431305 0
24 G -434.762091277 0
24 H -437.481402 0
24 I -434.42194244 0
24 K -436.863286834 0
24 L -436.368032277 0
24 M -435.761882185 0
24 N -437.328814364 0
24 P -414.552040685 0
24 Q -433.081941653 0
24 R -439.082388554 1
24 S -437.239159897 0
24 T -435.375265583 0
24 V -434.074459667 0
24 W -435.33087601 0
24 Y -434.567721502 0
25 A -440.551845556 1
25 C -440.551845556 1
25 D -440.551845556 1
25 E -440.551845556 1
25 F -440.551845556 1
25 G -440.551845556 1
25 H -440.551845556 1
25 I -440.551845556 1
25 K -440.551845556 1
25 L -440.551845556 1
25 M -440.551845556 1
25 N -440.551845556 1
25 P -440.551845556 1
25 Q -440.551845556 1
25 R -440.551845556 1
25 S -440.551845556 1
25 T -440.551845556 1
25 V -440.551845556 1
25 W -440.551845556 1
25 Y -440.551845556 1
26 A -439.864369332 0
26 C -437.207231101 0
26 D -441.376581631 0
26 E -441.64826719 0
26 F -437.806630888 0
26 G -438.239573645 0
26 H -439.685983281 0
26 I -440.101359685 0
26 K -441.175909402 0
26 L -441.267574307 0
26 M -439.800150486 0
26 N -439.936713697 0
26 P -437.231768514 0
26 Q -439.74897951 0
26 R -439.080876198 1
26 S -440.868383147 0
26 T -440.193319649 0
26 V -439.736443108 0
26 W -438.446222467 0
26 Y -438.180924226 0
27 A -438.810705121 0
27 C -436.581755182 0
27 D -436.846437128 0
27 E -438.324968506 0
27 F -439.101716507 1
27 G -435.294906992 0
27 H -439.184743277 0
27 I -436.496962497 0
27 K -438.450796359 0
27 L -438.570317961 0
27 M -438.209182972 0
27 N -438.88293872 0
27 P -402.785600171 0
27 Q -438.848176172 0
27 R -438.584185505 0
27 S -438.589765878 0
27 T -438.327735531 0
27 V -438.893810744 0
27 W -439.301436912 0
27 Y -439.315994055 0
28 A -431.25872625 0
28 C -431.00666313 0
28 D -431.047047135 0
28 E -430.14150066 0
28 F -442.303185521 0
28 G -425.882803546 0
28 H -437.442224322 0
28 I -435.909997639 0
28 K -428.965909203 0
28 L -433.678446458 0
28 M -435.496098926 0
28 N -431.991766206 0
28 P -389.697271575 0
28 Q -428.721022552 0
28 R -428.194173683 0
28 S -430.97131208 0
28 T -432.889796176 0
28 V -434.584644114 0
28 W -437.408155399 0
28 Y -439.20592281 1
29 A -434.739209278 0
29 C -435.129115133 0
29 D -431.199176264 0
29 E -436.447381464 0
29 F -434.469398298 0
29 G -429.116289543 0
29 H -433.991963111 0
29 I -437.583593942 0
29 K -435.831902528 0
29 L -439.20705608 1
29 M -437.908702561 0
29 N -433.013111916 0
29 P -397.521068373 0
29 Q -436.029819874 0
29 R -436.4304369 0
29 S -433.176063617 0
29 T -434.7215396 0
29 V -436.400324909 0
29 W -430.345242654 0
29 Y -430.024299707 0
30 A -431.219329139 0
30 C -432.80392704 0
30 D -432.247368189 0
30 E -430.667061097 0
30 F -436.353954397 0
30 G -424.808294671 0
30 H -434.345265846 0
30 I -441.17888249 0
30 K -412.026624911 0
30 L -433.081293689 0
30 M -434.838814471 0
30 N -434.65046936 0
30 P -405.174270309 0
30 Q -430.087585457 0
30 R -415.717410448 0
30 S -431.645414777 0
30 T -433.82614428 0
30 V -440.574243306 1
30 W -418.032490903 0
30 Y -434.198138738 0
31 A -433.77936317 0
31 C -432.475415752 0
31 D -429.232383407 0
31 E -429.861348152 0
31 F -431.25942658 0
31 G -426.194059502 0
31 H -431.090559419 0
31 I -440.53874213 1
31 K -427.609118622 0
31 L -437.219833322 0
31 M -437.433038433 0
31 N -432.79133958 0
31 P -401.37418474 0
31 Q -430.425943214 0
31 R -429.511846231 0
31 S -430.534516054 0
31 T -433.418354041 0
31 V -438.783205622 0
31 W -424.540844812 0
31 Y -430.474073326 0
32 A -423.690479068 0
32 C -425.539205624 0
32 D -424.24077653 0
32 E -427.767681805 0
32 F -423.698148024 0
32 G -420.391894292 0
32 H -427.548881725 0
32 I -433.031142051 0
32 K -418.406055179 0
32 L -439.175873065 1
32 M -435.426968395 0
32 N -421.153407642 0
32 P -397.250000259 0
32 Q -427.562861752 0
32 R -425.689455907 0
32 S -426.768452175 0
32 T -433.656815745 0
32 V -436.225585828 0
32 W -415.901349147 0
32 Y -417.567396508 0
33 A -436.610255999 0
33 C -436.598181818 0
33 D -431.335789969 0
33 E -438.802099156 0
33 F -433.918835099 0
33 G -434.442449312 0
33 H -432.644843454 0
33 I -437.546211641 0
33 K -437.786029929 0
33 L -440.585650485 1
33 M -439.557430147 0
33 N -436.323329886 0
33 P -402.073916708 0
33 Q -441.264322698 0
33 R -439.392687352 0
33 S -437.894104799 0
33 T -440.744996695 0
33 V -440.594675006 0
33 W -430.314097465 0
33 Y -432.822655194 0
34 A -434.465573735 0
34 C -434.932310723 0
34 D -436.448920596 0
34 E -424.724866798 0
34 F -430.226485009 0
34 G -426.586744764 0
34 H -440.593158526 1
34 I -435.191389174 0
34 K -428.452921153 0
34 L -435.276386566 0
34 M -427.327157443 0
34 N -439.860884484 0
34 P -387.570011684 0
34 Q -429.035768176 0
34 R -423.811497774 0
34 S -434.879706941 0
34 T -434.92207585 0
34 V -440.141708327 0
34 W -418.683953241 0
34 Y -434.02856088 0
35 A -438.418980556 0
35 C -437.73968935 0
35 D -441.276423899 0
35 E -441.296855147 0
35 F -440.41468981 0
35 G -438.130781418 0
35 H -440.591586749 1
35 I -439.704636295 0
35 K -440.783645262 0
35 L -441.483756944 0
35 M -440.417014577 0
35 N -440.823656666 0
35 P -436.073105256 0
35 Q -439.862891121 0
35 R -440.813989875 0
35 S -440.072150117 0
35 T -440.837697773 0
35 V -439.11003555 0
35 W -440.833671052 0
35 Y -440.181457158 0
36 A -425.881376796 0
36 C -415.890927047 0
36 D -418.499721047 0
36 E -413.504437659 0
36 F -417.297650654 0
36 G -440.585877468 1
36 H -419.244234291 0
36 I -407.200408349 0
36 K -408.716057621 0
36 L -416.972104402 0
36 M -416.553979256 0
36 N -418.593083044 0
36 P -398.069331539 0
36 Q -415.097998433 0
36 R -409.652352328 0
36 S -417.823110206 0
36 T -416.854499129 0
36 V -402.641784771 0
36 W -381.22172801 0
36 Y -415.948459368 0
37 A -438.757192155 0
37 C -438.520967023 0
37 D -440.489887749 0
37 E -441.270363259 0
37 F -442.569671164 0
37 G -438.858494551 0
37 H -441.486828618 0
37 I -440.432688382 0
37 K -441.640752586 0
37 L -441.539280482 0
37 M -439.432752451 0
37 N -440.757145756 0
37 P -427.658508995 0
37 Q -440.320203989 0
37 R -441.435645502 0
37 S -440.579476968 1
37 T -441.511754763 0
37 V -440.70654841 0
37 W -442.762604118 0
37 Y -442.105519766 0
38 A -439.586160648 0
38 C -438.572505364 0
38 D -438.15539496 0
38 E -439.918325503 0
38 F -440.587657909 1
38 G -437.741049726 0
38 H -440.910788301 0
38 I -439.250100363 0
38 K -439.869674537 0
38 L -439.858501735 0
38 M -439.645710357 0
38 N -439.716769246 0
38 P -418.125914836 0
38 Q -439.247964826 0
38 R -439.086531449 0
38 S -438.976632031 0
38 T -438.340137256 0
38 V -438.443962297 0
38 W -441.337035984 0
38 Y -440.105352398 0
39 A -437.75512598 0
39 C -436.042862601 0
39 D -438.241230179 0
39 E -437.987261736 0
39 F -435.191383487 0
39 G -437.669538553 0
39 H -437.496052316 0
39 I -433.889200582 0
39 K -437.589672218 0
39 L -437.908108442 0
39 M -436.365194306 0
39 N -437.350863826 0
39 P -441.983660096 0
39 Q -436.587647366 0
39 R -438.66005326 0
39 S -440.57522996 1
39 T -439.484537729 0
39 V -436.633252701 0
39 W -435.399656627 0
39 Y -435.158412723 0
40 A -436.257875381 0
40 C -433.504576768 0
40 D -434.824901181 0
40 E -436.817917676 0
40 F -433.213972758 0
40 G -433.718897868 0
40 H -435.888376437 0
40 I -437.934812661 0
40 K -440.693626149 1
40 L -437.996322659 0
40 M -436.980294552 0
40 N -434.952469434 0
40 P -435.169474119 0
40 Q -436.277181298 0
40 R -438.226930168 0
40 S -435.766832257 0
40 T -437.890811033 0
40 V -437.374017092 0
40 W -430.948139028 0
40 Y -434.388060412 0
41 A -437.351597641 0
41 C -435.06819022 0
41 D -438.822468208 0
41 E -440.690933867 1
41 F -436.362049226 0
41 G -435.86486214 0
41 H -438.749329863 0
41 I -434.321516417 0
41 K -438.023867182 0
41 L -431.752057182 0
41 M -435.683890941 0
41 N -437.53188862 0
41 P -423.955742518 0
41 Q -437.358557577 0
41 R -437.435891878 0
41 S -438.530261977 0
41 T -434.188618884 0
41 V -434.334740564 0
41 W -437.49945031 0
41 Y -436.335590108 0
42 A -437.747437369 0
42 C -436.461918285 0
42 D -437.917512543 0
42 E -438.360547487 0
42 F -438.395286364 0
42 G -434.513140342 0
42 H -438.257305026 0
42 I -440.659326789 0
42 K -439.680946463 0
42 L -439.018807724 0
42 M -436.888886467 0
42 N -438.446337888 0
42 P -393.34647238 0
42 Q -437.598338554 0
42 R -439.160900488 0
42 S -436.836634718 0
42 T -439.126180807 0
42 V -440.682154506 1
42 W -435.440694219 0
42 Y -438.387497666 0
43 A -438.783760252 0
43 C -435.313415404 0
43 D -426.390394428 0
43 E -427.9201129 0
43 F -437.920384287 0
43 G -433.419560966 0
43 H -437.743238074 0
43 I -435.537872916 0
43 K -436.544169679 0
43 L -436.175068395 0
43 M -435.931774722 0
43 N -438.565393049 0
43 P -359.812701177 0
43 Q -435.892192038 0
43 R -440.639469723 1
43 S -436.050535993 0
43 T -436.531301036 0
43 V -436.635915961 0
43 W -429.212873507 0
43 Y -437.123116876 0
44 A -435.793244746 0
44 C -419.154806459 0
44 D -413.417266649 0
44 E -413.17648656 0
44 F -384.926053505 0
44 G -440.644121902 1
44 H -396.718457896 0
44 I -387.805727395 0
44 K -399.323324892 0
44 L -400.217853198 0
44 M -412.552588678 0
44 N -416.290208562 0
44 P -424.286668575 0
44 Q -409.253996138 0
44 R -411.055849621 0
44 S -428.134303988 0
44 T -417.078065231 0
44 V -406.242954293 0
44 W -349.20504961 0
44 Y -376.156256789 0
45 A -440.259141481 0
45 C -439.733624199 0
45 D -433.541405831 0
45 E -430.132080743 0
45 F -443.193441365 0
45 G -431.017347136 0
45 H -441.271606915 0
45 I -433.361090774 0
45 K -430.223824111 0
45 L -435.649067416 0
45 M -440.276308042 0
45 N -440.616721237 1
45 P -395.827985665 0
45 Q -438.658892319 0
45 R -432.245292488 0
45 S -438.007305427 0
45 T -437.518590321 0
45 V -436.815120146 0
45 W -424.211616968 0
45 Y -442.420958083 0
46 A -434.305957836 0
46 C -434.696235638 0
46 D -435.248825093 0
46 E -430.23014364 0
46 F -418.655622994 0
46 G -431.126564013 0
46 H -422.551422365 0
46 I -428.366301528 0
46 K -426.192629083 0
46 L -435.390952264 0
46 M -431.40516675 0
46 N -440.696976844 1
46 P -408.656079258 0
46 Q -433.496037679 0
46 R -430.054816515 0
46 S -435.450422764 0
46 T -434.725326829 0
46 V -434.127924549 0
46 W -399.850403732 0
46 Y -411.960573502 0
47 A -427.984447996 0
47 C -428.039866641 0
47 D -429.947152169 0
47 E -428.625715048 0
47 F -438.32270011 0
47 G -422.056515406 0
47 H -432.931391898 0
47 I -431.411601732 0
47 K -427.15531849 0
47 L -428.586456031 0
47 M -431.720028869 0
47 N -430.660535616 0
47 P -392.92611014 0
47 Q -422.848895365 0
47 R -426.169494897 0
47 S -429.375136176 0
47 T -429.246349806 0
47 V -432.547322613 0
47 W -440.560283611 1
47 Y -437.197662994 0
48 A -431.766371054 0
48 C -433.207490797 0
48 D -427.310633148 0
48 E -426.156255299 0
48 F -418.339013965 0
48 G -425.637390502 0
48 H -420.751132715 0
48 I -437.085997357 0
48 K -425.470181615 0
48 L -434.353056321 0
48 M -431.560993774 0
48 N -431.461872175 0
48 P -374.670709443 0
48 Q -421.049734447 0
48 R -424.755420787 0
48 S -431.038742014 0
48 T -435.320781417 0
48 V -440.614820335 1
48 W -421.067098222 0
48 Y -413.71929096 0
49 A -430.043701494 0
49 C -430.536738482 0
49 D -426.430029462 0
49 E -430.008603161 0
49 F -433.852931883 0
49 G -424.910471745 0
49 H -430.837591532 0
49 I -431.936638394 0
49 K -420.131260616 0
49 L -440.566521369 1
49 M -435.132323664 0
49 N -430.537981512 0
49 P -391.065175648 0
49 Q -432.107091987 0
49 R -423.881668963 0
49 S -429.699796391 0
49 T -430.65743876 0
49 V -431.969140286 0
49 W -415.207941296 0
49 Y -429.902887177 0
50 A -438.989576515 0
50 C -435.654732306 0
50 D -427.054563262 0
50 E -412.356594203 0
50 F -391.875854622 0
50 G -437.338152931 0
50 H -399.32264755 0
50 I -407.535173414 0
50 K -398.885613293 0
50 L -413.615446656 0
50 M -404.423998325 0
50 N -423.857307965 0
50 P -394.989305881 0
50 Q -414.552292795 0
50 R -399.731385469 0
50 S -440.611052713 1
50 T -434.030884348 0
50 V -425.730224638 0
50 W -386.748437581 0
50 Y -387.479207347 0
51 A -439.571865864 0
51 C -438.446387431 0
51 D -438.171728976 0
51 E -440.580552871 1
51 F -438.81086227 0
51 G -437.818659162 0
51 H -438.356839802 0
51 I -436.427351989 0
51 K -440.066607535 0
51 L -440.257923376 0
51 M -439.1836235 0
51 N -438.155716676 0
51 P -438.32488026 0
51 Q -439.29438384 0
51 R -440.304650786 0
51 S -440.889607078 0
51 T -440.43736946 0
51 V -437.763261667 0
51 W -440.102794772 0
51 Y -438.904398968 0
52 A -440.582602675 1
52 C -435.712251325 0
52 D -430.520246517 0
52 E -436.305689201 0
52 F -425.420838743 0
52 G -437.481624618 0
52 H -438.413427821 0
52 I -435.220738983 0
52 K -437.190849109 0
52 L -434.217305968 0
52 M -436.807126374 0
52 N -435.326249436 0
52 P -386.042029667 0
52 Q -436.15616079 0
52 R -438.213835431 0
52 S -439.189663545 0
52 T -436.102748983 0
52 V -437.598280828 0
52 W -437.47275564 0
52 Y -436.645883695 0
53 A -442.022096563 0
53 C -437.604364094 0
53 D -441.376078538 0
53 E -442.073753677 0
53 F -441.015407395 0
53 G -438.781699682 0
53 H -441.723780839 0
53 I -440.547537988 0
53 K -441.026238003 0
53 L -440.635368366 0
53 M -440.095715022 0
53 N -440.33456096 0
53 P -432.09749705 0
53 Q -439.745814444 0
53 R -442.479396978 0
53 S -440.555755953 1
53 T -440.2967146 0
53 V -441.675628222 0
53 W -438.972062038 0
53 Y -441.029562696 0
54 A -440.170054599 0
54 C -438.018082751 0
54 D -440.451767903 0
54 E -438.679319914 0
54 F -441.002487774 0
54 G -437.020466994 0
54 H -440.977748291 0
54 I -435.247075845 0
54 K -438.126223618 0
54 L -441.674331855 0
54 M -437.998384015 0
54 N -441.135909683 0
54 P -415.771334801 0
54 Q -439.7339795 0
54 R -441.163439993 0
54 S -439.403790489 0
54 T -439.566047154 0
54 V -438.73488262 0
54 W -443.392907268 0
54 Y -440.586357762 1
55 A -437.651562888 0
55 C -436.383142678 0
55 D -432.325226764 0
55 E -433.076357809 0
55 F -439.297397567 0
55 G -431.814541477 0
55 H -426.738873515 0
55 I -436.132588478 0
55 K -432.235512001 0
55 L -437.887876276 0
55 M -435.481956622 0
55 N -434.949696767 0
55 P -385.453012819 0
55 Q -434.111363869 0
55 R -437.831313822 0
55 S -432.736817263 0
55 T -434.218230539 0
55 V -440.611588449 1
55 W -432.613191411 0
55 Y -438.24003628 0
56 A -438.545414827 0
56 C -435.521417009 0
56 D -439.688563476 0
56 E -440.240992969 0
56 F -438.315252294 0
56 G -436.910491708 0
56 H -438.601077412 0
56 I -440.212141159 0
56 K -439.571927571 0
56 L -440.56043497 1
56 M -439.674447988 0
56 N -438.647878279 0
56 P -424.520512723 0
56 Q -438.362771905 0
56 R -439.167600267 0
56 S -438.761425641 0
56 T -438.959996673 0
56 V -439.302147439 0
56 W -439.176321352 0
56 Y -437.963525057 0
57 A -439.778329966 0
57 C -436.837062368 0
57 D -440.716655719 0
57 E -440.566226355 1
57 F -438.744777918 0
57 G -438.032522168 0
57 H -439.843211469 0
57 I -441.679224883 0
57 K -440.40736972 0
57 L -443.281096809 0
57 M -441.54676206 0
57 N -439.218953766 0
57 P -430.825478329 0
57 Q -439.714725311 0
57 R -440.907298327 0
57 S -439.405860385 0
57 T -440.621211891 0
57 V -441.045562649 0
57 W -439.576757838 0
57 Y -438.599530189 0
58 A -435.650143914 0
58 C -435.257173769 0
58 D -429.215860483 0
58 E -428.793761812 0
58 F -426.639710093 0
58 G -432.969537776 0
58 H -433.259547302 0
58 I -440.703730585 1
58 K -425.281108011 0
58 L -434.258804955 0
58 M -432.045290353 0
58 N -434.033098374 0
58 P -379.0195839 0
58 Q -425.817694093 0
58 R -429.493083 0
58 S -434.349070215 0
58 T -438.122835585 0
58 V -441.26137842 0
58 W -413.622817205 0
58 Y -426.694820059 0
59 A -435.960514979 0
59 C -435.901231884 0
59 D -434.819138916 0
59 E -437.517276469 0
59 F -432.711871149 0
59 G -432.321063265 0
59 H -431.829556129 0
59 I -438.266287449 0
59 K -433.830055185 0
59 L -440.713094109 1
59 M -433.760400009 0
59 N -436.697647837 0
59 P -377.004356715 0
59 Q -435.993670488 0
59 R -437.051265835 0
59 S -434.519732608 0
59 T -435.350192429 0
59 V -438.611284077 0
59 W -432.762114465 0
59 Y -432.118375742 0
60 A -438.585882348 0
60 C -436.212479452 0
60 D -440.832417368 0
60 E -440.473182784 0
60 F -438.718958381 0
60 G -437.577940631 0
60 H -438.639977779 0
60 I -440.428115863 0
60 K -439.748361247 0
60 L -440.69072289 1
60 M -439.437415645 0
60 N -438.561232335 0
60 P -386.281928344 0
60 Q -438.246530388 0
60 R -441.793157138 0
60 S -438.897888718 0
60 T -439.533932908 0
60 V -439.527632908 0
60 W -441.045923698 0
60 Y -438.347885737 0
61 A -438.672397804 0
61 C -435.886580137 0
61 D -438.725113299 0
61 E -440.756509256 0
61 F -437.154730604 0
61 G -436.329641228 0
61 H -438.61306822 0
61 I -437.277909541 0
61 K -439.8946324 0
61 L -440.753200296 1
61 M -440.309354806 0
61 N -439.201807576 0
61 P -389.561807476 0
61 Q -438.794024121 0
61 R -440.456435009 0
61 S -437.883248596 0
61 T -436.304476629 0
61 V -437.069679817 0
61 W -438.912693567 0
61 Y -436.891264717 0
62 A -430.766353201 0
62 C -422.709083956 0
62 D -419.708336122 0
62 E -406.261714265 0
62 F -411.821853122 0
62 G -440.80299416 1
62 H -412.885017273 0
62 I -385.570131528 0
62 K -402.243167646 0
62 L -397.981350462 0
62 M -386.079700127 0
62 N -418.419878492 0
62 P -354.546854211 0
62 Q -405.030969248 0
62 R -381.297278037 0
62 S -429.862564457 0
62 T -412.689868254 0
62 V -396.966612935 0
62 W -407.241722691 0
62 Y -407.638772954 0
63 A -438.289341493 0
63 C -436.314512997 0
63 D -437.392832562 0
63 E -439.753383156 0
63 F -440.658073699 1
63 G -436.46683357 0
63 H -438.651190822 0
63 I -438.927124282 0
63 K -438.413445506 0
63 L -438.452448438 0
63 M -438.936855055 0
63 N -437.592765814 0
63 P -381.274363778 0
63 Q -437.006553927 0
63 R -438.350412379 0
63 S -437.391253034 0
63 T -438.187159672 0
63 V -438.355884695 0
63 W -441.37673083 0
63 Y -439.877904015 0
64 A -440.01630653 0
64 C -438.130129353 0
64 D -440.201397439 0
64 E -440.606664198 0
64 F -438.144715104 0
64 G -439.03491223 0
64 H -439.800711156 0
64 I -437.571109233 0
64 K -440.74071772 1
64 L -441.227840722 0
64 M -440.754938151 0
64 N -440.484054625 0
64 P -396.802350573 0
64 Q -439.721892201 0
64 R -440.427220133 0
64 S -439.816344939 0
64 T -438.97498851 0
64 V -437.466530862 0
64 W -441.415691819 0
64 Y -438.089311688 0
65 A -441.908301723 1
65 C -437.926048283 0
65 D -431.252244438 0
65 E -435.243612232 0
65 F -431.751375627 0
65 G -436.830266202 0
65 H -434.387149618 0
65 I -432.353382646 0
65 K -429.875340502 0
65 L -429.997272202 0
65 M -433.088122805 0
65 N -437.376647748 0
65 P -375.187148472 0
65 Q -435.121634387 0
65 R -432.89157495 0
65 S -439.531990545 0
65 T -434.959291582 0
65 V -429.749212115 0
65 W -433.484361023 0
65 Y -430.966960243 0
66 A -424.093609876 0
66 C -423.404264649 0
66 D -429.534749063 0
66 E -425.507907395 0
66 F -423.326395841 0
66 G -440.768379376 1
66 H -424.931442767 0
66 I -419.245834076 0
66 K -425.1755686 0
66 L -424.762244497 0
66 M -424.219084271 0
66 N -426.040685739 0
66 P -366.856713742 0
66 Q -425.060933622 0
66 R -425.051236605 0
66 S -430.863025694 0
66 T -420.355550799 0
66 V -420.051638112 0
66 W -422.94587907 0
66 Y -422.86816477 0
67 A -436.715917166 0
67 C -433.236483641 0
67 D -436.756545934 0
67 E -439.633451284 0
67 F -438.494078388 0
67 G -434.880475139 0
67 H -437.162695477 0
67 I -438.791732869 0
67 K -436.388395133 0
67 L -440.670203205 1
67 M -438.384700832 0
67 N -435.577510714 0
67 P -435.871516233 0
67 Q -437.751526162 0
67 R -436.720903199 0
67 S -437.368933675 0
67 T -436.600767098 0
67 V -436.184397242 0
67 W -437.142110689 0
67 Y -436.765620002 0
68 A -438.393664987 0
68 C -437.01179075 0
68 D -440.082630437 0
68 E -441.938331506 0
68 F -436.263601046 0
68 G -438.119664859 0
68 H -440.344297684 0
68 I -438.14027814 0
68 K -439.44802584 0
68 L -439.227030902 0
68 M -438.641627404 0
68 N -439.085165056 0
68 P -434.763235318 0
68 Q -440.069956946 0
68 R -438.666536366 0
68 S -440.648575467 1
68 T -439.259330878 0
68 V -437.76494026 0
68 W -436.823948343 0
68 Y -436.177634639 0
69 A -438.730261958 0
69 C -437.384816236 0
69 D -436.885000499 0
69 E -437.925621581 0
69 F -438.449430467 0
69 G -437.066737165 0
69 H -439.612986555 0
69 I -435.00734765 0
69 K -439.168474423 0
69 L -437.937312382 0
69 M -438.664875184 0
69 N -442.015210179 0
69 P -396.461807802 0
69 Q -438.653156073 0
69 R -440.7472748 1
69 S -437.931123832 0
69 T -436.187032856 0
69 V -431.232793546 0
69 W -438.04516857 0
69 Y -438.199083405 0
70 A -434.806324315 0
70 C -433.650989026 0
70 D -440.788522063 1
70 E -436.756966586 0
70 F -434.121634812 0
70 G -435.058602648 0
70 H -437.746391372 0
70 I -420.697592641 0
70 K -434.322597819 0
70 L -435.35890291 0
70 M -434.091391429 0
70 N -438.430908656 0
70 P -385.086838216 0
70 Q -437.12639768 0
70 R -433.558166471 0
70 S -433.940422113 0
70 T -428.77072197 0
70 V -419.60311459 0
70 W -433.638547781 0
70 Y -433.631202987 0
71 A -432.417942001 0
71 C -431.960474072 0
71 D -433.623886623 0
71 E -430.068658847 0
71 F -440.788502669 1
71 G -429.024529389 0
71 H -437.733073732 0
71 I -397.458099095 0
71 K -430.263017578 0
71 L -430.879359011 0
71 M -433.158500913 0
71 N -435.719802772 0
71 P -389.997095544 0
71 Q -429.666988288 0
71 R -433.707702884 0
71 S -431.001097909 0
71 T -428.316729744 0
71 V -423.031135518 0
71 W -439.130184076 0
71 Y -440.144362368 0
72 A -434.025237446 0
72 C -434.478306524 0
72 D -431.187057411 0
72 E -433.727818693 0
72 F -436.915020595 0
72 G -431.109138769 0
72 H -435.335604479 0
72 I -439.259250013 0
72 K -434.268390322 0
72 L -440.788987179 1
72 M -439.628764055 0
72 N -434.504074765 0
72 P -375.800457949 0
72 Q -435.780340118 0
72 R -436.453160274 0
72 S -434.421181835 0
72 T -435.383403338 0
72 V -437.503850138 0
72 W -435.898569986 0
72 Y -435.383026219 0
73 A -437.060092094 0
73 C -436.029229428 0
73 D -435.840393472 0
73 E -437.322138165 0
73 F -438.27820453 0
73 G -432.75391032 0
73 H -440.65674285 1
73 I -434.732873565 0
73 K -438.649270915 0
73 L -439.204233168 0
73 M -438.823849656 0
73 N -436.325994117 0
73 P -435.075515998 0
73 Q -436.679298126 0
73 R -438.193086973 0
73 S -436.522971459 0
73 T -435.362488449 0
73 V -436.351676142 0
73 W -440.041156088 0
73 Y -438.157580766 0
74 A -436.402996383 0
74 C -434.249979364 0
74 D -437.86448928 0
74 E -437.834085098 0
74 F -435.254451669 0
74 G -434.722572596 0
74 H -436.620476469 0
74 I -436.835816472 0
74 K -436.998373038 0
74 L -437.445485019 0
74 M -435.371560951 0
74 N -435.788076174 0
74 P -440.662272491 1
74 Q -435.173983948 0
74 R -436.284960288 0
74 S -437.210103153 0
74 T -436.744803623 0
74 V -436.26076636 0
74 W -434.869596655 0
74 Y -435.818559454 0
75 A -436.894313615 0
75 C -435.24543763 0
75 D -440.506092542 0
75 E -438.735484929 0
75 F -437.112418189 0
75 G -436.743579172 0
75 H -439.274998088 0
75 I -422.010615133 0
75 K -439.334460381 0
75 L -437.423196111 0
75 M -436.749434509 0
75 N -440.629249199 1
75 P -405.17408962 0
75 Q -437.218061224 0
75 R -438.568398869 0
75 S -438.174306013 0
75 T -433.204168261 0
75 V -424.580413399 0
75 W -435.942532033 0
75 Y -436.778522723 0
76 A -434.610515073 0
76 C -436.793147737 0
76 D -440.670871712 1
76 E -437.400976833 0
76 F -435.210578032 0
76 G -431.796703075 0
76 H -434.868665739 0
76 I -437.178623864 0
76 K -435.343446548 0
76 L -440.819692609 0
76 M -436.038105975 0
76 N -439.945536742 0
76 P -429.710146998 0
76 Q -435.0263335 0
76 R -434.20599623 0
76 S -435.243574094 0
76 T -436.868215573 0
76 V -434.593747703 0
76 W -434.37206944 0
76 Y -434.375914877 0
77 A -438.616564286 0
77 C -438.784583679 0
77 D -439.024969608 0
77 E -440.639927539 1
77 F -436.785190699 0
77 G -438.910754074 0
77 H -442.145623553 0
77 I -440.578108404 0
77 K -440.954457504 0
77 L -439.160367472 0
77 M -438.845807853 0
77 N -438.575700175 0
77 P -439.882288423 0
77 Q -441.444245128 0
77 R -440.690774639 0
77 S -440.25800619 0
77 T -439.905349251 0
77 V -439.622507386 0
77 W -438.521269844 0
77 Y -436.022747969 0
78 A -440.241025412 0
78 C -438.381149596 0
78 D -438.350511541 0
78 E -437.874033792 0
78 F -440.702350644 1
78 G -438.418488823 0
78 H -440.654449483 0
78 I -429.174058777 0
78 K -440.459504314 0
78 L -443.283672834 0
78 M -439.771270355 0
78 N -441.827890693 0
78 P -412.505981937 0
78 Q -440.531565211 0
78 R -442.770378276 0
78 S -439.544020974 0
78 T -439.780755934 0
78 V -435.097752693 0
78 W -441.469710126 0
78 Y -442.054036134 0
79 A -434.642591541 0
79 C -435.857356662 0
79 D -432.641912698 0
79 E -431.821897985 0
79 F -429.092355588 0
79 G -430.123128511 0
79 H -429.253584672 0
79 I -441.177394808 0
79 K -427.104148129 0
79 L -435.441740046 0
79 M -433.04887144 0
79 N -435.049194716 0
79 P -395.296362761 0
79 Q -435.386184598 0
79 R -432.355973894 0
79 S -433.441415481 0
79 T -436.363145157 0
79 V -440.697528356 1
79 W -426.976353843 0
79 Y -427.05970433 0
80 A -432.724513716 0
80 C -431.603545205 0
80 D -432.776340645 0
80 E -432.838178715 0
80 F -434.66451251 0
80 G -429.424715863 0
80 H -434.254348817 0
80 I -440.577411419 1
80 K -434.642206219 0
80 L -437.954544467 0
80 M -433.649384132 0
80 N -433.176498602 0
80 P -403.165492669 0
80 Q -432.331341915 0
80 R -434.358509238 0
80 S -432.269821025 0
80 T -435.073525569 0
80 V -437.718690522 0
80 W -434.085744964 0
80 Y -433.376353693 0
81 A -439.217177294 1
81 C -435.014228464 0
81 D -427.854261587 0
81 E -428.075601075 0
81 F -420.445234185 0
81 G -433.743610625 0
81 H -416.164260708 0
81 I -424.158043374 0
81 K -421.201324432 0
81 L -424.185369934 0
81 M -429.67278934 0
81 N -430.107571338 0
81 P -378.837957892 0
81 Q -428.841382115 0
81 R -408.368178564 0
81 S -437.608601992 0
81 T -435.573564849 0
81 V -434.9361631 0
81 W -411.098070396 0
81 Y -417.567373038 0
82 A -440.357639517 0
82 C -438.216846406 0
82 D -435.563522444 0
82 E -437.164549771 0
82 F -441.273525962 0
82 G -435.840525061 0
82 H -441.977735832 0
82 I -431.867561174 0
82 K -437.804936817 0
82 L -435.74518168 0
82 M -437.011599793 0
82 N -439.393814578 0
82 P -411.836212369 0
82 Q -437.748855957 0
82 R -438.831842286 0
82 S -439.710702303 0
82 T -437.833161115 0
82 V -433.843042112 0
82 W -438.647468254 0
82 Y -440.674011506 1
83 A -431.775982045 0
83 C -427.949609218 0
83 D -430.009734203 0
83 E -427.395554725 0
83 F -425.111575989 0
83 G -431.490700823 0
83 H -430.11344235 0
83 I -429.278421625 0
83 K -419.726626369 0
83 L -434.235722707 0
83 M -431.585831971 0
83 N -433.245339781 0
83 P -398.242674709 0
83 Q -431.102397867 0
83 R -411.055421583 0
83 S -434.098461254 0
83 T -440.560748479 1
83 V -434.271755197 0
83 W -379.678555143 0
83 Y -415.388548853 0
84 A -437.679416806 0
84 C -436.339376337 0
84 D -436.361842901 0
84 E -437.368423966 0
84 F -437.200293056 0
84 G -437.748914322 0
84 H -438.853261893 0
84 I -434.200425185 0
84 K -439.121587339 0
84 L -438.347019572 0
84 M -432.587828617 0
84 N -437.509636165 0
84 P -425.030362996 0
84 Q -436.599722015 0
84 R -440.698692472 1
84 S -439.209283308 0
84 T -437.576362475 0
84 V -435.974662885 0
84 W -436.08252108 0
84 Y -435.263340573 0
85 A -432.340655556 0
85 C -432.74619199 0
85 D -431.780287875 0
85 E -431.581262247 0
85 F -427.675029595 0
85 G -429.349038871 0
85 H -426.835787449 0
85 I -430.528126094 0
85 K -423.514527658 0
85 L -440.693247572 1
85 M -438.378919489 0
85 N -433.432271997 0
85 P -415.209058519 0
85 Q -430.288300409 0
85 R -425.049034008 0
85 S -431.352077944 0
85 T -432.581942473 0
85 V -435.375889001 0
85 W -410.772387832 0
85 Y -422.549037307 0
86 A -434.476341959 0
86 C -435.753309195 0
86 D -431.448573135 0
86 E -433.308187838 0
86 F -426.801438179 0
86 G -433.27571117 0
86 H -433.903711321 0
86 I -443.720233378 0
86 K -434.499853273 0
86 L -440.592934013 1
86 M -438.721000621 0
86 N -434.854989572 0
86 P -396.962025261 0
86 Q -435.477346352 0
86 R -434.940684752 0
86 S -434.683687697 0
86 T -437.143266111 0
86 V -440.059838092 0
86 W -431.919770868 0
86 Y -412.257175479 0
87 A -428.960034241 0
87 C -426.201989615 0
87 D -427.436573079 0
87 E -428.285731549 0
87 F -423.385488286 0
87 G -440.584572681 1
87 H -424.481379056 0
87 I -407.258098103 0
87 K -425.20697544 0
87 L -422.165554906 0
87 M -424.158797942 0
87 N -424.284380952 0
87 P -422.935997866 0
87 Q -428.040265549 0
87 R -426.064959624 0
87 S -425.946875579 0
87 T -423.872296734 0
87 V -401.30950996 0
87 W -422.371620251 0
87 Y -423.414964784 0
88 A -441.086733135 0
88 C -434.986221056 0
88 D -429.454937464 0
88 E -430.443980843 0
88 F -431.133451418 0
88 G -437.850633197 0
88 H -431.844925302 0
88 I -411.372011439 0
88 K -438.677559723 0
88 L -423.856565379 0
88 M -434.695407431 0
88 N -438.353179914 0
88 P -425.945510063 0
88 Q -430.299534489 0
88 R -438.965525865 0
88 S -440.586624099 1
88 T -440.243066028 0
88 V -433.819731135 0
88 W -431.23359064 0
88 Y -432.155102009 0
89 A -434.152878616 0
89 C -432.185496035 0
89 D -435.565605999 0
89 E -434.463393635 0
89 F -434.424697335 0
89 G -440.581555613 1
89 H -435.305380202 0
89 I -420.610291847 0
89 K -436.245559282 0
89 L -434.902386907 0
89 M -433.757453138 0
89 N -437.001873773 0
89 P -362.415948492 0
89 Q -434.219780352 0
89 R -435.824418272 0
89 S -435.434727392 0
89 T -433.770382441 0
89 V -420.457749425 0
89 W -432.813744929 0
89 Y -434.088524146 0
90 A -438.343677824 0
90 C -437.775110642 0
90 D -440.329090651 0
90 E -441.058511245 0
90 F -438.285493024 0
90 G -435.565846134 0
90 H -440.591453395 1
90 I -433.799678895 0
90 K -438.872978659 0
90 L -439.607580154 0
90 M -438.262715644 0
90 N -438.092917576 0
90 P -368.232318604 0
90 Q -442.108974578 0
90 R -440.095906319 0
90 S -437.775590962 0
90 T -437.549760196 0
90 V -437.699560776 0
90 W -437.395497695 0
90 Y -437.981899315 0
91 A -434.43043995 0
91 C -433.782643061 0
91 D -432.43329017 0
91 E -440.592206837 1
91 F -433.001852905 0
91 G -430.93701145 0
91 H -433.448065879 0
91 I -436.670170532 0
91 K -435.039520596 0
91 L -436.548712343 0
91 M -436.312217504 0
91 N -432.815733574 0
91 P -407.996111014 0
91 Q -438.203833058 0
91 R -435.487552548 0
91 S -434.770797471 0
91 T -434.954774767 0
91 V -436.745515095 0
91 W -432.49498824 0
91 Y -432.564731083 0
92 A -435.091826192 0
92 C -428.375777352 0
92 D -440.580894808 1
92 E -430.787847031 0
92 F -426.253873042 0
92 G -430.878573446 0
92 H -434.297739325 0
92 I -427.011549113 0
92 K -430.675559336 0
92 L -430.577358266 0
92 M -426.292454977 0
92 N -429.799569326 0
92 P -391.327520535 0
92 Q -433.279015453 0
92 R -429.819223819 0
92 S -432.796125194 0
92 T -428.459956979 0
92 V -428.711129663 0
92 W -432.564336759 0
92 Y -427.309678094 0
93 A -436.28840573 0
93 C -433.91188448 0
93 D -432.944042621 0
93 E -436.201412161 0
93 F -434.058730931 0
93 G -431.284174782 0
93 H -435.745423288 0
93 I -434.439895344 0
93 K -436.788269895 0
93 L -433.659011496 0
93 M -435.113962252 0
93 N -434.322928275 0
93 P -408.972996282 0
93 Q -436.402207605 0
93 R -439.247853549 1
93 S -436.291341758 0
93 T -435.203412507 0
93 V -434.661811922 0
93 W -434.856936108 0
93 Y -435.382279845 0
94 A -434.172000372 0
94 C -434.257683118 0
94 D -429.847170018 0
94 E -430.612448834 0
94 F -427.568646173 0
94 G -429.634357158 0
94 H -435.350248674 0
94 I -436.51326851 0
94 K -433.181618805 0
94 L -432.682670255 0
94 M -434.042329037 0
94 N -432.907396903 0
94 P -399.361904425 0
94 Q -431.601363134 0
94 R -434.543626419 0
94 S -432.206616632 0
94 T -435.813436482 0
94 V -440.582642404 1
94 W -431.24234123 0
94 Y -433.567684336 0
95 A -434.504911838 0
95 C -433.826971315 0
95 D -433.764658138 0
95 E -436.62208666 0
95 F -436.55680635 0
95 G -430.303380334 0
95 H -435.423616626 0
95 I -437.886593721 0
95 K -437.00666587 0
95 L -439.132699527 1
95 M -437.09760193 0
95 N -434.498533819 0
95 P -423.576078863 0
95 Q -435.435318205 0
95 R -436.381092849 0
95 S -434.816740887 0
95 T -436.248104301 0
95 V -437.622804791 0
95 W -433.258042816 0
95 Y -437.601805137 0
96 A -428.023256706 0
96 C -427.086551967 0
96 D -426.53366245 0
96 E -427.676988939 0
96 F -439.191187746 1
96 G -425.468089855 0
96 H -433.317223788 0
96 I -429.20051529 0
96 K -426.433169552 0
96 L -433.495532073 0
96 M -432.191293812 0
96 N -427.795434758 0
96 P -392.03183058 0
96 Q -430.91914722 0
96 R -430.34667734 0
96 S -430.063282051 0
96 T -429.822283522 0
96 V -430.551883371 0
96 W -441.826656628 0
96 Y -439.754016316 0
97 A -440.390039994 0
97 C -435.463236114 0
97 D -438.077467187 0
97 E -441.598614112 0
97 F -437.291275434 0
97 G -437.656654456 0
97 H -438.062149062 0
97 I -437.676557778 0
97 K -438.703844512 0
97 L -439.656017648 0
97 M -438.975742204 0
97 N -440.108659359 0
97 P -440.101553393 0
97 Q -438.333207413 0
97 R -439.290648725 0
97 S -440.585306659 1
97 T -438.035836032 0
97 V -435.198454174 0
97 W -439.991368435 0
97 Y -437.103885114 0
98 A -434.862697902 0
98 C -435.931851227 0
98 D -433.112456341 0
98 E -427.783773179 0
98 F -427.166632238 0
98 G -431.906782864 0
98 H -426.042852747 0
98 I -437.447273513 0
98 K -430.334032371 0
98 L -435.060101894 0
98 M -430.77447646 0
98 N -438.401138635 0
98 P -383.43472017 0
98 Q -428.90131941 0
98 R -432.844498498 0
98 S -436.426805286 0
98 T -438.263762719 0
98 V -440.589319493 1
98 W -422.752799059 0
98 Y -407.592108295 0
99 A -438.553563683 0
99 C -436.085697996 0
99 D -436.968558322 0
99 E -439.802883961 0
99 F -436.67325533 0
99 G -438.149835469 0
99 H -438.108083703 0
99 I -432.935137052 0
99 K -439.215495913 0
99 L -438.914530037 0
99 M -438.224865655 0
99 N -438.711421392 0
99 P -418.145914958 0
99 Q -437.627877996 0
99 R -438.411176871 0
99 S -440.575372924 1
99 T -437.304594124 0
99 V -433.0161793 0
99 W -438.545877172 0
99 Y -436.670488169 0
100 A -438.389886066 0
100 C -437.368569655 0
100 D -438.698291797 0
100 E -438.519167496 0
100 F -436.742357249 0
100 G -436.930453139 0
100 H -438.438954409 0
100 I -437.867669292 0
100 K -440.708804779 0
100 L -440.594362684 1
100 M -439.737057991 0
100 N -438.680603401 0
100 P -403.467216856 0
100 Q -438.206585215 0
100 R -439.952771679 0
100 S -438.401245404 0
100 T -437.880997847 0
100 V -437.498968102 0
100 W -439.254103295 0
100 Y -436.590449018 0
101 A -430.08769852 0
101 C -430.685113765 0
101 D -427.523991433 0
101 E -431.655511846 0
101 F -431.487326123 0
101 G -423.50662156 0
101 H -428.853292885 0
101 I -435.421251044 0
101 K -425.965355456 0
101 L -440.6085364 1
101 M -435.933849747 0
101 N -428.828921795 0
101 P -391.895436463 0
101 Q -430.871564279 0
101 R -425.019675596 0
101 S -427.003329176 0
101 T -427.533354277 0
101 V -432.201691142 0
101 W -426.42340098 0
101 Y -425.4405306 0
102 A -440.57309557 1
102 C -439.270235952 0
102 D -440.012765498 0
102 E -442.23439815 0
102 F -441.664871732 0
102 G -438.60533443 0
102 H -441.647137507 0
102 I -441.048203966 0
102 K -442.834848367 0
102 L -442.429329872 0
102 M -441.381710881 0
102 N -440.308189642 0
102 P -419.702824906 0
102 Q -441.645195248 0
102 R -442.111400079 0
102 S -441.064188898 0
102 T -441.681277056 0
102 V -442.294249688 0
102 W -440.735388338 0
102 Y -442.024614264 0
103 A -436.411755369 0
103 C -435.976244388 0
103 D -435.765177856 0
103 E -438.213883321 0
103 F -436.608926974 0
103 G -434.988832324 0
103 H -437.874886197 0
103 I -437.963893343 0
103 K -438.38326098 0
103 L -440.561229848 1
103 M -438.483379085 0
103 N -436.861957573 0
103 P -437.694542803 0
103 Q -436.906214347 0
103 R -438.132934548 0
103 S -437.052357434 0
103 T -437.297960762 0
103 V -437.530791571 0
103 W -436.836021094 0
103 Y -436.33681769 0
104 A -432.363521419 0
104 C -431.167111668 0
104 D -434.90180341 0
104 E -433.570764596 0
104 F -434.073058238 0
104 G -440.565233954 1
104 H -435.154291834 0
104 I -418.922122279 0
104 K -435.098332462 0
104 L -433.262312699 0
104 M -432.377268268 0
104 N -435.156869599 0
104 P -367.660421103 0
104 Q -432.977253089 0
104 R -434.661602237 0
104 S -433.138906741 0
104 T -428.44348701 0
104 V -418.23191168 0
104 W -432.195292064 0
104 Y -432.040199268 0
105 A -435.419000506 0
105 C -434.700643175 0
105 D -433.294564419 0
105 E -435.018491848 0
105 F -438.260211355 0
105 G -430.98933402 0
105 H -437.947903053 0
105 I -440.358036767 0
105 K -437.324279206 0
105 L -438.281290969 0
105 M -436.458619613 0
105 N -435.419058882 0
105 P -383.535616351 0
105 Q -435.486726515 0
105 R -439.323052901 0
105 S -435.417161717 0
105 T -438.079017363 0
105 V -440.574466506 1
105 W -436.921143324 0
105 Y -438.060885045 0
106 A -435.593520216 0
106 C -435.671694991 0
106 D -436.672431388 0
106 E -440.592570069 1
106 F -435.421683624 0
106 G -433.393191387 0
106 H -435.743374205 0
106 I -439.369799854 0
106 K -437.549940358 0
106 L -440.325249169 0
106 M -438.325035503 0
106 N -436.383055989 0
106 P -435.050788845 0
106 Q -438.54680817 0
106 R -437.281687638 0
106 S -436.470666085 0
106 T -438.188889494 0
106 V -438.995067637 0
106 W -437.941027459 0
106 Y -435.314306156 0
107 A -428.905438289 0
107 C -429.138783236 0
107 D -427.380458268 0
107 E -427.12474722 0
107 F -438.835582436 0
107 G -425.050016126 0
107 H -434.442806076 0
107 I -432.035465879 0
107 K -427.873331097 0
107 L -433.877924695 0
107 M -430.831923292 0
107 N -430.827895607 0
107 P -403.866652006 0
107 Q -430.045502649 0
107 R -426.525202248 0
107 S -427.782159923 0
107 T -428.798100797 0
107 V -430.233958071 0
107 W -430.580983558 0
107 Y -439.20514354 1
108 A -432.748187334 0
108 C -433.16681188 0
108 D -429.207589482 0
108 E -434.675318769 0
108 F -435.626582935 0
108 G -428.264986458 0
108 H -437.043097111 0
108 I -437.028132993 0
108 K -435.599165438 0
108 L -435.419993383 0
108 M -435.953007027 0
108 N -433.432418802 0
108 P -394.027323077 0
108 Q -435.36461857 0
108 R -436.601000917 0
108 S -431.900086315 0
108 T -433.842029977 0
108 V -436.872880798 0
108 W -440.601683953 1
108 Y -433.532349073 0
109 A -427.860244829 0
109 C -429.647251059 0
109 D -420.021521943 0
109 E -422.170005857 0
109 F -439.215861211 1
109 G -425.307176243 0
109 H -432.272625999 0
109 I -435.787965169 0
109 K -417.791007957 0
109 L -432.996745707 0
109 M -431.989203183 0
109 N -427.820552785 0
109 P -390.613764015 0
109 Q -421.922361688 0
109 R -425.665839879 0
109 S -422.178539139 0
109 T -424.411211568 0
109 V -434.337869458 0
109 W -428.508727789 0
109 Y -439.684355088 0
110 A -429.425628198 0
110 C -429.466442182 0
110 D -425.319553108 0
110 E -426.065220773 0
110 F -441.623041813 0
110 G -426.084034238 0
110 H -434.447758866 0
110 I -428.016398304 0
110 K -424.64009797 0
110 L -429.802378878 0
110 M -434.022644433 0
110 N -429.773425145 0
110 P -377.05243382 0
110 Q -429.40604155 0
110 R -424.367690707 0
110 S -429.441693742 0
110 T -430.045011981 0
110 V -428.955653312 0
110 W -432.468894935 0
110 Y -440.507562109 1
111 A -437.834870591 0
111 C -438.37050753 0
111 D -435.251834834 0
111 E -415.316870179 0
111 F -392.808881833 0
111 G -433.170546485 0
111 H -416.493861564 0
111 I -426.258885996 0
111 K -401.671313377 0
111 L -425.341657538 0
111 M -405.408832857 0
111 N -436.469934131 0
111 P -393.50679828 0
111 Q -420.387940996 0
111 R -408.851533247 0
111 S -437.850836441 0
111 T -436.797078841 0
111 V -440.702278819 1
111 W -388.910735798 0
111 Y -385.035989749 0
112 A -435.42324655 0
112 C -436.074122408 0
112 D -431.267423637 0
112 E -429.062588772 0
112 F -413.348763222 0
112 G -431.724072973 0
112 H -420.696476461 0
112 I -430.028417344 0
112 K -417.815186882 0
112 L -428.596801463 0
112 M -432.973111246 0
112 N -433.463225273 0
112 P -427.47136628 0
112 Q -432.070983341 0
112 R -422.128728631 0
112 S -437.482979959 0
112 T -440.813739452 1
112 V -436.011491316 0
112 W -419.7615175 0
112 Y -405.673869889 0
113 A -433.619169861 0
113 C -432.033910169 0
113 D -430.123649153 0
113 E -430.754827044 0
113 F -440.683482229 1
113 G -427.828085983 0
113 H -437.162155814 0
113 I -423.331449182 0
113 K -432.558205187 0
113 L -432.903481683 0
113 M -434.952371107 0
113 N -432.120104314 0
113 P -409.064802347 0
113 Q -432.264420796 0
113 R -436.332234995 0
113 S -432.536571836 0
113 T -434.383272077 0
113 V -430.436993424 0
113 W -435.000853305 0
113 Y -439.922411928 0
114 A -434.613901601 0
114 C -434.541759961 0
114 D -434.789285072 0
114 E -436.33027539 0
114 F -435.995833309 0
114 G -432.146993456 0
114 H -436.280229141 0
114 I -437.325303443 0
114 K -436.848641049 0
114 L -437.072569378 0
114 M -435.512252015 0
114 N -435.077823085 0
114 P -440.711987966 1
114 Q -434.941892983 0
114 R -437.240705928 0
114 S -435.057635329 0
114 T -434.994688597 0
114 V -436.829467071 0
114 W -435.224500054 0
114 Y -435.825067623 0
115 A -432.979766203 0
115 C -429.355733159 0
115 D -435.28448048 0
115 E -433.799981139 0
115 F -434.471735748 0
115 G -440.66523756 1
115 H -435.406299237 0
115 I -421.261461394 0
115 K -435.350397376 0
115 L -434.154948855 0
115 M -431.669057404 0
115 N -436.629297399 0
115 P -390.050342073 0
115 Q -432.816652879 0
115 R -435.712576757 0
115 S -435.707756597 0
115 T -433.691415031 0
115 V -420.859387765 0
115 W -433.19213614 0
115 Y -433.695646106 0
116 A -437.543568369 0
116 C -436.33259552 0
116 D -433.978626763 0
116 E -428.18401731 0
116 F -440.689149596 1
116 G -432.143433714 0
116 H -440.525400609 0
116 I -428.99036949 0
116 K -434.087934681 0
116 L -438.529531041 0
116 M -438.867852656 0
116 N -437.687329097 0
116 P -367.610731739 0
116 Q -434.600287239 0
116 R -435.102949446 0
116 S -435.875747151 0
116 T -430.795870808 0
116 V -434.350820532 0
116 W -426.602820528 0
116 Y -436.883721343 0
117 A -440.676293327 1
117 C -438.110937267 0
117 D -440.734658882 0
117 E -437.401824499 0
117 F -441.565595789 0
117 G -439.651907579 0
117 H -442.015530873 0
117 I -430.797370734 0
117 K -435.543321822 0
117 L -435.219216037 0
117 M -430.613121904 0
117 N -439.54891355 0
117 P -426.986931993 0
117 Q -430.581880025 0
117 R -436.570122592 0
117 S -440.88935218 0
117 T -435.26974379 0
117 V -433.312178027 0
117 W -442.606817385 0
117 Y -434.818016293 0
118 A -438.428722206 0
118 C -434.969102723 0
118 D -439.456109492 0
118 E -439.104986319 0
118 F -437.34752791 0
118 G -436.548828918 0
118 H -438.267765292 0
118 I -437.609285759 0
118 K -438.802826687 0
118 L -438.870834457 0
118 M -437.370836577 0
118 N -438.609995885 0
118 P -428.709124884 0
118 Q -437.62303978 0
118 R -440.700135829 1
118 S -438.312439474 0
118 T -438.091848995 0
118 V -438.079430969 0
118 W -436.943149841 0
118 Y -437.347676482 0
119 A -439.479499535 0
119 C -438.232758417 0
119 D -441.037019871 0
119 E -441.009618262 0
119 F -441.760418748 0
119 G -437.66342122 0
119 H -441.4418553 0
119 I -439.777521209 0
119 K -441.542461455 0
119 L -442.299264744 0
119 M -439.381455887 0
119 N -440.537891883 0
119 P -407.249430111 0
119 Q -439.748656159 0
119 R -440.563364879 0
119 S -439.226531634 0
119 T -441.174796981 0
119 V -439.662643512 0
119 W -440.685035153 1
119 Y -441.994654986 0
120 A -435.396312441 0
120 C -434.229854135 0
120 D -430.602271142 0
120 E -430.089480516 0
120 F -390.153482151 0
120 G -429.889032605 0
120 H -433.364185297 0
120 I -432.11739902 0
120 K -417.651343389 0
120 L -437.102279288 0
120 M -440.68966333 1
120 N -435.233581323 0
120 P -357.007214084 0
120 Q -436.250362863 0
120 R -418.950241575 0
120 S -432.346190129 0
120 T -432.542689361 0
120 V -432.377103444 0
120 W -418.862717577 0
120 Y -387.724862104 0
121 A -435.201403721 0
121 C -432.672820019 0
121 D -428.445240133 0
121 E -432.349281982 0
121 F -438.078629671 0
121 G -431.638956383 0
121 H -436.060748107 0
121 I -433.451173254 0
121 K -434.928104952 0
121 L -435.241816752 0
121 M -435.917325617 0
121 N -435.666995706 0
121 P -393.73537057 0
121 Q -433.718740803 0
121 R -436.527761202 0
121 S -434.903242691 0
121 T -433.688917406 0
121 V -434.333233774 0
121 W -440.683857881 1
121 Y -437.501818211 0
122 A -424.160346557 0
122 C -394.662522042 0
122 D -391.411581646 0
122 E -387.98676726 0
122 F -401.648495974 0
122 G -440.59114517 1
122 H -400.137135268 0
122 I -387.05942795 0
122 K -388.169356137 0
122 L -405.305143578 0
122 M -403.848868535 0
122 N -400.123949513 0
122 P -341.083998861 0
122 Q -403.085589397 0
122 R -393.861418245 0
122 S -397.251216136 0
122 T -380.379029228 0
122 V -387.665497719 0
122 W -389.305667003 0
122 Y -398.322415275 0
123 A -435.953421808 0
123 C -435.560630742 0
123 D -434.755988563 0
123 E -436.985581431 0
123 F -439.280762369 0
123 G -434.072178657 0
123 H -437.045295584 0
123 I -437.257443583 0
123 K -438.357983023 0
123 L -440.588170106 1
123 M -437.596084934 0
123 N -436.490178829 0
123 P -419.6269944 0
123 Q -437.814825282 0
123 R -439.045241763 0
123 S -436.091575402 0
123 T -435.982229945 0
123 V -437.288678807 0
123 W -438.369708092 0
123 Y -438.011668448 0
124 A -431.202202855 0
124 C -431.495040812 0
124 D -430.097896478 0
124 E -434.328039725 0
124 F -435.159254983 0
124 G -425.887773555 0
124 H -433.655309703 0
124 I -433.589580496 0
124 K -425.240123822 0
124 L -440.595098459 1
124 M -438.906826612 0
124 N -432.129285282 0
124 P -389.889612282 0
124 Q -434.733708622 0
124 R -429.73517084 0
124 S -431.207204103 0
124 T -433.289421695 0
124 V -437.797521472 0
124 W -433.331736495 0
124 Y -433.695954501 0
125 A -436.724298094 0
125 C -436.476306704 0
125 D -436.843837113 0
125 E -440.637214388 0
125 F -439.781559139 0
125 G -432.932355906 0
125 H -438.3474037 0
125 I -440.606458152 1
125 K -437.023946064 0
125 L -441.335746106 0
125 M -439.019119049 0
125 N -437.29774367 0
125 P -398.180845311 0
125 Q -438.121442503 0
125 R -437.00622896 0
125 S -436.060555478 0
125 T -436.588885829 0
125 V -439.333061356 0
125 W -439.228949494 0
125 Y -437.808856112 0
126 A -430.38139485 0
126 C -430.909143053 0
126 D -428.137604139 0
126 E -427.40214101 0
126 F -433.075789483 0
126 G -425.451118318 0
126 H -433.379225216 0
126 I -435.061002868 0
126 K -431.778730699 0
126 L -440.596863895 1
126 M -434.640425351 0
126 N -432.34047432 0
126 P -427.935417136 0
126 Q -432.181999438 0
126 R -430.264954012 0
126 S -430.95067862 0
126 T -432.719021106 0
126 V -433.068194859 0
126 W -430.907342478 0
126 Y -432.55810077 0
127 A -438.890252935 0
127 C -437.41788136 0
127 D -437.248819841 0
127 E -439.948592384 0
127 F -436.588851832 0
127 G -438.147932861 0
127 H -438.108934302 0
127 I -439.648446048 0
127 K -439.775488235 0
127 L -439.306934742 0
127 M -440.116941662 0
127 N -437.860767365 0
127 P -409.655247662 0
127 Q -438.619282459 0
127 R -440.583389348 1
127 S -438.670647002 0
127 T -438.13055742 0
127 V -439.512665731 0
127 W -436.555964089 0
127 Y -436.639437106 0
