1 A -435.990361478 0
1 C -434.576674631 0
1 D -437.457897456 0
1 E -437.422480149 0
1 F -436.454598988 0
1 G -436.380782129 0
1 H -437.234355804 0
1 I -435.980553792 0
1 K -437.41465427 0
1 L -437.67662993 0
1 M -436.172941305 0
1 N -436.101938393 0
1 P -440.44173191 1
1 Q -436.136645939 0
1 R -436.672889805 0
1 S -437.114307228 0
1 T -435.906162199 0
1 V -435.211569876 0
1 W -438.433863889 0
1 Y -436.731825096 0
2 A -440.447008225 1
2 C -440.447008225 1
2 D -440.447008225 1
2 E -440.447008225 1
2 F -440.447008225 1
2 G -440.447008225 1
2 H -440.447008225 1
2 I -440.447008225 1
2 K -440.447008225 1
2 L -440.447008225 1
2 M -440.447008225 1
2 N -440.447008225 1
2 P -440.447008225 1
2 Q -440.447008225 1
2 R -440.447008225 1
2 S -440.447008225 1
2 T -440.447008225 1
2 V -440.447008225 1
2 W -440.447008225 1
2 Y -440.447008225 1
3 A -439.55074133 0
3 C -437.996047237 0
3 D -435.361265182 0
3 E -438.594940748 0
3 F -438.457772302 0
3 G -436.548442767 0
3 H -437.463147335 0
3 I -433.468023794 0
3 K -438.563339877 0
3 L -439.209914607 0
3 M -438.982944323 0
3 N -434.46221035 0
3 P -362.26071837 0
3 Q -438.8066889 0
3 R -440.696078138 1
3 S -438.872605888 0
3 T -438.29556891 0
3 V -437.97266382 0
3 W -436.257925978 0
3 Y -437.87991932 0
4 A -437.534091179 0
4 C -432.693608583 0
4 D -434.643896839 0
4 E -437.17963539 0
4 F -436.103011785 0
4 G -432.397609675 0
4 H -437.23523674 0
4 I -436.875834729 0
4 K -435.877852804 0
4 L -440.470804369 1
4 M -437.174495673 0
4 N -435.90468581 0
4 P -390.587394614 0
4 Q -435.191550818 0
4 R -436.616456567 0
4 S -435.885692685 0
4 T -436.767675968 0
4 V -439.316949529 0
4 W -433.402994187 0
4 Y -433.858195681 0
5 A -435.486972288 0
5 C -435.623484262 0
5 D -435.633542015 0
5 E -439.134370222 0
5 F -434.577642451 0
5 G -432.444027474 0
5 H -437.34376882 0
5 I -433.984358102 0
5 K -437.628955672 0
5 L -438.301883529 0
5 M -439.267386399 0
5 N -436.47658747 0
5 P -430.836031493 0
5 Q -438.098416948 0
5 R -438.831939377 0
5 S -435.87653605 0
5 T -434.910676177 0
5 V -440.487078685 1
5 W -439.624270069 0
5 Y -438.852563419 0
6 A -433.442304819 0
6 C -432.370931332 0
6 D -425.026456321 0
6 E -432.49991653 0
6 F -421.176543265 0
6 G -428.685065187 0
6 H -426.236789689 0
6 I -440.526716569 1
6 K -428.293478643 0
6 L -438.657697361 0
6 M -433.516382896 0
6 N -431.582290746 0
6 P -382.08204453 0
6 Q -434.733017154 0
6 R -430.658391246 0
6 S -432.628060713 0
6 T -431.711382832 0
6 V -435.070534051 0
6 W -420.803085766 0
6 Y -417.256245185 0
7 A -435.720757991 0
7 C -435.389277875 0
7 D -432.217088212 0
7 E -431.42778406 0
7 F -441.121620904 0
7 G -432.709177454 0
7 H -440.53524011 0
7 I -439.766155657 0
7 K -439.200966943 0
7 L -439.576661898 0
7 M -435.513553656 0
7 N -437.634187668 0
7 P -415.185804622 0
7 Q -436.076231541 0
7 R -439.546396512 0
7 S -435.455110167 0
7 T -437.450724512 0
7 V -439.304941022 0
7 W -440.817222169 0
7 Y -440.506539856 1
8 A -438.339329127 0
8 C -436.915578645 0
8 D -432.058507544 0
8 E -420.365701844 0
8 F -422.285081233 0
8 G -431.894174728 0
8 H -424.321301429 0
8 I -427.429244694 0
8 K -410.540451144 0
8 L -432.811863553 0
8 M -425.265222879 0
8 N -435.270090214 0
8 P -401.43795504 0
8 Q -427.289717805 0
8 R -410.083148233 0
8 S -436.945857261 0
8 T -437.608410304 0
8 V -440.489449451 1
8 W -402.885604458 0
8 Y -418.852784362 0
9 A -433.973420747 0
9 C -434.115444148 0
9 D -441.701469311 0
9 E -434.939291612 0
9 F -433.99537909 0
9 G -437.64229203 0
9 H -436.240454899 0
9 I -433.236803421 0
9 K -437.109801306 0
9 L -435.204965337 0
9 M -433.783256705 0
9 N -440.457088394 1
9 P -415.352863951 0
9 Q -435.620728972 0
9 R -435.918336438 0
9 S -438.929767679 0
9 T -438.897127735 0
9 V -433.462199429 0
9 W -433.097221848 0
9 Y -436.22439326 0
10 A -429.760162891 0
10 C -428.355340322 0
10 D -440.472471625 1
10 E -434.447687088 0
10 F -430.090154445 0
10 G -429.260944817 0
10 H -433.795792352 0
10 I -428.818249378 0
10 K -430.004179891 0
10 L -429.730464278 0
10 M -430.523990442 0
10 N -432.875762656 0
10 P -421.922210721 0
10 Q -432.223491659 0
10 R -429.084475777 0
10 S -432.096593562 0
10 T -430.434824653 0
10 V -428.272874724 0
10 W -429.97284783 0
10 Y -428.903181087 0
11 A -441.207720365 0
11 C -439.424025056 0
11 D -442.906796434 0
11 E -442.735400287 0
11 F -441.956102019 0
11 G -440.478808682 1
11 H -443.390899968 0
11 I -438.719380254 0
11 K -442.671650702 0
11 L -443.099763891 0
11 M -441.11289229 0
11 N -443.025428299 0
11 P -412.760167782 0
11 Q -441.86604192 0
11 R -442.097297666 0
11 S -441.526160583 0
11 T -441.436677482 0
11 V -440.043710209 0
11 W -441.244930085 0
11 Y -442.223207523 0
12 A -437.238596291 0
12 C -436.856184053 0
12 D -437.763767616 0
12 E -437.839470644 0
12 F -437.776539921 0
12 G -435.184245789 0
12 H -437.162879864 0
12 I -423.740636545 0
12 K -437.989730023 0
12 L -438.756028117 0
12 M -437.150949079 0
12 N -440.543990203 1
12 P -384.307980883 0
12 Q -438.833311633 0
12 R -438.699820477 0
12 S -435.449830506 0
12 T -433.605742989 0
12 V -428.486791875 0
12 W -435.176879388 0
12 Y -436.224107113 0
13 A -436.406729075 0
13 C -436.262912364 0
13 D -434.9546726 0
13 E -438.62598422 0
13 F -438.122004172 0
13 G -433.339832302 0
13 H -438.212048274 0
13 I -436.572592247 0
13 K -437.898049757 0
13 L -438.569049941 0
13 M -436.896980828 0
13 N -436.303910591 0
13 P -410.417530118 0
13 Q -437.370238731 0
13 R -440.534966833 1
13 S -435.612908686 0
13 T -437.210122628 0
13 V -436.704047238 0
13 W -439.093748583 0
13 Y -438.459583525 0
14 A -430.977828715 0
14 C -431.789494806 0
14 D -430.648842626 0
14 E -431.352563914 0
14 F -440.536292856 1
14 G -428.444874158 0
14 H -434.767000076 0
14 I -432.707255932 0
14 K -427.255445087 0
14 L -434.602737373 0
14 M -435.823063277 0
14 N -432.343689707 0
14 P -430.896214524 0
14 Q -432.5927349 0
14 R -430.954893897 0
14 S -430.657580101 0
14 T -433.739686953 0
14 V -431.924791214 0
14 W -437.767742462 0
14 Y -434.695954557 0
15 A -435.437015797 0
15 C -435.358505807 0
15 D -440.487305616 1
15 E -436.274912922 0
15 F -436.090530417 0
15 G -434.885810767 0
15 H -436.411869078 0
15 I -436.496697021 0
15 K -435.876665747 0
15 L -436.769938864 0
15 M -437.027519845 0
15 N -439.870554107 0
15 P -408.472312803 0
15 Q -436.79544497 0
15 R -439.008812735 0
15 S -436.525789459 0
15 T -437.420818004 0
15 V -436.468579393 0
15 W -436.97305694 0
15 Y -437.535953679 0
16 A -439.428097529 0
16 C -438.566887483 0
16 D -438.795286194 0
16 E -438.454928722 0
16 F -432.745722417 0
16 G -436.171283529 0
16 H -440.027628686 0
16 I -439.311062011 0
16 K -440.512948329 0
16 L -438.038301788 0
16 M -438.695434868 0
16 N -438.243138334 0
16 P -394.169724678 0
16 Q -437.246100706 0
16 R -440.491241493 1
16 S -441.126232596 0
16 T -443.926694111 0
16 V -440.865922085 0
16 W -427.637895686 0
16 Y -439.944709798 0
17 A -435.645222052 0
17 C -434.250830711 0
17 D -439.565209712 0
17 E -437.590439421 0
17 F -431.907091605 0
17 G -435.230825713 0
17 H -437.26032838 1
17 I -437.346468283 0
17 K -437.637817459 0
17 L -437.479171931 0
17 M -437.102638931 0
17 N -438.518691257 0
17 P -426.890286518 0
17 Q -436.434588761 0
17 R -437.749132152 0
17 S -438.221650961 0
17 T -438.7821337 0
17 V -437.375557189 0
17 W -433.147378915 0
17 Y -436.769654127 0
18 A -439.268566479 0
18 C -439.457611379 0
18 D -437.920754654 0
18 E -441.157201989 0
18 F -439.1244594 0
18 G -436.461386954 0
18 H -440.351374625 0
18 I -441.046770258 0
18 K -440.403102767 0
18 L -443.60955789 0
18 M -441.684284183 0
18 N -439.516612822 0
18 P -400.1921983 0
18 Q -439.621559563 0
18 R -440.509620341 1
18 S -440.372854983 0
18 T -438.79466318 0
18 V -440.437847345 0
18 W -438.777794715 0
18 Y -438.205041886 0
19 A -429.855058495 0
19 C -430.393592631 0
19 D -427.686786171 0
19 E -432.48142139 0
19 F -434.587518985 0
19 G -424.586893452 0
19 H -433.3284334 0
19 I -440.464939502 1
19 K -423.299860913 0
19 L -435.598482852 0
19 M -434.438867111 0
19 N -430.008741071 0
19 P -385.85722736 0
19 Q -432.213739157 0
19 R -420.395578901 0
19 S -430.073072077 0
19 T -433.134918016 0
19 V -436.574240533 0
19 W -417.001662469 0
19 Y -431.590182366 0
20 A -434.504951526 0
20 C -434.603455288 0
20 D -435.350010921 0
20 E -438.954390469 0
20 F -438.325386341 0
20 G -431.216247895 0
20 H -436.454869311 0
20 I -440.468880239 1
20 K -435.38556804 0
20 L -440.081065604 0
20 M -437.556483793 0
20 N -437.26631021 0
20 P -426.002948472 0
20 Q -437.226911748 0
20 R -435.722767085 0
20 S -435.559377881 0
20 T -437.802326234 0
20 V -439.614059452 0
20 W -439.135129307 0
20 Y -439.024891756 0
21 A -429.182975557 0
21 C -430.766997802 0
21 D -430.784550894 0
21 E -431.74240276 0
21 F -426.874525808 0
21 G -420.348573502 0
21 H -429.033642416 0
21 I -437.517003633 0
21 K -418.91527359 0
21 L -438.311744153 0
21 M -434.010269823 0
21 N -429.944926762 0
21 P -393.058338488 0
21 Q -427.814896643 0
21 R -421.903581761 0
21 S -426.697558554 0
21 T -434.804620517 0
21 V -440.475845992 1
21 W -422.155007353 0
21 Y -427.824867634 0
22 A -433.208685313 0
22 C -431.941016067 0
22 D -440.45312971 1
22 E -436.705699801 0
22 F -433.130074021 0
22 G -430.635895189 0
22 H -433.937077497 0
22 I -434.999380041 0
22 K -432.714369087 0
22 L -434.864337544 0
22 M -434.180306965 0
22 N -435.204579719 0
22 P -433.185724156 0
22 Q -434.303708912 0
22 R -432.324643362 0
22 S -432.856200602 0
22 T -433.087868382 0
22 V -434.276889232 0
22 W -435.920641658 0
22 Y -433.316965309 0
23 A -441.567439473 0
23 C -440.753226831 0
23 D -439.320636505 0
23 E -441.581386134 0
23 F -440.734104456 0
23 G -439.835134677 0
23 H -441.670319835 0
23 I -442.584749295 0
23 K -441.409457692 0
23 L -443.928902143 0
23 M -440.821662967 0
23 N -440.07658933 0
23 P -398.347546671 0
23 Q -442.043071964 0
23 R -443.25599095 0
23 S -441.347456773 0
23 T -440.426950554 1
23 V -441.462365557 0
23 W -440.743476172 0
23 Y -441.1880771 0
24 A -435.411294724 0
24 C -434.498587818 0
24 D -435.541362078 0
24 E -435.672642551 0
24 F -433.635534788 0
24 G -434.989289671 0
24 H -436.29730526 0
24 I -434.477806732 0
24 K -437.771848329 0
24 L -435.772185396 0
24 M -435.056855059 0
24 N -436.504635984 0
24 P -417.775788828 0
24 Q -435.567760104 0
24 R -440.411807613 1
24 S -437.439603706 0
24 T -435.08036805 0
24 V -434.119373026 0
24 W -434.304814018 0
24 Y -433.145301812 0
25 A -440.453977092 1
25 C -440.453977092 1
25 D -440.453977092 1
25 E -440.453977092 1
25 F -440.453977092 1
25 G -440.453977092 1
25 H -440.453977092 1
25 I -440.453977092 1
25 K -440.453977092 1
25 L -440.453977092 1
25 M -440.453977092 1
25 N -440.453977092 1
25 P -440.453977092 1
25 Q -440.453977092 1
25 R -440.453977092 1
25 S -440.453977092 1
25 T -440.453977092 1
25 V -440.453977092 1
25 W -440.453977092 1
25 Y -440.453977092 1
26 A -438.836111616 0
26 C -436.576645685 0
26 D -440.809520916 0
26 E -440.881506089 0
26 F -437.150020498 0
26 G -438.070584001 0
26 H -439.3264551 0
26 I -438.897566667 0
26 K -440.440576671 0
26 L -440.400423985 1
26 M -438.92465978 0
26 N -439.259126204 0
26 P -436.465644645 0
26 Q -439.148444684 0
26 R -440.002225404 0
26 S -440.42510523 0
26 T -439.920680064 0
26 V -438.691577864 0
26 W -437.791917347 0
26 Y -437.537731775 0
27 A -440.653305005 0
27 C -438.459944027 0
27 D -437.560087769 0
27 E -440.203066664 0
27 F -441.228880777 0
27 G -437.215362075 0
27 H -441.036847657 0
27 I -437.96817002 0
27 K -440.303847622 0
27 L -440.552052024 0
27 M -440.118370529 0
27 N -439.389644376 0
27 P -409.81228299 0
27 Q -439.262119438 0
27 R -440.412117203 0
27 S -440.458588683 1
27 T -440.214305332 0
27 V -440.444280013 0
27 W -441.23236629 0
27 Y -441.343067833 0
28 A -430.191847905 0
28 C -426.08369678 0
28 D -429.935798761 0
28 E -427.366697189 0
28 F -440.468561276 1
28 G -424.573425945 0
28 H -435.953891263 0
28 I -428.192555167 0
28 K -423.749071556 0
28 L -430.815196528 0
28 M -429.063003825 0
28 N -430.774804936 0
28 P -389.445489975 0
28 Q -427.020255798 0
28 R -424.485508889 0
28 S -429.900809052 0
28 T -427.745100089 0
28 V -435.109193917 0
28 W -439.750185519 0
28 Y -437.889154941 0
29 A -434.629849477 0
29 C -434.994353467 0
29 D -432.425858977 0
29 E -437.687579043 0
29 F -434.406832647 0
29 G -430.46414098 0
29 H -433.870677695 0
29 I -437.403926029 0
29 K -435.760720596 0
29 L -440.46654946 1
29 M -437.847282959 0
29 N -431.314504209 0
29 P -399.417829168 0
29 Q -429.033046767 0
29 R -436.219554876 0
29 S -434.447361863 0
29 T -435.896965467 0
29 V -437.525360254 0
29 W -430.112722987 0
29 Y -430.002934896 0
30 A -432.235623245 0
30 C -433.449831888 0
30 D -432.716899015 0
30 E -431.399135285 0
30 F -436.486799395 0
30 G -425.47356265 0
30 H -434.14314399 0
30 I -438.460721699 0
30 K -421.933527607 0
30 L -440.453620567 1
30 M -434.990451024 0
30 N -434.385722872 0
30 P -404.796321003 0
30 Q -431.071299928 0
30 R -422.990647052 0
30 S -432.271003195 0
30 T -435.496515026 0
30 V -440.235037592 0
30 W -415.269267722 0
30 Y -434.26054451 0
31 A -433.942595811 0
31 C -433.748330075 0
31 D -431.704740054 0
31 E -435.105439587 0
31 F -435.213944934 0
31 G -427.291823692 0
31 H -434.914144998 0
31 I -440.475691012 1
31 K -432.70305677 0
31 L -436.348459912 0
31 M -435.984333384 0
31 N -435.465028201 0
31 P -400.725147217 0
31 Q -434.645848607 0
31 R -435.56063355 0
31 S -433.095441714 0
31 T -434.902362532 0
31 V -439.146535894 0
31 W -435.749901318 0
31 Y -434.914149391 0
32 A -427.605378673 0
32 C -424.97474312 0
32 D -428.859380492 0
32 E -429.200069989 0
32 F -421.342049527 0
32 G -420.8386307 0
32 H -432.397711421 0
32 I -434.082389893 0
32 K -417.000925522 0
32 L -440.456581916 1
32 M -435.256970409 0
32 N -428.306846094 0
32 P -399.154036874 0
32 Q -432.801828166 0
32 R -422.851523213 0
32 S -431.284258442 0
32 T -432.899556616 0
32 V -430.094819345 0
32 W -413.357287268 0
32 Y -418.581413744 0
33 A -435.27097023 0
33 C -435.120803697 0
33 D -429.588990096 0
33 E -437.042967017 0
33 F -433.774086769 0
33 G -433.956159425 0
33 H -435.292862992 0
33 I -437.910234041 0
33 K -437.651715247 0
33 L -440.451621533 1
33 M -436.969920387 0
33 N -434.996784843 0
33 P -401.772726769 0
33 Q -438.283095306 0
33 R -438.615668849 0
33 S -434.412879341 0
33 T -436.307428768 0
33 V -437.144405834 0
33 W -430.866860633 0
33 Y -434.72427842 0
34 A -435.516030533 0
34 C -436.663479052 0
34 D -437.12087549 0
34 E -427.559840337 0
34 F -435.6206314 0
34 G -422.118379213 0
34 H -440.489482306 1
34 I -437.354597632 0
34 K -428.159905336 0
34 L -435.224812046 0
34 M -429.328563566 0
34 N -440.64795746 0
34 P -388.323917295 0
34 Q -430.283884052 0
34 R -422.41066494 0
34 S -435.899777153 0
34 T -436.71556119 0
34 V -442.27401286 0
34 W -417.385365929 0
34 Y -429.721620869 0
35 A -437.681883815 0
35 C -436.400565498 0
35 D -440.456563072 1
35 E -439.41257639 0
35 F -432.70979944 0
35 G -437.405353197 0
35 H -439.870427924 0
35 I -437.36399409 0
35 K -439.193358539 0
35 L -439.750987978 0
35 M -438.578540998 0
35 N -440.11642382 0
35 P -440.675962045 0
35 Q -439.586193176 0
35 R -438.386614216 0
35 S -439.436618525 0
35 T -438.486870118 0
35 V -436.616792821 0
35 W -436.891388088 0
35 Y -437.82662045 0
36 A -424.26452811 0
36 C -416.050135707 0
36 D -417.115638961 0
36 E -410.735071865 0
36 F -417.873967547 0
36 G -440.437494416 1
36 H -417.113551419 0
36 I -407.06952465 0
36 K -406.009679599 0
36 L -417.231621097 0
36 M -417.778509222 0
36 N -417.699810502 0
36 P -397.34624164 0
36 Q -413.524298816 0
36 R -406.780178747 0
36 S -417.439009123 0
36 T -417.639328221 0
36 V -405.909198944 0
36 W -378.432865339 0
36 Y -416.306140291 0
37 A -437.768298237 0
37 C -438.112973745 0
37 D -439.597935577 0
37 E -440.178662423 0
37 F -442.131915186 0
37 G -437.589350249 0
37 H -440.40902008 0
37 I -440.093537066 0
37 K -440.717191768 0
37 L -440.465084133 1
37 M -438.31369201 0
37 N -439.792342392 0
37 P -427.32655633 0
37 Q -439.436603585 0
37 R -440.110275722 0
37 S -439.380486898 0
37 T -440.18455957 0
37 V -440.099857878 0
37 W -438.100856339 0
37 Y -441.679080109 0
38 A -440.940127577 0
38 C -440.169444233 0
38 D -439.500316842 0
38 E -440.956569857 0
38 F -440.650807113 0
38 G -439.188655973 0
38 H -441.799703765 0
38 I -439.03997093 0
38 K -441.531801049 0
38 L -442.035778292 0
38 M -442.83202633 0
38 N -440.865836886 0
38 P -417.793995933 0
38 Q -440.737815875 0
38 R -440.579982972 0
38 S -439.968204426 0
38 T -439.761395452 0
38 V -439.879790341 0
38 W -440.735311609 0
38 Y -440.602362645 1
39 A -437.77699235 0
39 C -436.172732258 0
39 D -438.272186021 0
39 E -437.978362963 0
39 F -435.238115222 0
39 G -437.700101507 0
39 H -437.593364733 0
39 I -433.970957312 0
39 K -437.606885244 0
39 L -437.977549667 0
39 M -436.781694317 0
39 N -437.420061423 0
39 P -442.086544588 0
39 Q -436.757005103 0
39 R -438.537949639 0
39 S -440.45342461 1
39 T -439.471446018 0
39 V -436.473241444 0
39 W -435.508971283 0
39 Y -435.216259025 0
40 A -438.93710045 0
40 C -436.352225433 0
40 D -435.473930973 0
40 E -439.048496476 0
40 F -435.922156754 0
40 G -436.416885912 0
40 H -438.342023384 0
40 I -440.591586334 1
40 K -443.417296904 0
40 L -440.635711059 0
40 M -439.661973664 0
40 N -437.645241634 0
40 P -437.741234051 0
40 Q -438.876547646 0
40 R -440.894785577 0
40 S -438.38580101 0
40 T -440.614038738 0
40 V -440.131117681 0
40 W -433.61595953 0
40 Y -437.004184058 0
41 A -437.240650903 0
41 C -434.77386331 0
41 D -438.384693132 0
41 E -440.583582681 1
41 F -436.362310972 0
41 G -435.771695169 0
41 H -439.821570275 0
41 I -434.240667772 0
41 K -437.727597259 0
41 L -433.813518937 0
41 M -435.826422667 0
41 N -436.926212834 0
41 P -421.037460926 0
41 Q -437.860685464 0
41 R -438.257058972 0
41 S -438.443801522 0
41 T -433.883072175 0
41 V -434.028668747 0
41 W -439.118151896 0
41 Y -436.110156772 0
42 A -438.648624255 0
42 C -437.1966659 0
42 D -438.222275371 0
42 E -439.00409824 0
42 F -439.67619757 0
42 G -435.550268383 0
42 H -439.417759923 0
42 I -441.52998658 0
42 K -440.553453223 0
42 L -440.589932331 1
42 M -438.485617376 0
42 N -438.974854908 0
42 P -395.120835146 0
42 Q -438.736614515 0
42 R -439.417248051 0
42 S -437.774479893 0
42 T -440.046006041 0
42 V -441.60093317 0
42 W -436.844324397 0
42 Y -439.976119933 0
43 A -439.668078288 0
43 C -435.786598836 0
43 D -429.495873889 0
43 E -429.222463486 0
43 F -440.755574531 0
43 G -433.927318299 0
43 H -435.98048474 0
43 I -432.169521052 0
43 K -437.509395401 0
43 L -437.619782749 0
43 M -436.889101237 0
43 N -439.520824473 0
43 P -362.742669109 0
43 Q -435.816574705 0
43 R -440.629412875 1
43 S -436.525681972 0
43 T -431.943017482 0
43 V -434.409168586 0
43 W -432.095853816 0
43 Y -439.850621992 0
44 A -433.631307033 0
44 C -415.887453354 0
44 D -410.025121964 0
44 E -404.634328574 0
44 F -380.761249482 0
44 G -440.617679716 1
44 H -378.672351939 0
44 I -386.279410456 0
44 K -396.37032169 0
44 L -399.477310414 0
44 M -408.145952497 0
44 N -412.71088322 0
44 P -422.389295437 0
44 Q -412.835160444 0
44 R -395.785192198 0
44 S -425.455196875 0
44 T -412.211098669 0
44 V -401.207299218 0
44 W -373.917282981 0
44 Y -371.682071492 0
45 A -431.672349032 0
45 C -429.384884413 0
45 D -427.39250476 0
45 E -428.399573571 0
45 F -441.483612938 0
45 G -429.439260897 0
45 H -439.581232074 0
45 I -434.666263529 0
45 K -428.567759511 0
45 L -433.985385282 0
45 M -438.45531992 0
45 N -438.904732614 0
45 P -388.589805181 0
45 Q -432.24030795 0
45 R -430.438227562 0
45 S -429.719114945 0
45 T -427.416922332 0
45 V -435.002748286 0
45 W -422.39566923 0
45 Y -440.635787422 1
46 A -434.244203752 0
46 C -434.6025593 0
46 D -435.125998849 0
46 E -430.251315763 0
46 F -418.335071192 0
46 G -431.070186582 0
46 H -422.838317215 0
46 I -428.249913761 0
46 K -425.404141477 0
46 L -435.367841194 0
46 M -431.38366329 0
46 N -440.555607695 1
46 P -410.541067229 0
46 Q -433.521917934 0
46 R -430.463980333 0
46 S -432.012714992 0
46 T -434.467710635 0
46 V -434.41089808 0
46 W -400.96542278 0
46 Y -411.931402714 0
47 A -428.724761071 0
47 C -428.163286666 0
47 D -427.408485355 0
47 E -428.099249746 0
47 F -432.381898176 0
47 G -422.655765584 0
47 H -433.611534124 0
47 I -430.529502514 0
47 K -415.548352241 0
47 L -434.189729588 0
47 M -425.313932301 0
47 N -431.195491141 0
47 P -393.425530744 0
47 Q -429.079589809 0
47 R -426.574869345 0
47 S -428.32132163 0
47 T -429.904391815 0
47 V -433.159517454 0
47 W -440.66376687 1
47 Y -431.764569934 0
48 A -431.703088445 0
48 C -433.20154577 0
48 D -428.235310313 0
48 E -426.396758089 0
48 F -417.360447623 0
48 G -425.546583845 0
48 H -426.28115565 0
48 I -435.602871694 0
48 K -424.202379943 0
48 L -432.808424604 0
48 M -430.484871442 0
48 N -431.678200889 0
48 P -374.586291318 0
48 Q -425.445077635 0
48 R -425.905648304 0
48 S -430.951163321 0
48 T -435.314906732 0
48 V -440.517089539 1
48 W -409.987708083 0
48 Y -412.884464962 0
49 A -429.838514839 0
49 C -430.13034015 0
49 D -423.403921795 0
49 E -429.533752626 0
49 F -433.575541775 0
49 G -424.833964219 0
49 H -428.148854505 0
49 I -431.922732614 0
49 K -419.93610633 0
49 L -440.826885476 1
49 M -435.183765459 0
49 N -430.681215132 0
49 P -391.926807561 0
49 Q -431.8459771 0
49 R -422.645800827 0
49 S -429.368381584 0
49 T -430.668239408 0
49 V -426.001280779 0
49 W -404.92626122 0
49 Y -429.719241298 0
50 A -439.881446456 0
50 C -436.314722261 0
50 D -429.279626356 0
50 E -418.159828512 0
50 F -393.849604619 0
50 G -439.158645635 0
50 H -405.287299883 0
50 I -409.073820439 0
50 K -402.392948124 0
50 L -422.085769485 0
50 M -418.562139008 0
50 N -425.332900373 0
50 P -397.805813319 0
50 Q -422.8553813 0
50 R -400.359418572 0
50 S -440.496153924 1
50 T -435.387681974 0
50 V -427.595986603 0
50 W -387.719518085 0
50 Y -389.951586442 0
51 A -438.86846538 0
51 C -437.85426371 0
51 D -438.571622839 0
51 E -440.086626279 1
51 F -438.032339266 0
51 G -437.576696036 0
51 H -437.978009239 0
51 I -435.904001395 0
51 K -439.505513111 0
51 L -439.955543876 0
51 M -439.233588801 0
51 N -437.930023496 0
51 P -436.38702796 0
51 Q -438.827843447 0
51 R -440.151723015 0
51 S -440.467417297 0
51 T -441.09250041 0
51 V -436.565454282 0
51 W -440.117627671 0
51 Y -437.997179696 0
52 A -440.137325835 1
52 C -435.939851953 0
52 D -434.06274513 0
52 E -437.299889421 0
52 F -436.513069394 0
52 G -436.946664262 0
52 H -437.47401753 0
52 I -430.118351778 0
52 K -437.255998247 0
52 L -427.975572992 0
52 M -437.489553866 0
52 N -435.465480291 0
52 P -384.489689665 0
52 Q -436.420947214 0
52 R -439.389514984 0
52 S -437.778595607 0
52 T -436.249270504 0
52 V -438.021239439 0
52 W -437.502016026 0
52 Y -436.244566757 0
53 A -438.740842148 0
53 C -435.495978549 0
53 D -439.697273685 0
53 E -440.479564741 1
53 F -437.841658299 0
53 G -436.62560947 0
53 H -440.380750639 0
53 I -438.381265409 0
53 K -439.00480712 0
53 L -438.741264144 0
53 M -437.88492458 0
53 N -438.267067691 0
53 P -430.12854154 0
53 Q -437.685887392 0
53 R -441.381400819 0
53 S -438.969347416 0
53 T -438.434984704 0
53 V -438.476549725 0
53 W -437.06758194 0
53 Y -439.048752606 0
54 A -441.047175544 0
54 C -438.201491066 0
54 D -442.005744358 0
54 E -439.174871606 0
54 F -440.145375879 1
54 G -437.295472444 0
54 H -440.542668337 0
54 I -434.809973658 0
54 K -438.592112436 0
54 L -441.946172767 0
54 M -439.136163436 0
54 N -442.251688941 0
54 P -417.334954329 0
54 Q -439.753685497 0
54 R -439.370533174 0
54 S -439.659934413 0
54 T -438.664020236 0
54 V -438.010309792 0
54 W -442.35291073 0
54 Y -440.051452111 0
55 A -434.83000889 0
55 C -432.996825237 0
55 D -427.852461727 0
55 E -433.13012809 0
55 F -435.684714234 0
55 G -430.756043015 0
55 H -434.795333272 0
55 I -436.75953978 0
55 K -433.644370253 0
55 L -438.266008253 0
55 M -437.182178105 0
55 N -434.913164681 0
55 P -385.049630861 0
55 Q -433.858771483 0
55 R -436.950167022 0
55 S -432.007105715 0
55 T -437.08468622 0
55 V -440.51561819 1
55 W -433.247966262 0
55 Y -437.193775917 0
56 A -438.341447113 0
56 C -435.197823331 0
56 D -439.928925866 0
56 E -440.520258713 1
56 F -437.709550275 0
56 G -437.041391518 0
56 H -438.831456461 0
56 I -439.890600199 0
56 K -439.804105777 0
56 L -439.756623736 0
56 M -439.924321337 0
56 N -438.442765413 0
56 P -424.769264867 0
56 Q -438.809562085 0
56 R -438.989301249 0
56 S -438.987471892 0
56 T -438.733050278 0
56 V -439.09088736 0
56 W -439.765524142 0
56 Y -437.488734108 0
57 A -439.782597428 0
57 C -437.001419487 0
57 D -440.879778644 0
57 E -441.730295166 0
57 F -438.287910246 0
57 G -437.598628805 0
57 H -439.215827358 0
57 I -441.763784777 0
57 K -440.238655596 0
57 L -442.796268448 0
57 M -441.002098148 0
57 N -439.198659253 0
57 P -421.809065861 0
57 Q -439.621793763 0
57 R -440.690495633 1
57 S -439.519074018 0
57 T -440.349568287 0
57 V -440.743524768 0
57 W -438.783837763 0
57 Y -438.058946601 0
58 A -434.531724475 0
58 C -434.297602929 0
58 D -430.37461799 0
58 E -429.064687531 0
58 F -417.581535241 0
58 G -431.501796665 0
58 H -432.203679446 0
58 I -440.196008555 1
58 K -424.668900122 0
58 L -434.640270828 0
58 M -431.218522232 0
58 N -433.51876914 0
58 P -377.309700484 0
58 Q -428.913751149 0
58 R -423.446706934 0
58 S -433.096504778 0
58 T -436.231750608 0
58 V -439.648756154 0
58 W -411.120840102 0
58 Y -424.085382495 0
59 A -437.784911317 0
59 C -437.534002299 0
59 D -434.557831102 0
59 E -435.336206679 0
59 F -431.917645543 0
59 G -434.169618509 0
59 H -430.190823802 0
59 I -438.812312481 0
59 K -436.613769285 0
59 L -440.59202371 1
59 M -433.808205255 0
59 N -437.868155706 0
59 P -378.373424552 0
59 Q -434.481002425 0
59 R -434.57223181 0
59 S -436.843770645 0
59 T -436.374947083 0
59 V -440.041528509 0
59 W -432.066028849 0
59 Y -430.830340492 0
60 A -438.361300736 0
60 C -435.383547471 0
60 D -439.634217121 0
60 E -441.265403279 0
60 F -438.819581142 0
60 G -437.085751475 0
60 H -441.092543137 0
60 I -440.601244959 1
60 K -439.810512011 0
60 L -440.195795879 0
60 M -438.54236372 0
60 N -438.193711564 0
60 P -386.038316028 0
60 Q -438.710846083 0
60 R -440.428340947 0
60 S -438.437764316 0
60 T -439.726519395 0
60 V -439.834387665 0
60 W -441.078936319 0
60 Y -437.879201469 0
61 A -438.674863291 0
61 C -435.983076983 0
61 D -439.532436052 0
61 E -439.894388822 0
61 F -438.564886513 0
61 G -436.189939427 0
61 H -438.306653104 0
61 I -436.743921008 0
61 K -438.482434396 0
61 L -440.739819486 1
61 M -440.159440748 0
61 N -438.601023908 0
61 P -381.389155464 0
61 Q -438.022514548 0
61 R -439.035423233 0
61 S -437.749371293 0
61 T -435.840644506 0
61 V -437.698731475 0
61 W -439.938045506 0
61 Y -436.666524214 0
62 A -430.74358658 0
62 C -422.361057754 0
62 D -419.367609607 0
62 E -405.446643414 0
62 F -409.163715199 0
62 G -440.694305796 1
62 H -411.594129418 0
62 I -385.707085324 0
62 K -402.010289826 0
62 L -401.84070679 0
62 M -396.613790523 0
62 N -417.856105475 0
62 P -354.558370618 0
62 Q -403.879313286 0
62 R -395.629730169 0
62 S -429.77037811 0
62 T -412.384247146 0
62 V -396.905871362 0
62 W -404.005541466 0
62 Y -403.168781803 0
63 A -437.745497945 0
63 C -435.784451545 0
63 D -436.726747998 0
63 E -438.482755657 0
63 F -440.571876627 1
63 G -435.933551628 0
63 H -438.481372076 0
63 I -438.359083674 0
63 K -438.044762008 0
63 L -437.882025228 0
63 M -437.802333257 0
63 N -437.146389128 0
63 P -380.664742178 0
63 Q -436.695185536 0
63 R -432.295351893 0
63 S -436.862512037 0
63 T -437.611976261 0
63 V -437.792687543 0
63 W -440.799582188 0
63 Y -437.858202123 0
64 A -438.876160369 0
64 C -437.373370389 0
64 D -439.207185706 0
64 E -439.947630264 0
64 F -437.763642998 0
64 G -437.885483026 0
64 H -439.071171483 0
64 I -436.853264237 0
64 K -440.343149368 0
64 L -440.751034431 0
64 M -438.398850193 0
64 N -439.670854144 0
64 P -395.75470242 0
64 Q -439.372194195 0
64 R -440.688228193 1
64 S -438.74688759 0
64 T -438.206236174 0
64 V -436.679192723 0
64 W -439.786898813 0
64 Y -437.520101933 0
65 A -440.263307053 1
65 C -436.276221441 0
65 D -430.001269255 0
65 E -433.567728022 0
65 F -431.271641299 0
65 G -436.568510259 0
65 H -432.758542796 0
65 I -430.71644765 0
65 K -429.731504291 0
65 L -429.533398039 0
65 M -433.683485031 0
65 N -435.743222404 0
65 P -373.683957409 0
65 Q -434.630067388 0
65 R -432.846956702 0
65 S -439.394113316 0
65 T -433.278850244 0
65 V -428.462250745 0
65 W -433.413078985 0
65 Y -430.503126328 0
66 A -423.9723423 0
66 C -423.281023751 0
66 D -429.423023594 0
66 E -425.414510621 0
66 F -423.21816693 0
66 G -440.647970635 1
66 H -424.851282618 0
66 I -419.5248485 0
66 K -424.903981039 0
66 L -424.66406356 0
66 M -424.106636143 0
66 N -425.926493097 0
66 P -366.716011023 0
66 Q -424.928871914 0
66 R -424.781344707 0
66 S -430.76339927 0
66 T -420.260103296 0
66 V -419.93496206 0
66 W -422.677362595 0
66 Y -422.600280235 0
67 A -436.386948213 0
67 C -432.721892866 0
67 D -436.310536437 0
67 E -437.540693822 0
67 F -437.5640115 0
67 G -434.544319352 0
67 H -437.183218043 0
67 I -438.483914086 0
67 K -436.051770325 0
67 L -440.586085383 1
67 M -438.11074126 0
67 N -435.223174557 0
67 P -435.50282007 0
67 Q -438.109043356 0
67 R -436.272096806 0
67 S -437.025836006 0
67 T -436.195250734 0
67 V -435.781972043 0
67 W -437.135450601 0
67 Y -438.612853211 0
68 A -438.287478162 0
68 C -436.911821217 0
68 D -439.982362222 0
68 E -441.831481246 0
68 F -436.142185093 0
68 G -438.017753198 0
68 H -440.20593265 0
68 I -438.028685846 0
68 K -439.328935571 0
68 L -439.112999815 0
68 M -438.368177577 0
68 N -438.960257816 0
68 P -434.67957498 0
68 Q -439.952104668 0
68 R -438.602136999 0
68 S -440.550460823 1
68 T -439.145764488 0
68 V -437.648657894 0
68 W -437.386305405 0
68 Y -436.060670239 0
69 A -438.632153048 0
69 C -437.295596529 0
69 D -436.780487604 0
69 E -437.629580147 0
69 F -438.173381781 0
69 G -436.968422321 0
69 H -439.351556461 0
69 I -434.899252308 0
69 K -438.685361951 0
69 L -437.844102898 0
69 M -438.406186366 0
69 N -441.917517851 0
69 P -396.365313737 0
69 Q -438.358604759 0
69 R -440.729179109 1
69 S -437.828117204 0
69 T -436.044842354 0
69 V -431.12674445 0
69 W -437.938239875 0
69 Y -438.048194124 0
70 A -437.444456637 0
70 C -436.274944378 0
70 D -440.69720429 1
70 E -439.590128252 0
70 F -437.631126373 0
70 G -437.66581837 0
70 H -441.339281657 0
70 I -422.824966304 0
70 K -437.313253034 0
70 L -438.434724755 0
70 M -437.040975887 0
70 N -440.312906138 0
70 P -387.845628039 0
70 Q -439.866540263 0
70 R -435.988284655 0
70 S -436.468659717 0
70 T -431.38343268 0
70 V -422.288900775 0
70 W -436.932601708 0
70 Y -437.192931403 0
71 A -431.937794274 0
71 C -431.438217709 0
71 D -433.197348965 0
71 E -430.242513769 0
71 F -440.31201301 1
71 G -428.598283979 0
71 H -437.328663223 0
71 I -397.22332537 0
71 K -429.645776643 0
71 L -430.533136343 0
71 M -433.407083232 0
71 N -435.321930005 0
71 P -389.667463229 0
71 Q -429.139853073 0
71 R -433.443951378 0
71 S -430.571809363 0
71 T -427.825555457 0
71 V -422.644472231 0
71 W -439.344953441 0
71 Y -440.07441171 0
72 A -435.259055477 0
72 C -435.695746065 0
72 D -433.154756442 0
72 E -436.700868392 0
72 F -434.471846197 0
72 G -432.429572099 0
72 H -435.229361003 0
72 I -439.240477465 0
72 K -437.058817427 0
72 L -440.694434206 1
72 M -439.156146072 0
72 N -435.716881342 0
72 P -377.074206634 0
72 Q -438.126565021 0
72 R -435.499408539 0
72 S -435.643494224 0
72 T -436.493645732 0
72 V -438.361751526 0
72 W -433.918455064 0
72 Y -434.254947435 0
73 A -436.549146586 0
73 C -435.943543149 0
73 D -435.304600624 0
73 E -437.245760636 0
73 F -437.812345788 0
73 G -432.276931661 0
73 H -440.554920187 1
73 I -434.683673915 0
73 K -438.379854729 0
73 L -439.194490732 0
73 M -439.187495963 0
73 N -436.272514961 0
73 P -435.011527295 0
73 Q -436.599296106 0
73 R -437.917844995 0
73 S -436.452788314 0
73 T -434.909784158 0
73 V -435.899598292 0
73 W -439.557453761 0
73 Y -437.817958239 0
74 A -436.153246355 0
74 C -433.772728555 0
74 D -438.319329697 0
74 E -437.735159119 0
74 F -433.92793553 0
74 G -434.223106219 0
74 H -436.00520784 0
74 I -436.495384846 0
74 K -438.985190697 0
74 L -437.324103214 0
74 M -435.417942084 0
74 N -435.595940353 0
74 P -440.559628502 1
74 Q -436.180462818 0
74 R -436.538516581 0
74 S -436.667657494 0
74 T -435.984342974 0
74 V -435.948638127 0
74 W -435.090366206 0
74 Y -433.080891321 0
75 A -436.928536157 0
75 C -435.327082045 0
75 D -440.571194051 1
75 E -438.372621557 0
75 F -436.716141214 0
75 G -436.777749182 0
75 H -439.3383912 0
75 I -422.063150634 0
75 K -439.397362652 0
75 L -437.507139669 0
75 M -436.797609448 0
75 N -440.253601419 0
75 P -404.837895301 0
75 Q -436.84794584 0
75 R -438.607489867 0
75 S -438.26411833 0
75 T -432.832271636 0
75 V -424.648056044 0
75 W -435.608917868 0
75 Y -436.820979503 0
76 A -434.134581713 0
76 C -435.671113862 0
76 D -440.151646398 1
76 E -436.568582455 0
76 F -433.850918711 0
76 G -431.166564282 0
76 H -434.239473402 0
76 I -436.10762076 0
76 K -431.072281205 0
76 L -439.857839071 0
76 M -435.355582415 0
76 N -439.715235312 0
76 P -428.523340444 0
76 Q -434.348719072 0
76 R -431.748725653 0
76 S -434.802980884 0
76 T -435.778328131 0
76 V -433.499362512 0
76 W -434.390756882 0
76 Y -432.806307626 0
77 A -438.90577825 0
77 C -437.893966491 0
77 D -439.362950456 0
77 E -440.967054467 0
77 F -436.146519453 0
77 G -438.313955317 0
77 H -441.753660912 0
77 I -439.26003764 0
77 K -441.348219017 0
77 L -439.447334754 0
77 M -439.340528579 0
77 N -438.963848107 0
77 P -439.687866247 0
77 Q -440.514416776 1
77 R -440.973704773 0
77 S -440.652279816 0
77 T -439.311266844 0
77 V -438.33725657 0
77 W -437.244252137 0
77 Y -436.360156324 0
78 A -438.060497601 0
78 C -438.592458653 0
78 D -438.303793233 0
78 E -438.215847996 0
78 F -440.57235569 1
78 G -435.647562683 0
78 H -440.709074682 0
78 I -429.589632281 0
78 K -435.465989476 0
78 L -441.39232242 0
78 M -438.547751799 0
78 N -439.043929473 0
78 P -410.492623641 0
78 Q -437.590099705 0
78 R -438.500294831 0
78 S -437.088438015 0
78 T -439.561332324 0
78 V -435.243191804 0
78 W -441.543339616 0
78 Y -440.013426135 0
79 A -433.643247211 0
79 C -434.650677265 0
79 D -432.6066178 0
79 E -432.832855672 0
79 F -428.506631547 0
79 G -429.84853996 0
79 H -429.164265695 0
79 I -440.920912577 0
79 K -430.877604972 0
79 L -434.558648489 0
79 M -434.556937782 0
79 N -434.106037225 0
79 P -394.63579196 0
79 Q -434.255841269 0
79 R -431.649315283 0
79 S -433.268349389 0
79 T -436.205418133 0
79 V -440.194633956 1
79 W -424.700362416 0
79 Y -425.577624171 0
80 A -432.532727774 0
80 C -431.450640695 0
80 D -432.525572123 0
80 E -432.579686476 0
80 F -434.355058613 0
80 G -429.170099491 0
80 H -433.961910035 0
80 I -440.492861485 1
80 K -434.760534505 0
80 L -437.770247667 0
80 M -433.007891177 0
80 N -432.9819631 0
80 P -402.967318955 0
80 Q -432.18650961 0
80 R -434.106670064 0
80 S -432.070512739 0
80 T -434.569782412 0
80 V -437.575926786 0
80 W -433.445382707 0
80 Y -432.800528227 0
81 A -440.486652544 1
81 C -435.037895938 0
81 D -427.696774342 0
81 E -415.980030895 0
81 F -426.642514752 0
81 G -433.235372321 0
81 H -417.181653557 0
81 I -429.11419596 0
81 K -424.432311983 0
81 L -423.951879752 0
81 M -410.611063976 0
81 N -430.46438252 0
81 P -377.066111671 0
81 Q -413.081103767 0
81 R -412.61606675 0
81 S -437.606026488 0
81 T -435.635929557 0
81 V -435.031168907 0
81 W -406.041906105 0
81 Y -418.481144593 0
82 A -441.198611959 0
82 C -438.681412081 0
82 D -436.45103769 0
82 E -438.009076309 0
82 F -442.189032475 0
82 G -436.65343181 0
82 H -442.826855397 0
82 I -432.652730283 0
82 K -438.688673791 0
82 L -437.822437407 0
82 M -437.487648248 0
82 N -439.880402293 0
82 P -412.64834933 0
82 Q -438.316605152 0
82 R -439.310044303 0
82 S -440.234505883 1
82 T -438.663929887 0
82 V -434.834340191 0
82 W -440.934906694 0
82 Y -441.200605653 0
83 A -428.417475781 0
83 C -432.772737088 0
83 D -426.608657967 0
83 E -425.830698327 0
83 F -422.854827238 0
83 G -430.837873312 0
83 H -422.318357376 0
83 I -427.389100829 0
83 K -417.457056906 0
83 L -433.755928479 0
83 M -429.428796665 0
83 N -432.351450154 0
83 P -398.592206636 0
83 Q -426.480614094 0
83 R -407.014720074 0
83 S -432.260731228 0
83 T -437.078809217 1
83 V -430.811899923 0
83 W -386.526249288 0
83 Y -415.006333356 0
84 A -437.582170258 0
84 C -436.251971031 0
84 D -436.204432026 0
84 E -437.261744459 0
84 F -435.992127331 0
84 G -437.599544928 0
84 H -438.69760957 0
84 I -434.391184681 0
84 K -438.621594922 0
84 L -438.174453495 0
84 M -437.804622581 0
84 N -437.283319662 0
84 P -424.849021636 0
84 Q -436.32851156 0
84 R -440.613840767 1
84 S -439.153909002 0
84 T -437.528908759 0
84 V -436.106346341 0
84 W -435.652588084 0
84 Y -435.124206232 0
85 A -431.214558581 0
85 C -431.984339894 0
85 D -430.619749304 0
85 E -430.447420706 0
85 F -427.624051372 0
85 G -427.1055517 0
85 H -429.792478829 0
85 I -431.259092609 0
85 K -420.995569596 0
85 L -440.619361177 1
85 M -437.63354235 0
85 N -431.980212002 0
85 P -418.958798437 0
85 Q -430.435471953 0
85 R -424.687011596 0
85 S -430.317369123 0
85 T -431.307747231 0
85 V -433.669593244 0
85 W -426.010836186 0
85 Y -424.603200097 0
86 A -434.326997325 0
86 C -435.371064557 0
86 D -430.815599225 0
86 E -432.311950749 0
86 F -426.73936481 0
86 G -432.388777331 0
86 H -431.070492732 0
86 I -443.49032474 0
86 K -434.447823005 0
86 L -440.489796027 1
86 M -438.242824686 0
86 N -434.329732234 0
86 P -396.64103028 0
86 Q -434.759891722 0
86 R -435.074638689 0
86 S -434.158963457 0
86 T -436.838104774 0
86 V -439.8043445 0
86 W -431.155735676 0
86 Y -410.296617746 0
87 A -429.022699703 0
87 C -427.91043752 0
87 D -428.363788682 0
87 E -430.524572119 0
87 F -426.670578883 0
87 G -440.491038604 1
87 H -426.897752682 0
87 I -405.987990771 0
87 K -428.023831551 0
87 L -424.545594991 0
87 M -426.461758604 0
87 N -426.379062801 0
87 P -421.706917207 0
87 Q -430.218262712 0
87 R -425.509937315 0
87 S -429.781356352 0
87 T -425.956563564 0
87 V -400.376740218 0
87 W -419.053051381 0
87 Y -426.660814913 0
88 A -440.460602785 1
88 C -434.672912707 0
88 D -428.792867871 0
88 E -429.956623519 0
88 F -431.852377773 0
88 G -437.087182527 0
88 H -431.932597483 0
88 I -409.675879675 0
88 K -437.9766153 0
88 L -423.65249159 0
88 M -434.276863834 0
88 N -432.562554622 0
88 P -424.974665935 0
88 Q -429.829350295 0
88 R -438.27812103 0
88 S -439.890783286 0
88 T -439.531235731 0
88 V -433.453210712 0
88 W -432.02097146 0
88 Y -432.941635661 0
89 A -434.051579082 0
89 C -431.992882552 0
89 D -436.388065186 0
89 E -435.219579586 0
89 F -437.94650454 0
89 G -440.453693897 1
89 H -437.732088222 0
89 I -421.348958084 0
89 K -436.996721271 0
89 L -435.925106971 0
89 M -435.109472388 0
89 N -437.919777814 0
89 P -384.313523912 0
89 Q -435.755987969 0
89 R -437.071360607 0
89 S -435.496799406 0
89 T -434.420632939 0
89 V -421.030013964 0
89 W -435.608514874 0
89 Y -436.562844917 0
90 A -436.713798674 0
90 C -436.167403111 0
90 D -438.760954476 0
90 E -439.415881246 0
90 F -436.676610966 0
90 G -433.920294412 0
90 H -439.011004018 0
90 I -432.166544125 0
90 K -437.254158838 0
90 L -437.994925703 0
90 M -436.812472377 0
90 N -436.466327016 0
90 P -366.526750833 0
90 Q -440.453006114 1
90 R -438.496982943 0
90 S -436.158388134 0
90 T -433.625104119 0
90 V -436.153563768 0
90 W -437.03160861 0
90 Y -436.364774175 0
91 A -434.448216925 0
91 C -433.819446561 0
91 D -432.428979243 0
91 E -440.45811451 1
91 F -433.083967655 0
91 G -432.113411563 0
91 H -433.516591829 0
91 I -436.743631538 0
91 K -436.014906961 0
91 L -436.323811103 0
91 M -435.213687117 0
91 N -432.7702906 0
91 P -411.883455132 0
91 Q -435.019389501 0
91 R -436.034096025 0
91 S -434.852670922 0
91 T -434.930471073 0
91 V -436.90765133 0
91 W -432.599534245 0
91 Y -432.676724558 0
92 A -435.354591928 0
92 C -427.450278074 0
92 D -440.482235763 1
92 E -435.14349195 0
92 F -431.961000717 0
92 G -432.464292229 0
92 H -434.265583295 0
92 I -429.991534709 0
92 K -430.934303052 0
92 L -423.798229005 0
92 M -433.279364258 0
92 N -428.742884564 0
92 P -391.854357678 0
92 Q -433.254080229 0
92 R -430.008615845 0
92 S -433.127717142 0
92 T -431.61812038 0
92 V -431.695021564 0
92 W -427.63365944 0
92 Y -431.41158361 0
93 A -436.182702069 0
93 C -434.177234412 0
93 D -432.854729425 0
93 E -432.724585335 0
93 F -435.430894355 0
93 G -432.704049924 0
93 H -435.451473417 0
93 I -436.092990712 0
93 K -436.699767986 0
93 L -434.941611395 0
93 M -436.401315785 0
93 N -434.212634276 0
93 P -408.893916515 0
93 Q -438.058042913 0
93 R -440.470935936 1
93 S -436.193018628 0
93 T -436.822626534 0
93 V -432.876172659 0
93 W -433.291462764 0
93 Y -432.324050315 0
94 A -434.260111077 0
94 C -434.172810592 0
94 D -431.346051014 0
94 E -432.041365841 0
94 F -427.498249943 0
94 G -427.044976115 0
94 H -431.865366838 0
94 I -437.801448827 0
94 K -431.849922639 0
94 L -433.366163604 0
94 M -434.097755538 0
94 N -433.800684239 0
94 P -399.2451897 0
94 Q -431.63080116 0
94 R -434.146038084 0
94 S -433.658028725 0
94 T -434.312175673 0
94 V -440.472924385 1
94 W -429.112422119 0
94 Y -433.414749463 0
95 A -436.574931299 0
95 C -436.011477016 0
95 D -434.713531397 0
95 E -440.74076394 0
95 F -434.358219363 0
95 G -432.815068722 0
95 H -437.158344921 0
95 I -439.382067095 0
95 K -437.931349954 0
95 L -440.443829973 1
95 M -439.073940725 0
95 N -435.990226614 0
95 P -425.960634971 0
95 Q -437.47177873 0
95 R -437.871086497 0
95 S -436.857966929 0
95 T -438.253225434 0
95 V -439.673050154 0
95 W -431.657368333 0
95 Y -437.942970645 0
96 A -430.329609667 0
96 C -428.551848366 0
96 D -427.0138405 0
96 E -429.12423679 0
96 F -440.459780173 1
96 G -426.902151036 0
96 H -434.785580367 0
96 I -430.675378669 0
96 K -426.454094831 0
96 L -434.615683705 0
96 M -433.635631246 0
96 N -429.277309319 0
96 P -393.275539537 0
96 Q -432.276870043 0
96 R -430.157408275 0
96 S -430.429374737 0
96 T -431.272689953 0
96 V -432.003733065 0
96 W -442.686128887 0
96 Y -436.925015276 0
97 A -439.642738016 0
97 C -436.412932747 0
97 D -439.91698516 0
97 E -440.451277999 0
97 F -437.593336521 0
97 G -437.898363072 0
97 H -438.479219367 0
97 I -435.651727321 0
97 K -439.197874218 0
97 L -440.109788033 0
97 M -439.217848316 0
97 N -438.87215059 0
97 P -439.409019605 0
97 Q -438.117722924 0
97 R -439.066387559 0
97 S -440.435907575 1
97 T -435.929146787 0
97 V -435.654739364 0
97 W -439.747861516 0
97 Y -437.534425633 0
98 A -437.586000947 0
98 C -438.63768967 0
98 D -433.968386568 0
98 E -432.342921287 0
98 F -427.74970212 0
98 G -434.619074678 0
98 H -428.574479906 0
98 I -437.37649468 0
98 K -432.23236342 0
98 L -437.495773985 0
98 M -433.488789925 0
98 N -438.9017509 0
98 P -385.979474646 0
98 Q -433.318588972 0
98 R -436.382087618 0
98 S -439.149450124 0
98 T -440.901295734 0
98 V -440.44435104 1
98 W -422.75880107 0
98 Y -413.033714789 0
99 A -438.372181492 0
99 C -436.200703679 0
99 D -439.52268269 0
99 E -439.684017407 0
99 F -437.223181382 0
99 G -438.003512571 0
99 H -437.801433894 0
99 I -436.341522443 0
99 K -439.040446456 0
99 L -438.701819946 0
99 M -437.857297882 0
99 N -438.46735212 0
99 P -421.127205224 0
99 Q -437.440241519 0
99 R -438.408479898 0
99 S -440.373836909 1
99 T -439.208712633 0
99 V -435.908267451 0
99 W -437.109046686 0
99 Y -437.145303371 0
100 A -438.243408227 0
100 C -437.234457735 0
100 D -438.528437202 0
100 E -438.354341325 0
100 F -436.603541362 0
100 G -436.774748762 0
100 H -438.293444438 0
100 I -437.751200476 0
100 K -440.545150555 0
100 L -440.451446557 1
100 M -439.587822514 0
100 N -438.546053412 0
100 P -403.290438412 0
100 Q -438.085842435 0
100 R -439.829685327 0
100 S -438.210122198 0
100 T -437.751282779 0
100 V -437.355198772 0
100 W -439.109635396 0
100 Y -436.469809696 0
101 A -427.620955269 0
101 C -428.16064347 0
101 D -428.187554074 0
101 E -428.958470807 0
101 F -431.585557442 0
101 G -423.806142325 0
101 H -429.119421352 0
101 I -433.224341073 0
101 K -424.426793972 0
101 L -440.491208325 1
101 M -435.773801693 0
101 N -429.151242854 0
101 P -392.199367642 0
101 Q -430.664897954 0
101 R -420.039696811 0
101 S -427.338468633 0
101 T -428.216657814 0
101 V -429.91715779 0
101 W -427.374400976 0
101 Y -423.88705248 0
102 A -438.201703284 0
102 C -436.895557157 0
102 D -437.65832968 0
102 E -439.858970055 0
102 F -439.329078665 0
102 G -436.196905395 0
102 H -439.291755367 0
102 I -438.658971262 0
102 K -440.441037818 1
102 L -440.05458904 0
102 M -438.989489806 0
102 N -437.931216554 0
102 P -417.178921115 0
102 Q -439.29573144 0
102 R -439.74474918 0
102 S -438.694043431 0
102 T -439.305633382 0
102 V -439.925360676 0
102 W -438.370459855 0
102 Y -439.61037972 0
103 A -436.301039913 0
103 C -435.819690108 0
103 D -435.608365968 0
103 E -438.450265437 0
103 F -436.875704024 0
103 G -434.958643755 0
103 H -440.851953768 0
103 I -437.541271684 0
103 K -438.998494485 0
103 L -440.448782342 1
103 M -438.281505988 0
103 N -436.679888838 0
103 P -438.486600827 0
103 Q -436.908569629 0
103 R -438.434234252 0
103 S -436.991627845 0
103 T -437.128332411 0
103 V -437.379690658 0
103 W -437.263925397 0
103 Y -436.678955868 0
104 A -432.230486198 0
104 C -431.046599331 0
104 D -434.792332163 0
104 E -433.446331859 0
104 F -433.956532414 0
104 G -440.439082047 1
104 H -435.039238022 0
104 I -418.801059806 0
104 K -434.985768984 0
104 L -433.161878541 0
104 M -432.239310777 0
104 N -435.928207474 0
104 P -367.344272077 0
104 Q -432.882950029 0
104 R -434.57403154 0
104 S -433.020721347 0
104 T -428.322956034 0
104 V -418.117525027 0
104 W -432.104449583 0
104 Y -432.203148653 0
105 A -435.407784789 0
105 C -434.557082729 0
105 D -432.917916354 0
105 E -435.461288182 0
105 F -437.714573785 0
105 G -431.124198821 0
105 H -437.643276855 0
105 I -440.140874466 0
105 K -437.151967078 0
105 L -437.877935655 0
105 M -436.442065456 0
105 N -434.91819117 0
105 P -383.358631705 0
105 Q -435.984438794 0
105 R -438.116925202 0
105 S -435.439324154 0
105 T -438.123842209 0
105 V -440.456111242 1
105 W -436.415380347 0
105 Y -437.801171379 0
106 A -435.875915886 0
106 C -435.903273968 0
106 D -435.762973637 0
106 E -440.526762687 0
106 F -435.226098446 0
106 G -433.738830787 0
106 H -435.413784862 0
106 I -439.654683152 0
106 K -437.930385221 0
106 L -440.346662545 1
106 M -438.296417454 0
106 N -436.394279161 0
106 P -434.736804358 0
106 Q -438.543478414 0
106 R -437.80490084 0
106 S -436.381276295 0
106 T -438.379397431 0
106 V -439.246693772 0
106 W -438.407271553 0
106 Y -435.285491021 0
107 A -428.916346666 0
107 C -428.974144865 0
107 D -427.360154134 0
107 E -426.952860264 0
107 F -438.741072097 0
107 G -424.912249485 0
107 H -434.202640072 0
107 I -432.109077678 0
107 K -429.527827568 0
107 L -433.744227319 0
107 M -431.392312154 0
107 N -431.026874395 0
107 P -404.186649351 0
107 Q -430.228976186 0
107 R -426.396421497 0
107 S -427.628685746 0
107 T -428.725517589 0
107 V -430.159295852 0
107 W -435.47609599 0
107 Y -440.404290013 1
108 A -434.641615264 0
108 C -435.691582062 0
108 D -432.232886456 0
108 E -437.753940486 0
108 F -437.786727738 0
108 G -430.34585304 0
108 H -437.974617546 0
108 I -439.396901223 0
108 K -437.563986838 0
108 L -437.941115213 0
108 M -438.509851525 0
108 N -434.690704919 0
108 P -396.467332989 0
108 Q -437.122548338 0
108 R -436.972864444 0
108 S -434.685941369 0
108 T -436.321208783 0
108 V -439.623544378 0
108 W -440.813141367 1
108 Y -433.540521637 0
109 A -424.231787689 0
109 C -429.744303942 0
109 D -424.909011431 0
109 E -428.095480652 0
109 F -440.830398406 1
109 G -419.982085614 0
109 H -432.192672797 0
109 I -435.34273829 0
109 K -425.890408336 0
109 L -434.558403278 0
109 M -427.85213161 0
109 N -422.287729673 0
109 P -397.69533563 0
109 Q -427.184130706 0
109 R -425.570923255 0
109 S -427.566958723 0
109 T -431.251593761 0
109 V -434.157832584 0
109 W -430.253298808 0
109 Y -439.900788305 0
110 A -427.990547215 0
110 C -428.171487924 0
110 D -424.026923022 0
110 E -425.08587316 0
110 F -440.682527656 1
110 G -425.198318781 0
110 H -433.401193953 0
110 I -427.101884649 0
110 K -423.92330923 0
110 L -428.616697634 0
110 M -433.179605483 0
110 N -428.691075874 0
110 P -376.143755644 0
110 Q -428.494172129 0
110 R -416.594887728 0
110 S -428.046954235 0
110 T -428.686816296 0
110 V -427.982779107 0
110 W -431.267482118 0
110 Y -439.982126977 0
111 A -437.505372571 0
111 C -437.52910398 0
111 D -436.35472683 0
111 E -418.660558754 0
111 F -388.564543257 0
111 G -432.654713276 0
111 H -411.253965713 0
111 I -424.996620985 0
111 K -407.252029281 0
111 L -423.435458035 0
111 M -405.089401106 0
111 N -433.009848417 0
111 P -393.917116291 0
111 Q -418.197604005 0
111 R -396.974060155 0
111 S -436.268829712 0
111 T -436.859252749 0
111 V -440.442329976 1
111 W -376.423055235 0
111 Y -393.939466468 0
112 A -435.655475994 0
112 C -435.605949554 0
112 D -430.972774742 0
112 E -428.899638618 0
112 F -413.036374014 0
112 G -431.919271042 0
112 H -420.67371729 0
112 I -430.011838648 0
112 K -416.786975676 0
112 L -422.422155782 0
112 M -432.105492467 0
112 N -433.261131352 0
112 P -427.715879392 0
112 Q -431.468900461 0
112 R -420.952352239 0
112 S -437.728312574 0
112 T -440.745156747 1
112 V -435.895809493 0
112 W -406.938216528 0
112 Y -406.76245037 0
113 A -433.95528411 0
113 C -432.177069692 0
113 D -430.371025302 0
113 E -430.813206334 0
113 F -440.575758965 1
113 G -429.866774192 0
113 H -437.367613626 0
113 I -424.660839204 0
113 K -431.683405618 0
113 L -432.206990587 0
113 M -432.074600546 0
113 N -432.065903114 0
113 P -410.278387256 0
113 Q -432.158255313 0
113 R -435.79508256 0
113 S -433.071788332 0
113 T -434.811449455 0
113 V -431.981001686 0
113 W -438.350594919 0
113 Y -439.799765361 0
114 A -434.446376059 0
114 C -434.26640724 0
114 D -434.56899105 0
114 E -436.118835666 0
114 F -435.777457882 0
114 G -432.013329874 0
114 H -436.03217441 0
114 I -436.968479146 0
114 K -436.668517965 0
114 L -436.829713521 0
114 M -435.247942209 0
114 N -434.958931195 0
114 P -440.417756021 1
114 Q -434.688396985 0
114 R -436.919053274 0
114 S -434.878594675 0
114 T -434.796475685 0
114 V -436.481183499 0
114 W -423.916502432 0
114 Y -435.562554847 0
115 A -433.275728042 0
115 C -429.647871926 0
115 D -435.651646669 0
115 E -434.090397473 0
115 F -434.751180359 0
115 G -440.648688925 1
115 H -435.674665494 0
115 I -420.190356182 0
115 K -435.486174893 0
115 L -434.454537208 0
115 M -431.943951355 0
115 N -436.893138614 0
115 P -389.866941413 0
115 Q -433.103577431 0
115 R -430.965071624 0
115 S -436.021994545 0
115 T -434.034548157 0
115 V -419.619036425 0
115 W -433.232043891 0
115 Y -433.76217438 0
116 A -433.035565501 0
116 C -431.853503494 0
116 D -435.409172896 0
116 E -430.170561321 0
116 F -440.598943307 1
116 G -429.102451307 0
116 H -438.251876639 0
116 I -435.540067704 0
116 K -434.427146725 0
116 L -436.254974249 0
116 M -437.108688485 0
116 N -437.53792206 0
116 P -362.869713581 0
116 Q -418.544742142 0
116 R -436.727885949 0
116 S -436.599684812 0
116 T -432.728745076 0
116 V -436.568472645 0
116 W -433.496321041 0
116 Y -437.339959137 0
117 A -440.470991434 0
117 C -437.847290863 0
117 D -440.448731375 1
117 E -437.381713079 0
117 F -435.265131797 0
117 G -439.493901031 0
117 H -441.967533859 0
117 I -430.709849738 0
117 K -438.26004692 0
117 L -431.574564104 0
117 M -430.557290269 0
117 N -439.316936663 0
117 P -426.730059239 0
117 Q -429.89612216 0
117 R -436.099217043 0
117 S -440.653293039 0
117 T -428.840992786 0
117 V -433.013276606 0
117 W -442.439456249 0
117 Y -431.468488779 0
118 A -437.819621739 0
118 C -435.029015847 0
118 D -436.890694413 0
118 E -438.582018246 0
118 F -435.227546769 0
118 G -436.036100747 0
118 H -436.907365469 0
118 I -436.777812954 0
118 K -438.132281862 0
118 L -438.315957062 0
118 M -436.712876325 0
118 N -437.159481464 0
118 P -416.44683593 0
118 Q -438.050750257 0
118 R -440.566855278 1
118 S -437.368834146 0
118 T -436.560788968 0
118 V -436.997907345 0
118 W -435.725375512 0
118 Y -435.366270414 0
119 A -438.970215331 0
119 C -437.652967645 0
119 D -441.098546582 0
119 E -440.390961578 0
119 F -440.903096808 0
119 G -437.405631294 0
119 H -441.108769493 0
119 I -440.644042228 1
119 K -441.684650609 0
119 L -441.983529074 0
119 M -440.661157115 0
119 N -440.070255744 0
119 P -407.456464947 0
119 Q -435.74282333 0
119 R -440.68586358 0
119 S -439.902669445 0
119 T -440.669787834 0
119 V -440.565214905 0
119 W -439.282458978 0
119 Y -441.128330776 0
120 A -436.699774687 0
120 C -436.331068427 0
120 D -432.542269915 0
120 E -432.768391887 0
120 F -389.139289853 0
120 G -430.476948757 0
120 H -432.460543823 0
120 I -428.224526655 0
120 K -422.280557652 0
120 L -433.264891379 0
120 M -440.686535642 1
120 N -436.124326774 0
120 P -358.683449675 0
120 Q -436.551960532 0
120 R -419.666588924 0
120 S -433.253483211 0
120 T -433.007146863 0
120 V -433.964276852 0
120 W -415.296406455 0
120 Y -380.31639224 0
121 A -435.157793412 0
121 C -433.282433228 0
121 D -428.376771036 0
121 E -432.295773246 0
121 F -438.250438745 0
121 G -431.748694081 0
121 H -436.18048418 0
121 I -433.592378003 0
121 K -435.245645668 0
121 L -435.253584736 0
121 M -435.199708211 0
121 N -435.912715629 0
121 P -394.249978206 0
121 Q -435.231833511 0
121 R -436.835675345 0
121 S -434.906191545 0
121 T -433.527088502 0
121 V -434.238406512 0
121 W -440.865751318 1
121 Y -438.064428054 0
122 A -424.211558307 0
122 C -400.680965325 0
122 D -396.14786919 0
122 E -388.013410306 0
122 F -401.252303836 0
122 G -440.540223638 1
122 H -399.917318208 0
122 I -386.435051254 0
122 K -392.813632303 0
122 L -402.962406134 0
122 M -403.128919446 0
122 N -399.257609494 0
122 P -340.228561276 0
122 Q -402.560235668 0
122 R -394.904770916 0
122 S -396.835828014 0
122 T -385.216320085 0
122 V -388.606010878 0
122 W -387.380641729 0
122 Y -398.158776346 0
123 A -435.482874778 0
123 C -431.579990224 0
123 D -435.179219911 0
123 E -437.822137682 0
123 F -437.294642525 0
123 G -433.554158529 0
123 H -437.672160368 0
123 I -437.063859665 0
123 K -437.943151311 0
123 L -440.481110825 1
123 M -437.547943366 0
123 N -432.934171925 0
123 P -418.833516634 0
123 Q -436.263745131 0
123 R -436.989211569 0
123 S -433.529028719 0
123 T -434.560686838 0
123 V -437.656341828 0
123 W -438.087529017 0
123 Y -436.319055557 0
124 A -427.836424793 0
124 C -431.577191486 0
124 D -429.866206067 0
124 E -434.113090135 0
124 F -431.865187142 0
124 G -426.044427099 0
124 H -430.429977701 0
124 I -432.182899378 0
124 K -426.494132784 0
124 L -440.443523024 1
124 M -438.515888504 0
124 N -432.216651204 0
124 P -389.695154527 0
124 Q -434.506143884 0
124 R -430.785564548 0
124 S -431.026242126 0
124 T -433.31691533 0
124 V -437.81790858 0
124 W -432.95119288 0
124 Y -433.995574482 0
125 A -436.386389736 0
125 C -435.55269779 0
125 D -437.166553526 0
125 E -440.679265338 0
125 F -441.986250842 0
125 G -432.308392614 0
125 H -440.072775213 0
125 I -440.757553686 1
125 K -438.435610057 0
125 L -440.825227693 0
125 M -438.965361522 0
125 N -436.417353718 0
125 P -398.231976061 0
125 Q -440.285827301 0
125 R -438.633496958 0
125 S -436.671513841 0
125 T -438.019150349 0
125 V -439.91392164 0
125 W -439.956658329 0
125 Y -441.172653674 0
126 A -430.767248711 0
126 C -429.325075279 0
126 D -428.424278635 0
126 E -428.853976338 0
126 F -435.106382585 0
126 G -427.261906145 0
126 H -435.501133958 0
126 I -436.169138566 0
126 K -434.822373033 0
126 L -440.452484687 1
126 M -435.297342306 0
126 N -430.783783601 0
126 P -428.253775119 0
126 Q -433.078559004 0
126 R -431.56988902 0
126 S -431.158902534 0
126 T -432.635489973 0
126 V -433.699218358 0
126 W -430.854390057 0
126 Y -434.383285907 0
127 A -440.058036276 0
127 C -438.59151574 0
127 D -438.551513009 0
127 E -441.133543744 0
127 F -437.762846431 0
127 G -439.278109625 0
127 H -439.289001507 0
127 I -440.799967977 0
127 K -440.950910254 0
127 L -440.436490381 1
127 M -441.235347463 0
127 N -439.02265003 0
127 P -412.335432505 0
127 Q -439.798051813 0
127 R -441.96301458 0
127 S -440.016749064 0
127 T -439.477661349 0
127 V -440.650427249 0
127 W -437.762920175 0
127 Y -437.803027772 0
